Date,Message
2025-12-31T21:00:00.000-03:00,"SEED=bar_index,close,ema3,sma3,ema5,sma5"
2025-12-31T21:00:00.000-03:00,"SEED=0,0.01213,na,na,na,na"
2025-12-31T22:00:00.000-03:00,"SEED=1,0.01213,na,na,na,na"
2025-12-31T23:00:00.000-03:00,"SEED=2,0.01222,0.01216,0.01216,na,na"
2026-01-01T00:00:00.000-03:00,"SEED=3,0.01222,0.01219,0.01219,na,na"
2026-01-01T01:00:00.000-03:00,"SEED=4,0.01231,0.01225,0.01225,0.012202,0.012202"
2026-01-01T02:00:00.000-03:00,"SEED=5,0.01227,0.01226,0.0122666667,0.0122246667,0.01223"
2026-01-01T03:00:00.000-03:00,"SEED=6,0.01217,0.012215,0.01225,0.0122064444,0.012238"
2026-01-01T04:00:00.000-03:00,"SEED=7,0.01249,0.0123525,0.01231,0.012300963,0.012292"
2026-01-01T05:00:00.000-03:00,"SEED=8,0.01254,0.01244625,0.0124,0.012380642,0.012356"
2026-01-01T06:00:00.000-03:00,"SEED=9,0.01249,0.012468125,0.0125066667,0.0124170947,0.012392"
2026-01-01T07:00:00.000-03:00,"SEED=10,0.01252,0.0124940625,0.0125166667,0.0124513964,0.012442"
2026-01-01T08:00:00.000-03:00,"SEED=11,0.01254,0.0125170313,0.0125166667,0.012480931,0.012516"
2026-03-31T05:00:00.000-03:00,"CSV=time,open,high,low,close,volume,bb_basis,bb_upper,bb_lower,bbw_as_written,bbw_textbook,dip,dim,adx,swing_high,roc,vol_ma,rel_vol,vwm,st_line,st_dir,ema_trend,atr"
2026-03-31T05:00:00.000-03:00,"CSV=1774944000000,0.005487,0.005487,0.005367,0.005441,19534858,0.00521674,0.0054778554,0.0049556246,4.7667457047,10.0106748214,19.6543968881,15.980953291,30.9046597296,0.005718,-1.4311594203,31101172,0.6281068122,0.5739898045,0.0052054871,-1,0.0054264223,0.0001323569"
2026-03-31T06:00:00.000-03:00,"CSV=1774947600000,0.00544,0.005457,0.005395,0.005407,11891763,0.00522772,0.0054850346,0.0049704054,4.6912119153,9.8442378916,19.0185108177,15.4639155184,29.5315774612,0.005718,-2.4007220217,29319747.6,0.4055888598,0.0580911672,0.0052054871,-1,0.005426229,0.0001253212"
2026-03-31T07:00:00.000-03:00,"CSV=1774951200000,0.005406,0.00544,0.005372,0.005396,9443877,0.00523812,0.0054914871,0.0049847529,4.6138150636,9.6739691742,18.3219303936,16.136362891,27.9856486858,0.005718,-1.5148749772,28294507.3,0.3337706821,-0.12981284,0.0052054871,-1,0.0054259282,0.0001195891"
2026-03-31T08:00:00.000-03:00,"CSV=1774954800000,0.005398,0.005417,0.00534,0.005369,14230589,0.00524896,0.0054960219,0.0050018981,4.4952850998,9.41374487,17.542407304,17.2179682067,26.1821627076,0.005718,-3.3657307415,25587143.2,0.5561616976,-0.710505401,0.0052054871,-1,0.0054253618,0.0001153302"
2026-03-31T09:00:00.000-03:00,"CSV=1774958400000,0.005373,0.005397,0.005292,0.005319,17185935,0.00525846,0.0054988088,0.0050181112,4.3709256673,9.1414158253,16.5157670234,18.8856679069,24.882976121,0.005718,-5.1364365971,23059661.6,0.7452813184,-1.7497003471,0.0052054871,-1,0.0054243035,0.0001142972"
2026-03-31T10:00:00.000-03:00,"CSV=1774962000000,0.005322,0.00535,0.005212,0.005258,28941735,0.00526676,0.0054996689,0.0050338511,4.2349617203,8.8444839503,15.2583222954,21.8614705407,24.41002791,0.005718,-6.8060971287,22282188.5,1.2988730887,-4.1132190312,0.0052054871,-1,0.0054226487,0.0001166675"
2026-03-31T11:00:00.000-03:00,"CSV=1774965600000,0.005256,0.005305,0.005192,0.005218,14440841,0.00527412,0.0054994334,0.0050488066,4.0970300138,8.544114983,14.3029382167,21.6008489537,24.1377792425,0.005718,-6.2522457779,19091417.9,0.7564048451,-4.3185556873,0.0052054871,-1,0.0054206124,0.0001163007"
2026-03-31T12:00:00.000-03:00,"CSV=1774969200000,0.005217,0.005252,0.005155,0.005178,13989191,0.00527984,0.0054989242,0.0050607558,3.9841286937,8.2988960876,13.5241189079,22.5016696241,24.1899132686,0.005718,-5.6830601093,16997425.8,0.8230182126,-4.4381244492,0.0055466119,1,0.0054181983,0.0001143706"
2026-03-31T13:00:00.000-03:00,"CSV=1774972800000,0.005179,0.00525,0.005112,0.005236,25345829,0.0052878,0.005497725,0.005077875,3.8183982089,7.9399763319,12.4876357591,23.1651962267,24.5738325289,0.005718,-4.2253521127,17139583.8,1.478789059,-5.0415511244,0.0055312007,1,0.0054163854,0.0001167336"
2026-03-31T14:00:00.000-03:00,"CSV=1774976400000,0.005236,0.005286,0.00521,0.005212,5490656,0.0052931,0.0054976298,0.0050885702,3.7203273615,7.7281678667,13.9967727103,22.1629408786,24.44115093,0.005718,-4.9945315348,16049527.4,0.3421070205,-3.9305888504,0.0055312007,1,0.0054143517,0.0001126602"
2026-03-31T15:00:00.000-03:00,"CSV=1774980000000,0.005216,0.005263,0.005209,0.005251,3989744,0.00529866,0.0054981286,0.0050991914,3.6279354497,7.5290188431,13.5504594295,21.5152838102,24.3260059113,0.005718,-3.4920051461,14495016,0.2752493685,-2.940783304,0.0055312007,1,0.0054127263,0.0001067942"
2026-03-31T16:00:00.000-03:00,"CSV=1774983600000,0.005253,0.005286,0.005242,0.005286,2025650,0.00530182,0.0054998059,0.0051038341,3.599871166,7.4686023963,14.5992052977,20.9325683275,23.8925725666,0.005718,-2.2378398372,13508404.7,0.1499547907,-2.0723804708,0.0055312007,1,0.0054114654,0.0001005148"
2026-03-31T17:00:00.000-03:00,"CSV=1774987200000,0.005286,0.005326,0.005263,0.005268,5407897,0.0053056,0.0055010841,0.0051101159,3.5535562235,7.3689730474,16.5496170018,20.0975358141,22.9451540329,0.005718,-2.3721275019,13104806.7,0.4126651483,-1.7078850963,0.0055312007,1,0.0054100379,0.0000967633"
2026-03-31T18:00:00.000-03:00,"CSV=1774990800000,0.005267,0.005277,0.005242,0.005251,2728645,0.00530956,0.0055018666,0.0051172534,3.4952982167,7.2437884416,16.1657615138,21.0230424201,22.2862196135,0.005718,-2.1978021978,11954612.3,0.2282503967,-1.3058064721,0.0055312007,1,0.0054084554,0.000090587"
2026-03-31T19:00:00.000-03:00,"CSV=1774994400000,0.005252,0.00529,0.00523,0.005255,7081648,0.0053133,0.0055026683,0.0051239317,3.4413912106,7.1280878086,16.3905334012,20.1640221693,21.4886647084,0.005718,-1.2032336905,10944183.6,0.6470695539,-1.1300629438,0.0055225848,1,0.0054069285,0.0000875283"
2026-03-31T20:00:00.000-03:00,"CSV=1774998000000,0.005247,0.005265,0.005228,0.005247,3492129,0.0053178,0.005502816,0.005132784,3.3622058112,6.9583662157,15.9596643639,19.7760524284,20.7680522707,0.005718,-0.2092050209,8399223,0.4157681014,-0.7823688873,0.0054939263,1,0.0054053371,0.0000824754"
2026-03-31T21:00:00.000-03:00,"CSV=1775001600000,0.005246,0.005265,0.005175,0.005197,14218402,0.00532028,0.0055028124,0.0051377476,3.317074957,6.8617596241,14.9363684803,22.2838748758,20.6995567129,0.005563,-0.4024530471,8376979.1,1.6973185477,-0.7492762654,0.0054696837,1,0.0054032641,0.0000832279"
2026-03-31T22:00:00.000-03:00,"CSV=1775005200000,0.005198,0.00525,0.005124,0.005145,10249732,0.00532144,0.0055026658,0.0051402142,3.2934190224,6.8111580186,13.6258797672,23.8800342295,21.1422596111,0.005532,-0.6373117034,8003033.2,1.2807309109,-0.771592443,0.0054495153,1,0.0054006944,0.0000875051"
2026-03-31T23:00:00.000-03:00,"CSV=1775008800000,0.005145,0.00516,0.005065,0.005085,16823824,0.00532226,0.0055023176,0.0051422024,3.2723962561,6.7662097052,12.7240396255,26.4100026763,22.0642432878,0.005498,-2.8838808251,7150832.7,2.3527083776,-2.7760384877,0.0053772638,1,0.0053975531,0.0000882546"
2026-04-01T00:00:00.000-03:00,"CSV=1775012400000,0.005083,0.005093,0.005022,0.005034,12961997,0.00532298,0.0055018073,0.0051441527,3.2503381988,6.7190688593,12.0836264369,28.1289751175,23.2533800532,0.005487,-3.4151957022,7897966.8,1.6411815,-3.7190109936,0.0053170874,1,0.0053939357,0.0000865291"
2026-04-01T01:00:00.000-03:00,"CSV=1775016000000,0.005033,0.005086,0.005007,0.005021,11605628,0.00532312,0.005501708,0.005144532,3.2460460995,6.7098986008,11.399623854,27.6115062225,24.4736260044,0.005457,-4.3801180727,8659555.2,1.3402106381,-4.4361009415,0.0053038287,1,0.0053902249,0.0000857762"
2026-04-01T02:00:00.000-03:00,"CSV=1775019600000,0.005022,0.005073,0.005011,0.00502,5896395,0.00532454,0.0055004092,0.0051486708,3.1973835771,6.6059858613,10.8816782481,26.3569684847,25.6125222254,0.00544,-5.0321604238,9046629.7,0.651778087,-4.0506845925,0.0052921958,1,0.005386541,0.0000833986"
2026-04-01T03:00:00.000-03:00,"CSV=1775023200000,0.005018,0.005058,0.004968,0.005005,15159186,0.00532514,0.0054998631,0.0051504169,3.1768626472,6.5621972889,10.1634710872,27.7707741749,26.9993757197,0.005417,-4.9924069856,10021758.6,1.5126273347,-5.2176734858,0.0052651762,1,0.0053827446,0.0000840587"
2026-04-01T04:00:00.000-03:00,"CSV=1775026800000,0.005006,0.005046,0.004991,0.005022,3990183,0.00532572,0.0054993845,0.0051520555,3.1578899143,6.5217288461,9.7424485214,26.6203677343,28.2937723143,0.005397,-4.3610740811,10147912.4,0.3932023497,-4.0500438491,0.0052619586,1,0.0053791551,0.0000811529"
2026-04-01T05:00:00.000-03:00,"CSV=1775030400000,0.005024,0.005152,0.005018,0.005097,12002374,0.00532752,0.0054983144,0.0051567256,3.1063048554,6.4117791168,16.5110280523,24.0226629308,27.6429761884,0.00535,-3.0066603235,10639985,1.1280442595,-3.8305778721,0.0052619586,1,0.0053763476,0.0000864376"
2026-04-01T06:00:00.000-03:00,"CSV=1775034000000,0.005093,0.005124,0.005074,0.005107,8122803,0.00532646,0.0054984511,0.0051544689,3.1279912922,6.4579878831,15.8910768533,23.1206670865,27.0355664709,0.005326,-2.6681913474,11103052.4,0.7315828754,-3.2043862807,0.0052619586,1,0.0053736675,0.0000827938"
2026-04-01T07:00:00.000-03:00,"CSV=1775037600000,0.005106,0.005205,0.005088,0.005174,14233428,0.00532524,0.0054980897,0.0051523903,3.1438139344,6.4917153196,20.4803202297,21.1314098645,25.3375072473,0.005326,-0.4425630171,11104555,1.2817648253,-2.3253447566,0.0052619586,1,0.0053716808,0.0000862144"
2026-04-01T08:00:00.000-03:00,"CSV=1775041200000,0.005178,0.005287,0.005172,0.005268,21434964,0.0053246,0.0054976012,0.0051515988,3.1468480735,6.498184129,24.7027870657,19.3758095791,24.4540187249,0.005326,2.3906705539,12223078.2,1.753646966,-0.1527657832,0.0050042101,-1,0.0053706491,0.000089093"
2026-04-01T09:00:00.000-03:00,"CSV=1775044800000,0.005273,0.005339,0.005199,0.005297,32318131,0.00532584,0.0054984162,0.0051532638,3.1386523777,6.4807117694,25.9190583677,17.4814278756,24.119839283,0.005339,4.1691248771,13772508.9,2.3465681696,3.1592013884,0.0050042101,-1,0.0053699163,0.0000941837"
2026-04-01T10:00:00.000-03:00,"CSV=1775048400000,0.005299,0.005337,0.005219,0.005221,15724057,0.0053231,0.0054962305,0.0051499695,3.1499861572,6.5048749756,23.8162566212,16.0631673606,23.8079384706,0.005339,3.7147397696,14048714.9,1.1192523382,3.4920446498,0.0050042101,-1,0.0053684345,0.0000965653"
2026-04-01T11:00:00.000-03:00,"CSV=1775052000000,0.005221,0.005251,0.005176,0.005241,11091944,0.0053223,0.0054957154,0.0051488846,3.155464881,6.5165574435,22.5693317453,18.2239098064,22.9308964728,0.005339,4.3815972914,13997346.5,0.7924319084,3.4854022678,0.0050042101,-1,0.0053671665,0.0000944088"
2026-04-01T12:00:00.000-03:00,"CSV=1775055600000,0.005239,0.005263,0.005192,0.005223,5533559,0.00531726,0.0054898241,0.0051446959,3.1433439646,6.4907133763,22.2835201754,17.3049481337,22.2405576248,0.005339,4.0438247012,13961062.9,0.3963565697,2.8578670075,0.0050042101,-1,0.005365732,0.0000920679"
2026-04-01T13:00:00.000-03:00,"CSV=1775059200000,0.00522,0.00538,0.005214,0.005361,19125996,0.00531344,0.0054828506,0.0051440294,3.0898278156,6.3766841931,27.6890724188,15.364161996,22.6663298965,0.00538,7.1128871129,14357743.9,1.3321031586,5.063611135,0.0050042101,-1,0.005365685,0.0000994611"
2026-04-01T14:00:00.000-03:00,"CSV=1775062800000,0.005363,0.005519,0.005355,0.005505,13109578,0.00531396,0.005483917,0.005144003,3.0991907278,6.3966250665,33.744879816,13.7337562471,23.965083758,0.005519,9.6176821983,15269683.4,0.8585363335,6.1281172938,0.005119255,-1,0.0053670712,0.000105915"
2026-04-01T15:00:00.000-03:00,"CSV=1775066400000,0.005501,0.005548,0.005413,0.005464,24722649,0.00531424,0.0054844323,0.0051440477,3.1031891804,6.4051420354,32.695348579,12.55838823,25.3339378496,0.005548,7.2003139101,16541710.9,1.494564205,7.6725220074,0.0051540295,-1,0.0053680356,0.0001088235"
2026-04-01T16:00:00.000-03:00,"CSV=1775070000000,0.005464,0.005499,0.005388,0.005411,10644388,0.00531226,0.0054807305,0.0051437895,3.0738696003,6.3427057031,30.4031337508,13.2569566004,26.2631399267,0.005548,5.9526140591,16793869.4,0.6338258174,6.3726548289,0.0051540295,-1,0.0053684632,0.0001090412"
2026-04-01T17:00:00.000-03:00,"CSV=1775073600000,0.005416,0.00548,0.005366,0.005478,8289069,0.00531308,0.005482254,0.005143906,3.0858470831,6.3682073057,28.2256338445,13.6896391774,26.8242286195,0.005548,5.8755315037,16199433.5,0.5116888192,5.2505844784,0.0051540295,-1,0.0053695531,0.000109537"
2026-04-01T18:00:00.000-03:00,"CSV=1775077200000,0.005476,0.005496,0.005403,0.005473,28654481,0.00531418,0.0054842093,0.0051441507,3.1003422229,6.3990777554,27.5763344174,12.8831418996,27.4570016955,0.005548,3.8914198937,16921385.2,1.6933886122,5.6969516967,0.0051540295,-1,0.0053705824,0.0001078833"
2026-04-01T19:00:00.000-03:00,"CSV=1775080800000,0.005474,0.005548,0.005469,0.00552,6503034,0.00531568,0.0054871812,0.0051441788,3.1254879773,6.4526528434,29.522706354,12.2275154143,28.3882273823,0.005548,4.2099301491,14339875.5,0.4534930586,4.4343591644,0.005193515,-1,0.0053720691,0.000104995"
2026-04-01T20:00:00.000-03:00,"CSV=1775084400000,0.005522,0.005592,0.005514,0.00553,9700574,0.00531688,0.0054896619,0.0051440981,3.1474051575,6.4993718809,30.896254892,11.6028736791,29.5221536849,0.005592,5.9184064355,13737527.2,0.7061368366,4.349307709,0.0052461135,-1,0.0053736406,0.0001022955"
2026-04-01T21:00:00.000-03:00,"CSV=1775088000000,0.005532,0.00564,0.005473,0.00564,9416490,0.00531928,0.0054956625,0.0051428975,3.2094864261,6.6318202221,30.6703397087,10.3857976027,30.8477997696,0.00564,7.6130509445,13569981.8,0.6939206064,4.6604894487,0.0052461135,-1,0.0053762909,0.000108766"
2026-04-01T22:00:00.000-03:00,"CSV=1775091600000,0.005636,0.005676,0.005466,0.005583,34676100,0.00532014,0.0054976975,0.0051425825,3.2296709626,6.6749198741,28.9952967157,9.0997743226,32.273011472,0.005676,6.8925904652,16484235.9,2.1035915896,7.9400580769,0.0052461135,-1,0.0053783477,0.0001188894"
2026-04-01T23:00:00.000-03:00,"CSV=1775095200000,0.005577,0.005623,0.005504,0.005508,16589606,0.00532072,0.005498842,0.005142598,3.2392635695,6.6954090863,26.967864153,8.4634925505,33.6032090609,0.005676,2.7420257415,16230596.9,1.0221192789,6.2275978425,0.0052461135,-1,0.0053796378,0.0001189004"
2026-04-02T00:00:00.000-03:00,"CSV=1775098800000,0.005508,0.00555,0.005446,0.005497,10352585,0.00531954,0.0054962896,0.0051427904,3.2157978944,6.6452950471,25.3106746179,11.3704552186,33.8965810956,0.005676,-0.1453224342,15954897.6,0.6488656499,4.1203003164,0.0052461135,-1,0.0053808056,0.0001174104"
2026-04-02T01:00:00.000-03:00,"CSV=1775102400000,0.005495,0.005512,0.005405,0.005415,5882170,0.0053157,0.0054881971,0.0051432029,3.1430558749,6.4900991939,23.7049248256,13.0800352636,33.5623948302,0.005676,-0.8967789165,14070849.7,0.4180394308,2.621903895,0.0052461135,-1,0.0053811458,0.0001163693"
2026-04-02T02:00:00.000-03:00,"CSV=1775106000000,0.00542,0.005561,0.005394,0.005514,11397912,0.00531314,0.00548168,0.0051446,3.0746042782,6.3442697453,24.2455313167,11.8254824769,33.6203828078,0.005676,1.9035298466,14146202.1,0.8057224066,2.259174813,0.0052461135,-1,0.0053824678,0.0001214324"
2026-04-02T03:00:00.000-03:00,"CSV=1775109600000,0.005509,0.005523,0.005435,0.005459,4360440,0.005311,0.0054769755,0.0051450245,3.0304232536,6.2502557095,23.0000472469,11.2180117702,33.6745049202,0.005676,-0.3468419131,13753339.2,0.3170459142,1.4694616049,0.0052461135,-1,0.0053832293,0.0001180892"
2026-04-02T04:00:00.000-03:00,"CSV=1775113200000,0.00546,0.005568,0.005445,0.005547,9428749,0.00531214,0.0054795308,0.0051447492,3.054838224,6.3021984142,23.9705007766,10.4166644163,34.0572308035,0.005676,1.3520920884,11830766,0.7969685987,1.3388327156,0.0052461135,-1,0.0053848588,0.0001185803"
2026-04-02T05:00:00.000-03:00,"CSV=1775116800000,0.005537,0.00576,0.005536,0.005701,31972077,0.00531682,0.0054915838,0.0051420562,3.1823934839,6.5739974337,31.5237603161,9.1423698463,35.4558775606,0.00576,3.2789855072,14377670.3,2.2237314066,3.3230828285,0.0052606333,-1,0.0053880045,0.0001291222"
2026-04-02T06:00:00.000-03:00,"CSV=1775120400000,0.005697,0.005834,0.005617,0.005727,66550172,0.00532164,0.0055041548,0.0051391252,3.3159468581,6.8593459838,31.8141768342,8.1123138333,37.049735873,0.005834,3.5623869801,20062630.1,3.3171210189,6.1543447954,0.00531177,-1,0.0053913776,0.00013791"
2026-04-02T07:00:00.000-03:00,"CSV=1775124000000,0.005734,0.005748,0.00562,0.005722,25795526,0.00532726,0.0055175254,0.0051369946,3.448382395,7.1430856997,29.699406156,7.5730673359,38.5373369646,0.005834,1.4539007092,21700533.7,1.1887046815,4.6789827234,0.00531177,-1,0.0053946674,0.000136919"
2026-04-02T08:00:00.000-03:00,"CSV=1775127600000,0.005725,0.005761,0.005605,0.005698,22396296,0.00533308,0.0055300288,0.0051361312,3.5614427406,7.3859311915,27.3273852073,7.7361823607,39.6930736419,0.005834,2.0598244671,20472553.3,1.0939669162,3.8704484224,0.00531177,-1,0.0053976856,0.0001388271"
2026-04-02T09:00:00.000-03:00,"CSV=1775131200000,0.005691,0.005883,0.005635,0.005873,19090266,0.00534262,0.0055534491,0.0051317909,3.7963634911,7.8923492477,29.9458135194,6.8097903478,41.24323985,0.005883,6.626724764,20722619.3,0.9212284279,4.6152080271,0.00531177,-1,0.0054024151,0.0001497444"
2026-04-02T10:00:00.000-03:00,"CSV=1775134800000,0.005873,0.005906,0.005668,0.005711,50362069,0.00534946,0.0055664906,0.0051324294,3.8988768909,8.1141130609,27.7223140138,6.0632365409,42.7675249751,0.005906,3.8930325632,24723567.7,2.0370065361,5.7201829435,0.00531177,-1,0.0054054856,0.00015857"
2026-04-02T11:00:00.000-03:00,"CSV=1775138400000,0.005708,0.005774,0.005675,0.005761,15287266,0.0053583,0.0055827836,0.0051338164,4.0209978248,8.3789114988,26.4309133517,5.7807901448,44.1901910918,0.005906,6.3896583564,25664077.3,0.5956678598,5.0821600018,0.00531177,-1,0.0054090231,0.000152613"
2026-04-02T12:00:00.000-03:00,"CSV=1775142000000,0.005762,0.005766,0.005654,0.005676,20352803,0.00536666,0.0055950029,0.0051383171,4.0811930102,8.5096825916,25.0182628479,6.4739542664,45.1698696884,0.005906,2.9379760609,26559566.4,0.7663078039,4.1385713289,0.00531177,-1,0.0054116796,0.0001485517"
2026-04-02T13:00:00.000-03:00,"CSV=1775145600000,0.005678,0.005844,0.005644,0.005827,19635475,0.00537884,0.0056150356,0.0051426444,4.2064849285,8.7824001976,26.3153691975,5.8733559935,46.3923283694,0.005906,6.7411613849,28087069.9,0.6990930371,4.3299472147,0.00531177,-1,0.0054158121,0.0001536965"
2026-04-02T14:00:00.000-03:00,"CSV=1775149200000,0.005831,0.005843,0.005735,0.005735,7618238,0.00538998,0.0056295516,0.0051504084,4.2556067195,8.8895162917,24.9748462335,5.574163209,47.533289805,0.005906,3.3892193979,27906018.8,0.2729962326,3.1950461855,0.0053416195,-1,0.0054189881,0.0001491268"
2026-04-02T15:00:00.000-03:00,"CSV=1775152800000,0.005739,0.005852,0.005739,0.005832,5231314,0.0054019,0.0056482451,0.0051555549,4.3614443093,9.1206820885,24.010019394,5.2629761539,48.6338776428,0.005906,2.2978424838,25231942.5,0.2073290235,2.2888339365,0.0053577575,-1,0.0054230977,0.0001459142"
2026-04-02T16:00:00.000-03:00,"CSV=1775156400000,0.005832,0.005832,0.005691,0.005745,7752154,0.00541256,0.00566197,0.00516315,4.4050045315,9.2159730954,22.3956532152,7.1980339748,48.8152365065,0.005906,0.314300681,19352140.7,0.4005837969,1.567857211,0.0053577575,-1,0.0054263007,0.0001454227"
2026-04-02T17:00:00.000-03:00,"CSV=1775160000000,0.005748,0.005893,0.00573,0.005864,12939071,0.00542482,0.0056809625,0.0051686775,4.5087872626,9.4433553275,23.5509454101,6.6446655427,49.2935004877,0.005906,2.4816497728,18066495.2,0.7161915389,1.637683664,0.0053699586,-1,0.0054306559,0.0001471805"
2026-04-02T18:00:00.000-03:00,"CSV=1775163600000,0.005863,0.005905,0.005585,0.005649,24980351,0.00543208,0.005689327,0.005174833,4.5215708791,9.4713977192,20.2727245784,12.0271119043,47.7091565785,0.005906,-0.85995086,18324900.7,1.3631916161,0.7010298418,0.0053699586,-1,0.0054328285,0.0001644624"
2026-04-02T19:00:00.000-03:00,"CSV=1775167200000,0.005638,0.0057,0.005637,0.005687,4867366,0.00544046,0.0056990466,0.0051818734,4.5373652618,9.5060549592,19.6944585235,11.6840464951,46.2304355966,0.005906,-3.1670355866,16902610.7,0.2879653378,0.1633544037,0.0053699586,-1,0.0054353575,0.0001543162"
2026-04-02T20:00:00.000-03:00,"CSV=1775170800000,0.005687,0.005742,0.005681,0.005725,5765962,0.00544994,0.0057100909,0.0051897891,4.5559854455,9.5469275192,21.107312627,11.3482343613,45.1530106325,0.005906,0.245140956,12443000,0.4633900185,0.1467682265,0.0053699586,-1,0.0054382396,0.0001449846"
2026-04-02T21:00:00.000-03:00,"CSV=1775174400000,0.005728,0.005825,0.005647,0.005737,14300855,0.00545958,0.0057212546,0.0051979054,4.5737278208,9.5858880711,23.2115736934,10.4125811796,44.6804682553,0.005906,-0.4165943413,12344358.9,1.1584931316,-0.06302841,0.0053699586,-1,0.0054412123,0.0001482861"
2026-04-02T22:00:00.000-03:00,"CSV=1775178000000,0.00574,0.005862,0.005736,0.005815,8275259,0.00547094,0.0057354532,0.0052064268,4.6118965824,9.6697521329,23.5737175067,9.7997838482,44.4532414688,0.005906,2.4489076815,11136604.5,0.7430684101,0.5645497058,0.0053699586,-1,0.0054449316,0.0001460575"
2026-04-02T23:00:00.000-03:00,"CSV=1775181600000,0.005813,0.006038,0.005808,0.00598,30027170,0.0054866,0.0057575317,0.0052156683,4.7056910544,9.8761218933,29.0390240207,8.7882479898,45.0586825136,0.006038,2.6257079114,12175774,2.4661405509,2.5348213889,0.0054596448,-1,0.0054502556,0.0001544517"
2026-04-03T00:00:00.000-03:00,"CSV=1775185200000,0.005986,0.006025,0.005919,0.005992,13130683,0.00550354,0.0057790246,0.0052280554,4.7669741042,10.0111784948,27.6307143797,8.3620430884,45.623760822,0.006038,4.481255449,12727018.5,1.03171713,3.2310102628,0.0055231803,-1,0.0054556461,0.0001496066"
2026-04-03T01:00:00.000-03:00,"CSV=1775188800000,0.005995,0.006072,0.005978,0.005998,14377969,0.0055218,0.005799189,0.005244411,4.7832372815,10.0470487442,28.6160610514,7.9937027012,46.3375243824,0.006072,2.8463648834,13641684,1.0539731752,3.1540042531,0.0055928623,-1,0.0054610427,0.0001440459"
2026-04-03T02:00:00.000-03:00,"CSV=1775192400000,0.006,0.006242,0.005985,0.006031,35986218,0.00554174,0.0058191814,0.0052642986,4.7677056037,10.0127916354,32.905471908,7.0801233849,47.5541314299,0.006242,4.9782419495,16465090.4,2.1856070708,5.7294964371,0.005647476,-1,0.0054667139,0.0001553413"
2026-04-03T03:00:00.000-03:00,"CSV=1775196000000,0.00604,0.006041,0.005903,0.005928,22720355,0.00555988,0.0058322864,0.0052874736,4.6706616289,9.799001459,30.8753621745,10.3092605236,47.7129466996,0.006242,1.0914051842,17443218.8,1.3025322482,4.2935277742,0.005647476,-1,0.0054713038,0.0001536072"
2026-04-03T04:00:00.000-03:00,"CSV=1775199600000,0.005934,0.005971,0.005839,0.005924,22211874,0.00557796,0.0058438558,0.0053120642,4.5500068531,9.5338023672,29.0392673232,12.5794849214,47.1686807153,0.006242,4.868118251,17166371.1,1.2939178508,4.9620002178,0.005647476,-1,0.0054758083,0.0001514465"
2026-04-03T05:00:00.000-03:00,"CSV=1775203200000,0.005927,0.005988,0.005919,0.005985,9801102,0.00559756,0.005856528,0.005338592,4.4218684796,9.2528874739,28.8973936787,12.1740180497,46.7386220568,0.006242,5.2400211008,17659744.7,0.5549968115,4.2773984795,0.005647476,-1,0.0054808748,0.0001432018"
2026-04-03T06:00:00.000-03:00,"CSV=1775206800000,0.005987,0.006051,0.005945,0.006,5659445,0.00561712,0.0058687061,0.0053655339,4.2869098152,8.9578338908,30.4358401491,11.5606853811,46.6190181027,0.006242,4.8034934498,17649093,0.3206649203,3.3650362677,0.005647476,-1,0.0054860403,0.0001394816"
2026-04-03T07:00:00.000-03:00,"CSV=1775210400000,0.006,0.006004,0.005949,0.005952,3263655,0.00563422,0.0058788331,0.0053896069,4.1609125746,8.6831222758,29.6066177953,11.2457153098,46.5073877456,0.006242,3.747603277,16545373,0.1972548458,2.4897684807,0.005647476,-1,0.0054906767,0.0001310335"
2026-04-03T08:00:00.000-03:00,"CSV=1775214000000,0.005951,0.005994,0.005801,0.005851,18798761,0.0056491,0.0058836097,0.0054145903,3.985813704,8.3025516494,26.8556861321,17.3259801865,44.844853058,0.006242,0.6190885641,17597723.2,1.0682496131,1.8802926935,0.005647476,-1,0.005494262,0.0001372301"
2026-04-03T09:00:00.000-03:00,"CSV=1775217600000,0.005855,0.005863,0.005682,0.005736,16939339,0.00566034,0.0058850734,0.0054356066,3.8187018553,7.9406328029,24.5624577181,21.4605919511,42.3045168053,0.006242,-4.0802675585,16288940.1,1.0399288656,-0.1608675422,0.005647476,-1,0.0054966673,0.0001416071"
2026-04-03T10:00:00.000-03:00,"CSV=1775221200000,0.005733,0.005882,0.005727,0.005858,6201019,0.00567214,0.0058913856,0.0054528944,3.7214609749,7.7306137227,23.668475853,19.9013618692,40.0606257553,0.006242,-2.2363150868,15595973.7,0.397603838,-0.4036341819,0.005647476,-1,0.0055002627,0.0001429464"
2026-04-03T11:00:00.000-03:00,"CSV=1775224800000,0.005855,0.006008,0.005842,0.005956,13202812,0.00568532,0.005901403,0.005469237,3.6615528241,7.601436252,27.6881809885,18.3698715995,38.7386948188,0.006242,-0.7002334111,15478458,0.8529797994,-0.4681844395,0.005647476,-1,0.0055047974,0.0001452518"
2026-04-03T12:00:00.000-03:00,"CSV=1775228400000,0.005955,0.006023,0.005887,0.005974,7946951,0.00570038,0.0059097121,0.0054910479,3.5421703745,7.3444952851,26.6340849835,17.2075043198,37.58954566,0.006242,-0.945116896,12674531.3,0.6270015681,-0.5096528849,0.005647476,-1,0.0055094661,0.0001443266"
2026-04-03T13:00:00.000-03:00,"CSV=1775232000000,0.005977,0.006024,0.005911,0.005982,15423723,0.0057152,0.0059176003,0.0055127997,3.4203103674,7.0828771152,25.2609825625,16.2898940337,36.5229500795,0.006242,0.9109311741,11944868.1,1.2912426383,0.0523091342,0.005647476,-1,0.0055141679,0.0001411939"
2026-04-03T14:00:00.000-03:00,"CSV=1775235600000,0.005982,0.006172,0.005981,0.006128,13354775,0.0057333,0.0059312928,0.0055353072,3.3381045357,6.9067640763,29.8604431997,14.8552670459,36.3252089322,0.006242,3.4436191762,11059158.2,1.2075760884,1.4210168144,0.005647476,-1,0.0055202757,0.0001461745"
2026-04-03T15:00:00.000-03:00,"CSV=1775239200000,0.006126,0.006149,0.00605,0.006123,8661642,0.00574854,0.0059466159,0.0055504641,3.3309006291,6.8913451159,28.4681061968,14.1625935361,36.1406505281,0.006242,2.305764411,10945212.2,0.7913635516,1.5555771808,0.0056751288,-1,0.0055262729,0.0001414571"
2026-04-03T16:00:00.000-03:00,"CSV=1775242800000,0.006123,0.006123,0.00604,0.006085,5989209,0.00576014,0.0059605829,0.0055596971,3.3628071882,6.9596541256,27.3236657433,14.0775929479,35.8642319719,0.006242,1.4166666667,10978188.6,0.5455553023,1.294674791,0.0056751288,-1,0.0055318324,0.0001356114"
2026-04-03T17:00:00.000-03:00,"CSV=1775246400000,0.00609,0.006104,0.00596,0.006017,6405718,0.0057712,0.0059702492,0.0055721508,3.3340189351,6.8980191343,25.4238008219,16.9616322605,34.8042700949,0.006242,1.0920698925,11292394.9,0.5672594748,1.0696121919,0.0056751288,-1,0.00553666,0.0001364502"
2026-04-03T18:00:00.000-03:00,"CSV=1775250000000,0.006018,0.006117,0.005987,0.006083,8367973,0.00578464,0.0059815904,0.0055876896,3.2926096943,6.8094272504,24.4518353259,15.8927568579,33.8983143327,0.006242,3.9651341651,10249316.1,0.8164420844,1.7921755954,0.0056751288,-1,0.0055420962,0.0001358052"
2026-04-03T19:00:00.000-03:00,"CSV=1775253600000,0.006083,0.006189,0.006063,0.006085,9088991,0.00579678,0.0059931619,0.0056003981,3.2767661816,6.775551338,26.4597670931,14.9165998096,33.4982915154,0.006242,6.0843793584,9464281.3,0.9603466668,3.1424882091,0.0057215259,-1,0.0055474982,0.0001348247"
2026-04-03T20:00:00.000-03:00,"CSV=1775257200000,0.006085,0.006087,0.00596,0.006022,10915049,0.00580776,0.0060010554,0.0056144646,3.2210230356,6.656451921,24.8138391543,19.0336804737,32.1438992423,0.006242,2.7995903039,9935684.3,1.0985704326,3.1201745165,0.0057215259,-1,0.0055522196,0.0001340422"
2026-04-03T21:00:00.000-03:00,"CSV=1775260800000,0.006023,0.006034,0.005954,0.005989,7387267,0.00581714,0.0060076025,0.0056266775,3.170357744,6.5483206798,23.8140519233,18.5689709867,30.8260012306,0.006242,0.5540631296,9354129.8,0.7897332149,2.2259703632,0.0057215259,-1,0.0055565657,0.000128638"
2026-04-03T22:00:00.000-03:00,"CSV=1775264400000,0.005989,0.006063,0.005959,0.005971,5609215,0.00582596,0.0060131034,0.0056388166,3.11225921,6.4244644051,24.0303543176,17.5822493884,29.8039716477,0.006189,-0.0502176096,9120356.2,0.6150214835,1.4736852725,0.0057215259,-1,0.0055606894,0.0001261742"
2026-04-03T23:00:00.000-03:00,"CSV=1775268000000,0.005971,0.005974,0.005922,0.005943,4109295,0.00583202,0.0060179454,0.0056460946,3.0895164593,6.3760211411,23.3652191909,19.0650552735,28.4926841831,0.006189,-0.6519558676,7988913.4,0.5143747083,0.8706736453,0.0057215259,-1,0.0055644935,0.0001187568"
2026-04-04T00:00:00.000-03:00,"CSV=1775271600000,0.005946,0.005983,0.005935,0.005944,2774010,0.00583924,0.006022343,0.005656137,3.0403944704,6.271466254,23.2422449209,18.5570596273,27.3404228205,0.006189,-3.0026109661,6930836.9,0.4002417082,0.1798590495,0.0057215259,-1,0.0055682697,0.0001116811"
2026-04-04T01:00:00.000-03:00,"CSV=1775275200000,0.005941,0.006064,0.005482,0.005592,106458445,0.00584092,0.0060213418,0.0056604982,2.9963723478,6.1778562725,17.2656908555,33.7999126649,27.6762875009,0.006189,-8.6722195002,16710517.2,6.3707450659,-18.2962604974,0.0061314485,1,0.0055685058,0.000158713"
2026-04-04T02:00:00.000-03:00,"CSV=1775278800000,0.005592,0.005666,0.005522,0.005549,24676182,0.00584196,0.0060205368,0.0056633832,2.9661277599,6.1135924835,16.1638465562,31.6429042138,27.9897612027,0.006189,-8.8085456039,18579214.5,1.3281606712,-16.0972282787,0.0060657251,1,0.0055683117,0.0001572417"
2026-04-04T03:00:00.000-03:00,"CSV=1775282400000,0.005549,0.005626,0.005416,0.005463,16989852,0.00584292,0.0060193147,0.0056665253,2.9304773575,6.0378938264,14.6982270195,33.3505690441,28.7117492886,0.006189,-9.2072461359,19637627.9,0.8651682416,-13.3867578357,0.0060085526,1,0.0055672638,0.0001625175"
2026-04-04T04:00:00.000-03:00,"CSV=1775286000000,0.00546,0.005514,0.005427,0.005447,12365123,0.00584158,0.0060207016,0.0056624584,2.9750958488,6.1326437265,14.1295470297,32.0602228519,29.3856048356,0.006189,-10.4553674174,20037342.9,0.6171039275,-11.0751879893,0.0059353973,1,0.0055660672,0.0001549658"
2026-04-04T05:00:00.000-03:00,"CSV=1775289600000,0.00545,0.005498,0.005417,0.005425,9297958,0.0058409,0.0060215309,0.0056602691,2.9997508007,6.1850373076,13.6044809504,31.3276135037,30.0561819049,0.006189,-10.8463434675,20058239.6,0.4635480573,-9.0593924741,0.0059002076,1,0.0055646635,0.0001475692"
2026-04-04T06:00:00.000-03:00,"CSV=1775293200000,0.005428,0.005463,0.005341,0.005365,18353504,0.00583726,0.0060254523,0.0056490677,3.1232896381,6.4479679924,12.834796445,33.0796230609,30.9919380701,0.006189,-10.9099966788,20802085.1,0.8822915545,-9.2481942925,0.0058370368,1,0.0055626768,0.0001450123"
2026-04-04T07:00:00.000-03:00,"CSV=1775296800000,0.005365,0.005417,0.005314,0.00535,9239718,0.00583024,0.0060295994,0.0056308806,3.3063461758,6.8388069848,12.209933621,32.745349944,31.9711188853,0.006189,-10.6695608616,20987330.2,0.4402521861,-7.7312286929,0.0057879331,1,0.0055605606,0.000140811"
2026-04-04T08:00:00.000-03:00,"CSV=1775300400000,0.005353,0.005379,0.00534,0.005355,4910053,0.0058228,0.0060325444,0.0056130556,3.4768814191,7.2042459263,11.9734475725,32.1111271338,32.8850209795,0.006189,-10.3165298945,20917414,0.2347351828,-5.9613699723,0.0057513898,1,0.0055585153,0.0001306299"
2026-04-04T09:00:00.000-03:00,"CSV=1775304000000,0.005352,0.005435,0.005303,0.005413,15894613,0.00581662,0.0060336685,0.0055995715,3.5972885321,7.4630443011,13.9718526253,30.0037588688,33.1231100967,0.006189,-8.9180548545,22095945.8,0.7193452203,-6.1126333596,0.0057513898,1,0.0055570674,0.0001307669"
2026-04-04T10:00:00.000-03:00,"CSV=1775307600000,0.005409,0.005448,0.005364,0.00541,12913280,0.00581086,0.0060346953,0.0055870247,3.7091400054,7.7040333956,14.0362826299,28.7187135447,33.2042930393,0.006189,-8.9838492598,23109872.8,0.558777632,-5.7484135784,0.0057513898,1,0.005555604,0.0001260903"
2026-04-04T11:00:00.000-03:00,"CSV=1775311200000,0.005413,0.005413,0.005259,0.005393,19972853,0.00580126,0.0060323985,0.0055701215,3.8316180758,7.9685609742,12.9470555069,31.7810830526,33.7978590398,0.006189,-3.5586552217,14461313.6,1.3811230122,-5.4705892587,0.0057226437,1,0.005553986,0.0001288812"
2026-04-04T12:00:00.000-03:00,"CSV=1775314800000,0.005395,0.00553,0.005379,0.005417,21798094,0.00579538,0.0060324045,0.0055583555,3.9291871678,8.1797729236,17.811735357,29.3854610066,33.1794725557,0.006189,-2.3788069923,14173504.8,1.5379466341,-4.8665522414,0.0057226437,1,0.005552623,0.0001310931"
2026-04-04T13:00:00.000-03:00,"CSV=1775318400000,0.005421,0.005799,0.005415,0.005794,39750611,0.00579604,0.0060330138,0.0055590662,3.9279497818,8.1770916158,26.7129169609,24.3785011553,31.2721141009,0.006189,6.0589419733,16449580.7,2.4165121121,1.6361340606,0.0051378486,-1,0.0055550248,0.0001563838"
2026-04-04T14:00:00.000-03:00,"CSV=1775322000000,0.005783,0.005788,0.005619,0.005623,55277403,0.00579498,0.006032606,0.005557354,3.9390268004,8.2010970099,24.6611633425,22.5060482881,29.4919128764,0.006189,3.2311364054,20740808.7,2.6651517691,3.9612456761,0.0052287638,-1,0.0055557011,0.0001582454"
2026-04-04T15:00:00.000-03:00,"CSV=1775325600000,0.005621,0.005683,0.005596,0.005641,7694463,0.00579126,0.0060298097,0.0055527103,3.9561727125,8.2382654341,23.6918862262,22.6605409941,27.6741192206,0.006087,3.9815668203,20580459.2,0.3738722701,3.1370295926,0.0052287638,-1,0.0055565499,0.0001511209"
2026-04-04T16:00:00.000-03:00,"CSV=1775329200000,0.005641,0.005671,0.005579,0.005628,9698615,0.00578912,0.0060286427,0.0055495973,3.973079109,8.2749276393,22.6818328078,22.482238334,25.8586400712,0.006064,4.9021435228,19714970.3,0.491941649,2.8952092512,0.0052287638,-1,0.0055572608,0.0001452088"
2026-04-04T17:00:00.000-03:00,"CSV=1775332800000,0.005626,0.005691,0.005623,0.005671,9560362,0.0057859,0.0060259064,0.0055458936,3.9829087938,8.2962496442,22.9016284568,21.747981548,24.306982616,0.006064,6,19747034.7,0.4841416519,2.8984228046,0.0052445363,-1,0.0055583926,0.0001374879"
2026-04-04T18:00:00.000-03:00,"CSV=1775336400000,0.005669,0.005719,0.005638,0.005671,7752935,0.00578442,0.0060249017,0.0055439383,3.9914624856,8.3148073888,23.3684434003,20.8777565008,23.0617940669,0.006064,5.9010270775,20031322.9,0.3870405883,2.6935942003,0.0052829826,-1,0.005559513,0.0001318391"
2026-04-04T19:00:00.000-03:00,"CSV=1775340000000,0.005667,0.005713,0.005646,0.005703,7199119,0.0057812,0.0060216725,0.0055407275,3.9934495537,8.319118925,22.5681280128,20.1627414055,21.8996180878,0.006064,5.3574727508,19161773.5,0.3757021238,2.4666674305,0.0053034344,-1,0.0055609408,0.0001253552"
2026-04-04T20:00:00.000-03:00,"CSV=1775343600000,0.005709,0.005786,0.005676,0.00574,18675591,0.00578302,0.0060228285,0.0055432115,3.9816585483,8.2935374391,25.05662037,19.0170799033,21.3531952327,0.006064,6.0998151571,19738004.6,0.9461742146,3.5682742255,0.0053595409,-1,0.0055627224,0.0001238197"
2026-04-04T21:00:00.000-03:00,"CSV=1775347200000,0.005744,0.005753,0.005684,0.005696,8037492,0.0057832,0.0060229397,0.0055434603,3.9804431792,8.2909009602,24.1349558341,18.31756944,20.843200568,0.005799,5.6183942147,18544468.5,0.4334172209,3.1905524191,0.0053634869,-1,0.0055640486,0.0001183377"
2026-04-04T22:00:00.000-03:00,"CSV=1775350800000,0.005701,0.005717,0.005625,0.005666,11407154,0.00578202,0.0060221881,0.0055418519,3.9880532244,8.3074103971,22.9300388282,20.6047375176,19.8097372074,0.005799,4.5966402068,17505374.5,0.6516372443,3.1254822652,0.0053634869,-1,0.005565063,0.0001157039"
2026-04-04T23:00:00.000-03:00,"CSV=1775354400000,0.005668,0.005681,0.005593,0.005639,6593649,0.00578006,0.0060209862,0.0055391338,4.0014402498,8.3364589223,21.8139396191,21.3717878776,18.5573439042,0.005799,-2.675181222,14189678.3,0.4646792451,1.6692877799,0.0053634869,-1,0.0055657987,0.0001129336"
2026-04-05T00:00:00.000-03:00,"CSV=1775358000000,0.005638,0.005643,0.005575,0.0056,8920813,0.00577576,0.0060179396,0.0055335804,4.0242937598,8.386067511,20.9689260885,21.5693017319,17.4142795818,0.005799,-0.4090343233,9554019.3,0.9337235691,0.9855501905,0.0053634869,-1,0.005566139,0.0001084402"
2026-04-05T01:00:00.000-03:00,"CSV=1775361600000,0.005595,0.005595,0.005531,0.005537,14702786,0.0057669,0.0060095485,0.0055242515,4.0377158284,8.415214088,20.1215159511,23.2746681774,16.7377253802,0.005799,-1.8436447438,10254851.6,1.433739519,-0.224068649,0.0053634869,-1,0.0055658491,0.0001044962"
2026-04-05T02:00:00.000-03:00,"CSV=1775365200000,0.005537,0.005568,0.005431,0.005438,17836777,0.00575582,0.0060005763,0.0055110637,4.0788792767,8.5046530856,18.5285935472,27.2106026328,16.8873137892,0.005799,-3.3759772566,11068667.8,1.6114655641,-1.9628027974,0.0053634869,-1,0.005564577,0.0001077466"
2026-04-05T03:00:00.000-03:00,"CSV=1775368800000,0.005448,0.005479,0.005409,0.005465,12018703,0.00574516,0.005990742,0.005499578,4.0993578509,8.549177063,17.7589461419,27.3858101428,17.1831218391,0.005799,-3.6325163111,11314501.9,1.062238807,-2.5947351291,0.0053634869,-1,0.0055635861,0.0001039719"
2026-04-05T04:00:00.000-03:00,"CSV=1775372400000,0.005462,0.00549,0.005451,0.005453,5931343,0.0057336,0.0059790586,0.0054881414,4.1053049986,8.5621107581,18.0117009203,26.7231858146,17.3358191896,0.005799,-3.844119203,11132342.7,0.5328027676,-2.4125425362,0.0053634869,-1,0.0055624858,0.0000974747"
2026-04-05T05:00:00.000-03:00,"CSV=1775376000000,0.005453,0.005486,0.005448,0.005479,3828955,0.00572462,0.0059710137,0.0054782263,4.1264976381,8.6082129815,17.5679442028,26.2593067647,17.502161599,0.005799,-3.9277573207,10795326.3,0.3546863609,-2.0727356743,0.0053634869,-1,0.0055616551,0.0000915272"
2026-04-05T06:00:00.000-03:00,"CSV=1775379600000,0.005481,0.005492,0.00545,0.005466,3985286,0.00571546,0.0059627829,0.0054681371,4.1477760929,8.6545223967,17.4748979971,25.5148955199,17.5821580118,0.005799,-4.7735191638,9326295.8,0.4273171348,-2.0617592936,0.0053634869,-1,0.0055607033,0.0000865745"
2026-04-05T07:00:00.000-03:00,"CSV=1775383200000,0.005462,0.005472,0.005438,0.005458,4588376,0.00570492,0.0059517604,0.0054580796,4.1473514364,8.6535979935,17.0555371134,25.7495763309,17.7640640881,0.005799,-4.1783707865,8981384.2,0.5108762634,-2.0860496805,0.0053634869,-1,0.0055596814,0.0000813171"
2026-04-05T08:00:00.000-03:00,"CSV=1775386800000,0.005456,0.005459,0.005409,0.005421,8798620,0.00569334,0.0059396464,0.0054470336,4.1468199565,8.6524410659,16.4341326501,26.9245939851,18.192765077,0.005799,-4.3240381221,8720530.8,1.0089546384,-2.8449525603,0.0053634869,-1,0.0055583015,0.0000781854"
2026-04-05T09:00:00.000-03:00,"CSV=1775390400000,0.005418,0.005617,0.005267,0.00548,76244330,0.0056839,0.0059291548,0.0054386452,4.136421359,8.6298079368,22.5953748952,21.1462478961,17.2007757144,0.005788,-2.8196488739,15685598.9,4.8607853921,-6.4652043926,0.0053634869,-1,0.0055575223,0.0001053668"
2026-04-05T10:00:00.000-03:00,"CSV=1775394000000,0.005486,0.005518,0.005359,0.005396,18837405,0.0056748,0.0059221184,0.0054274816,4.1761815751,8.7163747881,20.4583156358,19.1462463437,16.2749189761,0.005786,-3.6428571429,16677258.1,1.1295265017,-5.6817041567,0.0053634869,-1,0.0055559151,0.0001107301"
2026-04-05T11:00:00.000-03:00,"CSV=1775397600000,0.005392,0.005422,0.005331,0.005352,9355725,0.00566712,0.00591835,0.00541589,4.2449328966,8.8662313652,19.3368395952,19.7833906123,15.2660232852,0.005786,-3.3411594726,16142552,0.5795691412,-4.4332804132,0.0056685561,1,0.0055538861,0.0001087571"
2026-04-05T12:00:00.000-03:00,"CSV=1775401200000,0.005356,0.005458,0.005291,0.005339,15112833,0.00565674,0.0059105772,0.0054029028,4.2946258774,8.9746807153,17.4554080054,20.1889963788,14.7323954743,0.005786,-1.8205222508,15870157.6,0.9522799572,-3.5334025592,0.0056685561,1,0.005551748,0.0001145814"
2026-04-05T13:00:00.000-03:00,"CSV=1775404800000,0.005333,0.005494,0.005322,0.005429,17383977,0.0056462,0.0058983277,0.0053940723,4.2745631691,8.9308825546,17.7923217518,18.2315017476,13.8315116195,0.005786,-0.6587374199,16406685,1.0595666949,-2.5882604497,0.0056685561,1,0.0055505266,0.0001203233"
2026-04-05T14:00:00.000-03:00,"CSV=1775408400000,0.005429,0.005552,0.005407,0.00552,10578097,0.00563712,0.0058854251,0.0053888149,4.2189833598,8.8096441398,19.5805867898,16.7634168446,13.4261710003,0.005786,1.2286814597,16871360.4,0.6269854208,-1.4687185125,0.0056685561,1,0.0055502228,0.0001227909"
2026-04-05T15:00:00.000-03:00,"CSV=1775412000000,0.005516,0.00558,0.005463,0.005521,8214394,0.0056279,0.0058717468,0.0053840532,4.1528830343,8.6656399602,19.8637746705,15.6723674385,13.3174111219,0.005786,0.7665632415,17309904.3,0.4745487819,-0.8578884575,0.0056685561,1,0.0055499321,0.0001222119"
2026-04-05T16:00:00.000-03:00,"CSV=1775415600000,0.00552,0.005528,0.005467,0.005512,3859185,0.00561558,0.0058491953,0.0053819647,3.993973859,8.3202565913,19.1669212627,15.1225553892,13.215901902,0.005753,0.8415660446,17297294.2,0.2231091728,-0.5093386036,0.0056685561,1,0.0055495546,0.0001160907"
2026-04-05T17:00:00.000-03:00,"CSV=1775419200000,0.005508,0.005544,0.005502,0.005544,3744289,0.005604,0.0058262499,0.0053817501,3.8146297319,7.9318293859,19.6444261376,14.7410585038,13.2855079618,0.005717,1.5756687431,17212885.5,0.2175282581,-0.2253082434,0.0056685561,1,0.0055494994,0.0001086816"
2026-04-05T18:00:00.000-03:00,"CSV=1775422800000,0.005541,0.005626,0.005533,0.005593,12730101,0.00559416,0.0058055208,0.0053827992,3.6406857677,7.5564791982,23.5141858747,13.9086298088,14.1109838689,0.005681,3.1728463383,17606033.6,0.7230533174,0.6145068612,0.0056685561,1,0.0055499322,0.0001071134"
2026-04-05T19:00:00.000-03:00,"CSV=1775426400000,0.005597,0.005704,0.005565,0.005671,12157074,0.00558724,0.0057901383,0.0053843417,3.5042039982,7.262915367,26.2178047116,12.7551767408,15.4731509478,0.005704,3.4854014599,11197308,1.0857139948,1.6710542883,0.0053035937,-1,0.0055511369,0.0001103021"
2026-04-05T20:00:00.000-03:00,"CSV=1775430000000,0.00567,0.005697,0.005638,0.005664,7963795,0.00557886,0.005769385,0.005388335,3.302344381,6.8302470413,25.2649335665,12.2915971239,16.744506888,0.005704,4.966641957,10109947,0.7877187685,2.4181418875,0.0053519843,-1,0.0055522599,0.0001051719"
2026-04-05T21:00:00.000-03:00,"CSV=1775433600000,0.005664,0.005738,0.005661,0.00573,7118852,0.00557176,0.0057494751,0.0053940449,3.0909798245,6.3791375022,26.6182120104,11.6971413802,18.2243929545,0.005738,7.0627802691,9886259.7,0.7200753587,3.3073392703,0.0053924359,-1,0.0055540284,0.0001023547"
2026-04-05T22:00:00.000-03:00,"CSV=1775437200000,0.005726,0.005877,0.00568,0.005835,31732368,0.00556802,0.0057380208,0.0053980192,2.9627073608,6.106327331,31.7615611186,10.3279502638,20.4043585336,0.005877,9.2901292377,11548213.2,2.7478162596,10.7140822378,0.0054430423,-1,0.0055568242,0.0001118192"
2026-04-05T23:00:00.000-03:00,"CSV=1775440800000,0.005835,0.005841,0.005678,0.005721,44393590,0.00556266,0.0057232685,0.0054020515,2.8062381268,5.7745231232,28.7755428496,9.4723367135,22.4086477107,0.005877,5.3785227482,14249174.5,3.1155201307,12.7283534569,0.0054430423,-1,0.0055584578,0.0001169373"
2026-04-06T00:00:00.000-03:00,"CSV=1775444400000,0.005723,0.005785,0.005661,0.005706,24479911,0.00555736,0.0057084994,0.0054062206,2.6476200519,5.4392507986,26.727468359,9.7739257905,24.0111570484,0.005877,3.3695652174,15639355.9,1.5652761633,10.2436690098,0.0054430423,-1,0.0055599259,0.0001176436"
2026-04-06T01:00:00.000-03:00,"CSV=1775448000000,0.005706,0.005844,0.005672,0.00572,12869828,0.0055529,0.0056956511,0.0054101489,2.5063183018,5.1414989323,27.4520695023,8.8389645636,25.8296425245,0.005877,3.6044194892,16104899.3,0.7991250215,7.7892399405,0.0054430423,-1,0.0055615186,0.0001230792"
2026-04-06T02:00:00.000-03:00,"CSV=1775451600000,0.005721,0.005783,0.005611,0.005749,17115282,0.005549,0.0056834344,0.0054145656,2.3653720944,4.8453548605,24.900028588,11.3142252562,26.6086711429,0.005877,4.2997097242,17430509,0.9819152154,6.6001434271,0.0054430423,-1,0.0055633841,0.0001279713"
2026-04-06T03:00:00.000-03:00,"CSV=1775455200000,0.005759,0.005762,0.005452,0.005515,45267830,0.00554746,0.005681834,0.005413086,2.3649755937,4.8445229733,21.1103346928,17.3984420452,25.477365214,0.005877,-0.5230880231,21582863.1,2.0973968926,4.0343878867,0.0054430423,-1,0.0055629027,0.0001461742"
2026-04-06T04:00:00.000-03:00,"CSV=1775458800000,0.00552,0.005607,0.005491,0.005594,7953711,0.00554836,0.0056828919,0.0054138281,2.3673139686,4.8494291508,19.896286752,16.397863748,24.4214796804,0.005877,0.0178794922,21105224.1,0.3768598221,2.6918379452,0.0054430423,-1,0.0055632121,0.0001431567"
2026-04-06T05:00:00.000-03:00,"CSV=1775462400000,0.005597,0.00563,0.005555,0.00557,14601288,0.0055505,0.0056845071,0.0054164929,2.3574084934,4.8286479436,20.3089275672,15.7696196269,23.6321635052,0.005877,-1.7809910069,21349645.5,0.6839124331,1.3885446658,0.0054430423,-1,0.0055632796,0.0001363411"
2026-04-06T06:00:00.000-03:00,"CSV=1775466000000,0.00557,0.005911,0.005542,0.005725,313699316,0.00555606,0.0056914178,0.0054207022,2.3782792502,4.872438699,29.6920250453,13.1198995521,24.6372949078,0.005911,1.0769774011,51923197.6,6.0416024147,3.0945861996,0.0054430423,-1,0.0055648888,0.000159607"
2026-04-06T07:00:00.000-03:00,"CSV=1775469600000,0.005725,0.005775,0.005704,0.005742,20289792,0.0055624,0.0056988899,0.0054259101,2.3950252878,4.9075885626,28.6979374187,12.6806459212,25.5754175502,0.005911,0.2094240838,53240291.6,0.3810984386,2.0896611969,0.0054430423,-1,0.0055666511,0.0001507463"
2026-04-06T08:00:00.000-03:00,"CSV=1775473200000,0.005746,0.00584,0.00571,0.005826,13249910,0.00557162,0.005710021,0.005433219,2.4238263881,4.9680701721,30.0108261539,11.8991123434,26.7514428257,0.005911,-0.1542416452,51392045.8,0.2578202481,1.3798519248,0.0054430423,-1,0.0055692317,0.0001486716"
2026-04-06T09:00:00.000-03:00,"CSV=1775476800000,0.005826,0.005958,0.005683,0.005695,65590532,0.00557852,0.0057142748,0.0054427652,2.3757137816,4.8670548561,31.5917253379,10.4406760846,28.3227346677,0.005958,-0.4544660024,53511740,1.2257222808,0.7342182482,0.0054430423,-1,0.0055704831,0.0001613045"
2026-04-06T10:00:00.000-03:00,"CSV=1775480400000,0.005695,0.005706,0.005456,0.005612,64014884,0.00558366,0.0057156681,0.0054516519,2.3095834056,4.7283725183,28.2224386646,19.0110721692,27.7346697707,0.005958,-1.6473887136,57465237.3,1.1139758053,-0.1222382242,0.0054430423,-1,0.0055708962,0.000170174"
2026-04-06T11:00:00.000-03:00,"CSV=1775484000000,0.005611,0.005705,0.005582,0.005678,11033347,0.00558896,0.0057193193,0.0054586007,2.2792807243,4.6648873263,26.7202205852,17.9991547846,27.1858092002,0.005958,-0.7342657343,57281589.2,0.1926159374,-0.1286359104,0.0054430423,-1,0.0055719619,0.0001654566"
2026-04-06T12:00:00.000-03:00,"CSV=1775487600000,0.00568,0.005743,0.005658,0.005698,6936880,0.00559472,0.0057233965,0.0054660435,2.2482541582,4.5999263519,27.4021739434,17.3166898185,26.876961035,0.005958,-0.8871108019,56263749,0.1232921752,-0.1222152137,0.0054430423,-1,0.005573216,0.000157411"
2026-04-06T13:00:00.000-03:00,"CSV=1775491200000,0.005702,0.005838,0.005699,0.005799,9415765,0.00560284,0.005731341,0.005474339,2.2420747966,4.5869934165,29.9393118299,16.2306716855,27.0646084437,0.005958,5.1495920218,52678542.5,0.1787400439,0.2253359589,0.0054430423,-1,0.0055754626,0.0001556699"
2026-04-06T14:00:00.000-03:00,"CSV=1775494800000,0.005799,0.005891,0.005757,0.00588,14316031,0.0056121,0.0057435244,0.0054806756,2.2882185225,4.6836082361,30.5202068462,15.2498761051,27.4845096572,0.005958,5.112620665,53314774.5,0.26851902,0.6078359361,0.0054430423,-1,0.0055784929,0.0001535029"
2026-04-06T15:00:00.000-03:00,"CSV=1775498400000,0.00588,0.005969,0.005849,0.005953,6462019,0.00561528,0.0057528473,0.0054777127,2.3912906306,4.8997484877,32.4098016336,14.4141377273,28.2143832846,0.005969,6.8761220826,52500847.6,0.123084089,0.6873376983,0.0054585422,-1,0.0055822193,0.0001501526"
2026-04-06T16:00:00.000-03:00,"CSV=1775502000000,0.005952,0.00596,0.005831,0.005847,6746754,0.00561976,0.0057611014,0.0054784186,2.453374091,5.0301567442,30.4855171216,14.3867873464,28.725208517,0.005969,2.1310043668,21805591.4,0.3094047704,0.6780061044,0.0054585422,-1,0.0055848539,0.0001480373"
2026-04-06T17:00:00.000-03:00,"CSV=1775505600000,0.005842,0.005868,0.00579,0.005807,6758683,0.00562308,0.0057668107,0.0054793493,2.4923776018,5.1121697782,29.356337832,15.8008697615,28.8114208199,0.005969,1.1320097527,20452480.5,0.330457863,0.5766979109,0.0054585422,-1,0.0055870644,0.0001410336"
2026-04-06T18:00:00.000-03:00,"CSV=1775509200000,0.005807,0.00592,0.005792,0.005871,11186011,0.00562794,0.0057758038,0.0054800762,2.5600554004,5.2546322988,30.0453385859,14.8347558594,29.1500995266,0.005969,0.7723995881,20246090.6,0.5525022693,0.5267161157,0.0054585422,-1,0.0055898896,0.0001397302"
2026-04-06T19:00:00.000-03:00,"CSV=1775512800000,0.005876,0.005888,0.005751,0.005774,9697247,0.00563,0.0057791611,0.0054808389,2.5810168261,5.298796481,28.0766948007,15.8236369438,29.0674983985,0.005969,1.3871817384,14656762.1,0.6616227332,0.6570744015,0.0054585422,-1,0.0055917215,0.0001394572"
2026-04-06T20:00:00.000-03:00,"CSV=1775516400000,0.005775,0.005795,0.005648,0.005754,24814145,0.00563166,0.0057817273,0.0054815927,2.595543846,5.3294149949,26.1099160644,19.6234685871,28.0752103904,0.005969,2.5302922309,10736688.2,2.3111544769,2.3873483401,0.0054585422,-1,0.0055933362,0.0001402115"
2026-04-06T21:00:00.000-03:00,"CSV=1775520000000,0.005755,0.005791,0.005698,0.00574,7341352,0.0056324,0.0057829078,0.0054818922,2.6026319652,5.3443578974,24.9263381758,18.7339251868,27.1490749162,0.005969,1.0919337795,10367488.7,0.7081128528,1.849303008,0.0054585422,-1,0.0055947956,0.0001354903"
2026-04-06T22:00:00.000-03:00,"CSV=1775523600000,0.005739,0.005743,0.005671,0.005679,4260106,0.00563118,0.0057810566,0.0054813034,2.5925464078,5.3230965643,24.0230380557,19.4139848696,26.0465290194,0.005969,-0.3334503335,10099811.3,0.4218005538,1.1859854935,0.0054585422,-1,0.0055956334,0.0001291413"
2026-04-06T23:00:00.000-03:00,"CSV=1775527200000,0.005679,0.005767,0.005669,0.005739,7426101,0.00563204,0.0057824086,0.0054816714,2.6004493734,5.3397564089,24.0464671911,18.4394905628,25.1899101935,0.005969,-1.0346611485,9900844.9,0.7500472005,0.5319754297,0.0054585422,-1,0.00559706,0.0001260272"
2026-04-07T00:00:00.000-03:00,"CSV=1775530800000,0.005739,0.005787,0.005724,0.005778,4507762,0.00563428,0.0057859663,0.0054825937,2.6216236596,5.3844061857,24.303771563,17.8232788921,24.5361301857,0.005969,-1.7346938776,8920018,0.5053534645,0.0624390995,0.0054585422,-1,0.0055988604,0.0001197245"
2026-04-07T01:00:00.000-03:00,"CSV=1775534400000,0.005781,0.005781,0.005656,0.005658,9238401,0.00563466,0.0057863814,0.0054829386,2.6220429195,5.3852904663,22.6917124625,20.2493976522,23.2795609216,0.005969,-4.9554846296,9197656.2,1.0044299112,-1.6175195958,0.0054585422,-1,0.0055994488,0.000120252"
2026-04-07T02:00:00.000-03:00,"CSV=1775538000000,0.005659,0.00568,0.005632,0.005654,4672229,0.00563574,0.005787403,0.005484077,2.6205712982,5.3821866346,22.0889086477,21.0397204018,21.8897698978,0.005969,-3.3008380366,8990203.7,0.5197022399,-1.6501640376,0.0054585422,-1,0.0055999916,0.0001130268"
2026-04-07T03:00:00.000-03:00,"CSV=1775541600000,0.005652,0.005657,0.005613,0.005619,3691497,0.00563738,0.0057884085,0.0054863515,2.6091534594,5.3581081839,21.5272506465,21.6027308511,20.4421189944,0.005969,-3.2374720165,8683485.1,0.4251169844,-1.558877472,0.0054585422,-1,0.0056001808,0.0001061241"
2026-04-07T04:00:00.000-03:00,"CSV=1775545200000,0.005619,0.005655,0.005571,0.005649,8765354,0.0056416,0.0057899221,0.0054932779,2.5617284632,5.2581566212,20.4629699375,23.0066567977,19.4694205165,0.005969,-3.781297905,8441419.4,1.0383744231,-2.3480526583,0.0054585422,-1,0.0056006665,0.0001039117"
2026-04-07T05:00:00.000-03:00,"CSV=1775548800000,0.005649,0.005665,0.005612,0.00563,6172526,0.0056449,0.0057910762,0.0054987238,2.5241634451,5.1790546957,20.4113849963,22.2626046018,18.4606625758,0.005969,-2.4939383443,8088947.3,0.7630814952,-2.199727839,0.0054585422,-1,0.0056009584,0.0000988205"
2026-04-07T06:00:00.000-03:00,"CSV=1775552400000,0.005628,0.005669,0.005621,0.005633,6993880,0.0056485,0.0057920996,0.0055049004,2.4792325148,5.084522156,20.0438862344,21.5852205456,17.4767877344,0.005969,-2.1028849496,6306920.8,1.1089214883,-2.243796662,0.0054585422,-1,0.0056012772,0.0000937385"
2026-04-07T07:00:00.000-03:00,"CSV=1775556000000,0.005634,0.005638,0.005513,0.005574,12874236,0.0056504,0.0057923635,0.0055084365,2.4508737416,5.0249014739,18.475386236,26.6571901369,17.520227064,0.005969,-2.8919860627,6860209.2,1.8766535574,-3.3049497522,0.0054585422,-1,0.0056010058,0.0000968646"
2026-04-07T08:00:00.000-03:00,"CSV=1775559600000,0.005575,0.005616,0.005565,0.005615,5220559,0.00565338,0.0057929857,0.0055137743,2.4099095295,4.9388406505,17.8642871,25.7754664396,17.5607704383,0.005969,-1.1269589716,6956254.5,0.7504841866,-2.4852214639,0.0054585422,-1,0.005601145,0.0000922782"
2026-04-07T09:00:00.000-03:00,"CSV=1775563200000,0.005618,0.005629,0.005506,0.005622,11986528,0.00565666,0.0057935367,0.0055197833,2.3625754619,4.8394874672,16.4576438637,27.5228770775,18.0673454435,0.005969,-2.0386826973,7412297.2,1.6171137876,-2.7557416087,0.0054585422,-1,0.0056013526,0.0000953504"
2026-04-07T10:00:00.000-03:00,"CSV=1775566800000,0.005623,0.005693,0.005585,0.005594,10712466,0.00566012,0.0057931278,0.0055271122,2.2959577378,4.6998213885,19.4095674237,25.624691027,17.78291436,0.005969,-3.1844929041,8032767.6,1.3335959078,-3.2527699743,0.0054585422,-1,0.0056012794,0.0000966153"
2026-04-07T11:00:00.000-03:00,"CSV=1775570400000,0.00559,0.005614,0.005544,0.005557,4977936,0.00566166,0.0057930088,0.0055303112,2.2673673369,4.6399391383,18.522450435,27.1305262657,17.8544169748,0.00596,-1.7850830682,7606721.1,0.6544128455,-2.5579070796,0.0054585422,-1,0.0056008388,0.0000939538"
2026-04-07T12:00:00.000-03:00,"CSV=1775574000000,0.005556,0.005589,0.00552,0.00558,7581600,0.00566534,0.0057916762,0.0055390038,2.1813401325,4.4599673222,17.669537884,27.4828855374,18.1130440235,0.00592,-1.3088079236,7897658.2,0.95998077,-2.1240815325,0.0054585422,-1,0.0056006315,0.0000914584"
2026-04-07T13:00:00.000-03:00,"CSV=1775577600000,0.005575,0.005589,0.005455,0.005538,10663444,0.00566906,0.0057886746,0.0055494454,2.066355843,4.2199100438,16.1245905138,29.3211829163,18.841381568,0.00592,-1.4415376401,8594852.9,1.2406778946,-2.0122156498,0.0054585422,-1,0.0056000083,0.0000957126"
2026-04-07T14:00:00.000-03:00,"CSV=1775581200000,0.005532,0.005584,0.005527,0.00554,2745752,0.00567308,0.0057846409,0.0055615191,1.9285708201,3.9329921797,15.5066594501,28.1975283508,19.5211632762,0.005888,-1.9295450522,7992892.7,0.3435241912,-1.5624255676,0.0054585422,-1,0.0055994112,0.0000918413"
2026-04-07T15:00:00.000-03:00,"CSV=1775584800000,0.005541,0.00558,0.00553,0.005569,3411234,0.00567588,0.0057829461,0.0055688139,1.8514106658,3.7726689264,14.9675697956,27.2172401163,20.1556262039,0.005795,-1.0834813499,7716763.5,0.4420550144,-1.201269833,0.0054585422,-1,0.0055991086,0.0000876572"
2026-04-07T16:00:00.000-03:00,"CSV=1775588400000,0.005565,0.005614,0.005554,0.005604,2367145,0.00567756,0.0057828106,0.0055723094,1.8200594155,3.7075993419,16.7516860125,26.0527372106,20.2605299504,0.005791,-0.5148233623,7254090,0.3263186699,-0.8568453803,0.0054585422,-1,0.0055991572,0.0000848915"
2026-04-07T17:00:00.000-03:00,"CSV=1775592000000,0.005604,0.005615,0.005547,0.005562,14160659,0.00567838,0.0057825619,0.0055741981,1.8016570555,3.6694245575,15.9243551376,25.2744518188,20.4228323944,0.005787,-0.215285253,7382732.3,1.9180783516,-0.7088749146,0.0054585422,-1,0.0055987875,0.0000832023"
2026-04-07T18:00:00.000-03:00,"CSV=1775595600000,0.005565,0.005624,0.005557,0.005614,5995648,0.00568042,0.0057822972,0.0055785428,1.7618810505,3.5869600708,15.8008907807,24.0220056025,20.4375896399,0.005787,-0.017809439,7460241.2,0.8036801813,-0.4773543074,0.0054585422,-1,0.0055989389,0.0000815821"
2026-04-07T19:00:00.000-03:00,"CSV=1775599200000,0.005616,0.005694,0.005604,0.00569,7809270,0.00568334,0.0057833403,0.0055833397,1.7291101065,3.519068787,19.9267938441,22.4228212725,19.4680077273,0.005787,1.2095339737,7042515.4,1.1088751045,0.1288378322,0.0054585422,-1,0.005599845,0.0000824239"
2026-04-07T20:00:00.000-03:00,"CSV=1775602800000,0.00569,0.005775,0.00567,0.005748,12711214,0.00568644,0.0057859932,0.0055868868,1.720590225,3.5014256372,24.3222379577,20.7002585499,18.7064619683,0.005781,2.7529495888,7242390.2,1.7551131117,1.6964711945,0.0054684555,-1,0.0056013191,0.0000846815"
2026-04-07T21:00:00.000-03:00,"CSV=1775606400000,0.005747,0.005766,0.005646,0.005674,7974526,0.0056865,0.0057860448,0.0055869552,1.7204293646,3.5010925535,22.2310197825,20.6400505456,17.7067682074,0.005775,2.1054525823,7542049.2,1.0573420815,1.8730420017,0.0054684555,-1,0.0056020423,0.0000882133"
2026-04-07T22:00:00.000-03:00,"CSV=1775610000000,0.005673,0.005803,0.005668,0.005785,5632903,0.00568892,0.0057893552,0.0055884848,1.7348256772,3.5309064256,22.7171049884,18.7018604516,17.1725981507,0.005803,3.6738351254,7347179.5,0.7666755658,2.1875745422,0.0054684555,-1,0.0056038628,0.000092892"
2026-04-07T23:00:00.000-03:00,"CSV=1775613600000,0.005785,0.005894,0.005784,0.005869,8703663,0.0056917,0.0057951134,0.0055882866,1.7844930149,3.6338314991,27.2639837358,17.2848490512,17.5211209595,0.005894,5.9768869628,7151201.4,1.2170910191,3.8831881764,0.0055551916,-1,0.005606501,0.0000946028"
2026-04-08T00:00:00.000-03:00,"CSV=1775617200000,0.005867,0.005969,0.005857,0.005969,7555080,0.00569438,0.0058030739,0.0055856861,1.8730394343,3.817583717,30.2949437674,15.9652196273,18.4181382488,0.005969,7.7436823105,7632134.2,0.9899039773,5.1439594237,0.0056239724,-1,0.0056101079,0.0000963425"
2026-04-08T01:00:00.000-03:00,"CSV=1775620800000,0.005969,0.006032,0.005859,0.005972,23071480,0.0056994,0.0058147969,0.0055840031,1.9845384585,4.0494396033,30.9816066259,14.1742881838,19.6716391622,0.006032,7.2364876998,9598158.8,2.403740184,9.2275183741,0.0056334752,-1,0.0056137089,0.0001040083"
2026-04-08T02:00:00.000-03:00,"CSV=1775624400000,0.005965,0.005998,0.005845,0.005854,7225622,0.00570236,0.0058197688,0.0055849512,2.017413768,4.1179026714,28.0048342813,13.6915763124,20.6486841798,0.006032,4.4610992148,10084006.5,0.7165427749,7.2172017196,0.0056334752,-1,0.0056160998,0.0001089074"
2026-04-08T03:00:00.000-03:00,"CSV=1775628000000,0.005854,0.005879,0.005832,0.005848,5278824,0.00570492,0.0058240681,0.0055857719,2.0457885081,4.1770302204,27.1463683299,14.1197542014,21.3765940709,0.006032,5.1420352391,9195823,0.5740458467,5.7953891373,0.0056334752,-1,0.0056184073,0.0001027167"
2026-04-08T04:00:00.000-03:00,"CSV=1775631600000,0.005846,0.005907,0.005813,0.005853,6578836,0.005707,0.0058277959,0.0055862041,2.0727538119,4.2332525269,27.3091478256,13.2494310878,22.2625018298,0.006032,4.2572141076,9254141.8,0.7109071962,4.8724208064,0.0056334752,-1,0.0056207415,0.000101845"
2026-04-08T05:00:00.000-03:00,"CSV=1775635200000,0.005849,0.005852,0.005768,0.005804,7091777,0.00571278,0.0058311402,0.0055944198,2.0297947541,4.1436980743,25.7701947531,15.4861809822,22.4401410186,0.006032,2.0035149385,9182392.5,0.772323444,3.7640677234,0.0056334752,-1,0.005622565,0.0001001605"
2026-04-08T06:00:00.000-03:00,"CSV=1775638800000,0.005809,0.0059,0.005805,0.005889,5203120,0.00571868,0.0058383179,0.0055990421,2.0491837391,4.1841075293,27.3169920499,14.4975645803,22.9879856406,0.006032,2.4530271399,8431583.1,0.6170988222,3.0139652019,0.0056334752,-1,0.0056252161,0.0000997445"
2026-04-08T07:00:00.000-03:00,"CSV=1775642400000,0.005887,0.005893,0.005804,0.005831,6703118,0.0057239,0.0058426273,0.0056051727,2.0320873919,4.1484754299,25.6880818091,13.7000757811,23.4844905457,0.006032,2.7670074022,8304442.3,0.8071725659,2.7537942895,0.0056334752,-1,0.0056272637,0.00009867"
2026-04-08T08:00:00.000-03:00,"CSV=1775646000000,0.005831,0.00589,0.005817,0.005857,5434022,0.00572654,0.0058467211,0.0056063589,2.0555293083,4.19733609,24.4089663634,13.0178925543,23.9478951238,0.006032,1.2445980985,8284554.2,0.6559220773,2.1079826497,0.0056334752,-1,0.0056295496,0.000096103"
2026-04-08T09:00:00.000-03:00,"CSV=1775649600000,0.005857,0.005886,0.005784,0.005839,16937419,0.00572848,0.0058496736,0.0056072864,2.0718011294,4.2312656688,22.7156294413,14.3592337335,23.8539853787,0.006032,-0.511160334,9107929.8,1.8596343375,1.0884646635,0.0056334752,-1,0.0056316337,0.0000966927"
2026-04-08T10:00:00.000-03:00,"CSV=1775653200000,0.005834,0.005846,0.005725,0.005765,10103339,0.00572726,0.0058477709,0.0056067491,2.0608003168,4.2083258255,20.8749901431,17.14674226,22.9174244056,0.006032,-3.4176578991,9362755.7,1.0790988598,-0.5036871383,0.0056334752,-1,0.0056329607,0.0000991235"
2026-04-08T11:00:00.000-03:00,"CSV=1775656800000,0.005766,0.00578,0.005721,0.005741,5378515,0.00572818,0.0058486167,0.0056077433,2.059233166,4.2050582869,20.027189416,16.7257016293,21.9884583497,0.006032,-3.8680509042,7593459.2,0.7083089351,-1.2490497646,0.0056334752,-1,0.0056340358,0.0000951111"
2026-04-08T12:00:00.000-03:00,"CSV=1775660400000,0.005744,0.005809,0.005702,0.005801,6956367,0.00573196,0.0058516546,0.0056122654,2.045483078,4.17639358,20.5447237915,15.5023272119,21.4551194428,0.006032,-0.9053638538,7566533.7,0.919359812,-1.1101515572,0.0056334752,-1,0.0056356971,0.0000963"
2026-04-08T13:00:00.000-03:00,"CSV=1775664000000,0.005798,0.005918,0.005771,0.005912,8767105,0.00573664,0.0058586849,0.0056145951,2.0831444793,4.2549251979,25.7550923328,13.9955100428,21.9970052472,0.006032,1.0943912449,7915361.8,1.107606351,-0.3360494737,0.0056334752,-1,0.0056384464,0.00010137"
2026-04-08T14:00:00.000-03:00,"CSV=1775667600000,0.005915,0.006,0.005894,0.00596,10938585,0.00574188,0.0058677189,0.0056160411,2.1445963906,4.3831946147,29.3596050965,13.0179194905,23.1013483893,0.006032,1.8281223304,8351336.7,1.3098005018,0.5741255328,0.005641501,-1,0.0056416459,0.000101833"
2026-04-08T15:00:00.000-03:00,"CSV=1775671200000,0.005961,0.006036,0.005927,0.005976,11660138,0.00574542,0.0058752425,0.0056155975,2.2096536081,4.5191651111,29.6217087483,12.0876793959,24.3638296735,0.006036,2.9634734666,8808172.8,1.3237862454,1.6904188264,0.0056738509,-1,0.0056449728,0.0001025497"
2026-04-08T16:00:00.000-03:00,"CSV=1775674800000,0.005973,0.006007,0.005894,0.005978,14718115,0.00574738,0.0058799307,0.0056148293,2.2542893919,4.6125592169,27.4434598425,13.346303757,25.043609303,0.006036,1.5112922398,9759672.3,1.5080542202,1.886649431,0.0056738509,-1,0.0056482865,0.0001035947"
2026-04-08T17:00:00.000-03:00,"CSV=1775678400000,0.005981,0.006,0.005894,0.005898,8512581,0.00574628,0.0058773395,0.0056152205,2.2299125955,4.561543627,25.5547725345,12.4277973202,25.6780702905,0.006036,1.149031041,9940618.6,0.8563431857,1.585754588,0.0056738509,-1,0.0056507712,0.0001038353"
2026-04-08T18:00:00.000-03:00,"CSV=1775682000000,0.005904,0.005935,0.005867,0.005895,6426539,0.00574724,0.0058792064,0.0056152736,2.2446302145,4.5923415142,24.4005562513,13.6598493714,25.8475428531,0.006036,0.6487963121,10039870.3,0.6401017949,1.19560162,0.0056738509,-1,0.0056532014,0.0001002517"
2026-04-08T19:00:00.000-03:00,"CSV=1775685600000,0.005895,0.005895,0.005817,0.005826,3769903,0.00574762,0.0058797852,0.0056154548,2.2477893137,4.5989534106,23.1173341214,16.3126252823,25.2748874635,0.006036,-0.2226408632,8723118.7,0.4321737591,0.7649945671,0.0056738509,-1,0.0056549208,0.0000980266"
2026-04-08T20:00:00.000-03:00,"CSV=1775689200000,0.005827,0.005827,0.005647,0.005706,23197924,0.00574432,0.005875419,0.005613221,2.2313125577,4.5644727694,20.4572764439,25.3030713401,24.2958620504,0.006036,-1.0234171726,10032577.2,2.3122597053,-0.2788057186,0.0056738509,-1,0.005655429,0.0001062239"
2026-04-08T21:00:00.000-03:00,"CSV=1775692800000,0.005707,0.005734,0.005632,0.00568,11256355,0.00574244,0.0058737736,0.0056111064,2.2359330352,4.5741407954,19.1214069341,24.6110700516,23.5129931901,0.006036,-1.0625326598,10620361.2,1.0598843851,-0.5612577373,0.0056738509,-1,0.0056556735,0.0001058015"
2026-04-08T22:00:00.000-03:00,"CSV=1775696400000,0.00568,0.005692,0.00562,0.005637,4765435,0.0057401,0.0058722466,0.0056079534,2.2503588761,4.6043317403,18.2215033591,24.2371855864,22.890014869,0.006036,-2.8270987761,10401268,0.4581590437,-0.8059254488,0.0059632641,1,0.0056554877,0.0001024214"
2026-04-08T23:00:00.000-03:00,"CSV=1775700000000,0.005636,0.005771,0.005635,0.00577,6939298,0.0057407,0.0058729129,0.0056084871,2.2512320347,4.6061594055,21.6884312879,22.1294488458,21.4311124468,0.006036,-2.401894452,10218487.3,0.6790924915,-1.0809864618,0.0059632641,1,0.0056566271,0.0001057792"
2026-04-09T00:00:00.000-03:00,"CSV=1775703600000,0.005767,0.005921,0.005756,0.005873,15620660,0.00574458,0.0058777683,0.0056113917,2.2659671913,4.6370074501,28.7186098073,19.8819409953,21.2145209536,0.006036,-1.4597315436,10686694.8,1.4616923466,-1.431883783,0.0059632641,1,0.0056587801,0.0001117013"
2026-04-09T01:00:00.000-03:00,"CSV=1775707200000,0.005875,0.005889,0.005801,0.005801,6840106,0.00574582,0.005879239,0.005612401,2.2693241901,4.6440366267,27.1433368844,18.7913769494,21.0123688933,0.006036,-2.9283801874,10204691.6,0.6702903202,-1.6088774865,0.0059632641,1,0.0056601952,0.0001093312"
2026-04-09T02:00:00.000-03:00,"CSV=1775710800000,0.005809,0.005863,0.005784,0.005796,6113477,0.00574618,0.0058797096,0.0056126504,2.2710233223,4.647594602,25.7830386416,18.9280721405,20.6336566093,0.006036,-3.0444964871,9344227.8,0.6542517082,-1.7365406668,0.0059632641,1,0.0056615465,0.0001062981"
2026-04-09T03:00:00.000-03:00,"CSV=1775714400000,0.005797,0.005873,0.005777,0.005866,7583749,0.00575034,0.0058842969,0.0056163831,2.2765158003,4.6590966726,24.8418033509,17.7686722827,20.3647136435,0.006036,-0.5425567989,9251344.6,0.8197455968,-1.3059466268,0.0059632641,1,0.0056635809,0.0001052682"
2026-04-09T04:00:00.000-03:00,"CSV=1775718000000,0.005863,0.005903,0.005675,0.005811,66452681,0.00575348,0.0058869812,0.0056199788,2.2677360863,4.6407112564,21.491925148,21.4052876678,19.0205304199,0.006036,-1.4249363868,15253958.8,4.3564219539,-2.9398391373,0.0059632641,1,0.0056650477,0.0001175414"
2026-04-09T05:00:00.000-03:00,"CSV=1775721600000,0.005811,0.005844,0.005773,0.005842,7055295,0.00575794,0.0058905963,0.0056252837,2.2520013653,4.6077697687,20.5665984531,20.4836911168,17.7659594112,0.006036,0.2746309646,15582498,0.4527704736,-1.9184444942,0.0059632641,1,0.0056668084,0.0001128873"
2026-04-09T06:00:00.000-03:00,"CSV=1775725200000,0.00584,0.005934,0.005819,0.005833,11051603,0.00576162,0.0058937543,0.0056294857,2.2419378552,4.586706827,24.5776740442,19.0596046023,17.4245828268,0.006036,2.2257273046,14367865.9,0.7691889023,-0.7082947487,0.0059632641,1,0.0056684621,0.0001130986"
2026-04-09T07:00:00.000-03:00,"CSV=1775728800000,0.005838,0.005882,0.005775,0.005794,6008197,0.0057649,0.0058957557,0.0056340443,2.2194895936,4.5397382042,22.9846744225,20.4895439657,16.6455662168,0.006036,2.0070422535,13843050.1,0.4340226292,-0.1818292472,0.0059632641,1,0.0056697112,0.0001124887"
2026-04-09T08:00:00.000-03:00,"CSV=1775732400000,0.005791,0.005844,0.005752,0.005832,4330432,0.00576888,0.0058986855,0.0056390745,2.2005833605,4.5001973142,21.6896028644,20.7436856262,15.6844742514,0.006036,3.4592868547,13799549.8,0.3138096578,0.2406330432,0.0059632641,1,0.005671326,0.0001104398"
2026-04-09T09:00:00.000-03:00,"CSV=1775736000000,0.005828,0.006229,0.00577,0.006112,123518371,0.00577964,0.0059150237,0.0056442563,2.2888110332,4.6848494168,36.0845947936,15.9420631075,17.2198953101,0.006229,5.9272097054,25457457.1,4.8519524364,9.7466018857,0.0055636125,-1,0.0056757108,0.0001452958"
2026-04-09T10:00:00.000-03:00,"CSV=1775739600000,0.006112,0.006205,0.006029,0.006107,41670385,0.00578948,0.00593031,0.00564865,2.3747494216,4.8650311422,32.9510588988,14.5576765772,18.652954965,0.006229,3.9843350928,28062429.6,1.4849172219,8.4698705228,0.0056719012,-1,0.0056800023,0.0001483663"
2026-04-09T11:00:00.000-03:00,"CSV=1775743200000,0.006107,0.006253,0.006067,0.006102,36835805,0.00579908,0.005944453,0.005653707,2.4455238354,5.0136578691,32.3114378826,13.2544004817,20.1976300213,0.006253,5.1887605585,31061999.5,1.1858800333,7.6976628631,0.0057036111,-1,0.0056842013,0.0001521296"
2026-04-09T12:00:00.000-03:00,"CSV=1775746800000,0.006099,0.006205,0.006051,0.006105,36393391,0.0058093,0.0059578242,0.0056607758,2.4929275261,5.1133265779,29.934147379,13.0436256377,21.4711612104,0.006253,5.33126294,34089990.9,1.0675682228,7.0289375427,0.0057036111,-1,0.0056883883,0.0001523167"
2026-04-09T13:00:00.000-03:00,"CSV=1775750400000,0.006101,0.00612,0.006012,0.006047,20717432,0.0058191,0.0059668171,0.0056713829,2.4756425264,5.0769727493,28.3659881929,14.2520612343,22.2475672837,0.006253,3.0855779066,35403359.2,0.5851826626,5.2878339268,0.0057036111,-1,0.0056919566,0.000147885"
2026-04-09T14:00:00.000-03:00,"CSV=1775754000000,0.006044,0.006064,0.006006,0.00603,7481583,0.0058281,0.0059746794,0.0056815206,2.4533438831,5.0300932513,27.535963537,14.1377306408,22.9077518959,0.006253,3.768714507,29506249.4,0.253559268,3.8437534485,0.0057036111,-1,0.0056953202,0.0001388965"
2026-04-09T15:00:00.000-03:00,"CSV=1775757600000,0.006023,0.006072,0.005964,0.006052,33064006,0.00583838,0.0059822526,0.0056945074,2.404989853,4.9285098683,26.0171258047,15.5029631672,23.0687733345,0.006253,3.5946593632,32107120.5,1.0298029062,3.7964325186,0.0057036111,-1,0.0056988693,0.0001358069"
2026-04-09T16:00:00.000-03:00,"CSV=1775761200000,0.006052,0.00644,0.006051,0.006397,72890157,0.00585552,0.0060132097,0.0056978303,2.6223885898,5.3860195415,38.0540041729,12.782122323,24.845018168,0.00644,9.6691239499,38290975.9,1.9035857741,8.6662906122,0.0057621215,-1,0.0057058158,0.0001611262"
2026-04-09T17:00:00.000-03:00,"CSV=1775764800000,0.006407,0.006555,0.006304,0.006431,45521845,0.00587276,0.0060446626,0.0057008574,2.8438741279,5.85423534,38.8939589908,11.3990513214,26.8333130327,0.006555,10.9941318605,42242340.7,1.0776354777,9.7267492546,0.0059191593,-1,0.0057130316,0.0001701136"
2026-04-09T18:00:00.000-03:00,"CSV=1775768400000,0.006418,0.006424,0.00616,0.006175,20744938,0.00588418,0.0060568138,0.0057115462,2.8502411009,5.8677265559,34.567184091,16.0421549221,27.4846904141,0.006555,5.8813443073,43883791.3,0.4727243792,7.4112511153,0.0059191593,-1,0.0057176283,0.0001802022"
2026-04-09T19:00:00.000-03:00,"CSV=1775772000000,0.006166,0.006281,0.006087,0.006177,24915663,0.00589648,0.0060676232,0.0057253368,2.8205977213,5.8049291417,31.8496069011,17.7392429296,27.5493584617,0.006555,1.0634816754,34023520.5,0.7323070227,5.2004324433,0.0059191593,-1,0.0057221992,0.000181582"
2026-04-09T20:00:00.000-03:00,"CSV=1775775600000,0.006181,0.006215,0.005949,0.006008,27158522,0.00590436,0.0060713353,0.0057373847,2.750223642,5.6559999313,28.552009068,21.2740273659,26.686520189,0.006555,-1.6210905518,32572334.2,0.8337910889,3.0164046768,0.0059191593,-1,0.005725043,0.0001900238"
2026-04-09T21:00:00.000-03:00,"CSV=1775779200000,0.006014,0.006052,0.00588,0.005962,19269288,0.0059098,0.0060741125,0.0057454875,2.7051278181,5.5606791137,26.6410352233,22.5351312726,25.4640440327,0.006555,-2.294329728,30815682.5,0.6253078445,1.5327156589,0.0059191593,-1,0.0057274007,0.0001882214"
2026-04-09T22:00:00.000-03:00,"CSV=1775782800000,0.005958,0.006011,0.005903,0.005927,11304449,0.00591338,0.0060760702,0.0057506898,2.6775570029,5.5024451102,25.4931458569,21.5641540811,24.3230662869,0.006555,-2.9156429156,28306788.3,0.3993547018,0.6336852036,0.0059191593,-1,0.0057293868,0.0001801993"
2026-04-09T23:00:00.000-03:00,"CSV=1775786400000,0.005928,0.005956,0.005896,0.005916,6226237,0.00591822,0.0060772759,0.0057591641,2.6172232258,5.3751254842,24.8556680147,21.3166589718,23.2125141217,0.006555,-2.166363486,26857668.8,0.2318234336,0.2550521951,0.006430538,1,0.0057312436,0.0001681793"
2026-04-10T00:00:00.000-03:00,"CSV=1775790000000,0.005913,0.006083,0.005913,0.005955,16949634,0.00592162,0.0060796052,0.0057636348,2.5986091317,5.3358768463,28.3728382714,19.8126670652,22.8493487526,0.006555,-1.2437810945,27804473.9,0.6096009607,-0.0827019199,0.006430538,1,0.0057334701,0.0001683614"
2026-04-10T01:00:00.000-03:00,"CSV=1775793600000,0.00596,0.006017,0.005934,0.005966,6691302,0.00592356,0.0060814827,0.0057656373,2.5967789171,5.3320185683,27.3629312861,19.1074520749,22.5103944081,0.006555,-1.4210178453,25167203.5,0.2658738783,-0.1810717885,0.006430538,1,0.0057357838,0.0001598253"
2026-04-10T02:00:00.000-03:00,"CSV=1775797200000,0.005965,0.00624,0.005962,0.006156,26112086,0.0059273,0.0060884361,0.0057661639,2.6465929729,5.4370834133,33.3493957406,16.9432171662,23.1844646485,0.006555,-3.7673909645,20489396.4,1.2744194846,-1.7211266761,0.006430538,1,0.0057399651,0.0001716427"
2026-04-10T03:00:00.000-03:00,"CSV=1775800800000,0.006158,0.006375,0.006141,0.006224,39681663,0.00593234,0.0060986533,0.0057660267,2.7270491444,5.6070040446,35.6055456646,15.3728858025,24.2847447994,0.006555,-3.2187840149,19905378.2,1.9935146472,-3.2863154774,0.006430538,1,0.0057447813,0.0001778785"
2026-04-10T04:00:00.000-03:00,"CSV=1775804400000,0.00623,0.006232,0.006092,0.006132,10719505,0.0059379,0.0061061371,0.0057696629,2.7552136628,5.6665529673,33.6087952903,16.4735696114,24.946701183,0.006555,-0.6963562753,18902834.9,0.567084517,-2.322507939,0.006430538,1,0.0057486343,0.0001740906"
2026-04-10T05:00:00.000-03:00,"CSV=1775808000000,0.006129,0.006198,0.00605,0.006125,15839041,0.00594344,0.0061131796,0.0057737004,2.7766170081,5.7118296498,31.6015023315,17.1845870284,25.2536733003,0.006555,-0.8418326048,17995172.7,0.8801827726,-1.795327478,0.006430538,1,0.0057523792,0.0001714816"
2026-04-10T06:00:00.000-03:00,"CSV=1775811600000,0.006121,0.006224,0.006097,0.006183,14470854,0.00595004,0.0061225281,0.0057775519,2.8172698588,5.797881691,31.022199609,16.29007511,25.6459657483,0.006555,2.9127829561,16726405.9,0.8651502353,-0.3568866987,0.006430538,1,0.005756664,0.0001670334"
2026-04-10T07:00:00.000-03:00,"CSV=1775815200000,0.006179,0.006223,0.006103,0.006128,14602132,0.00595652,0.0061294853,0.0057835547,2.8218575058,5.807597127,29.4692517003,15.4746062395,26.0121053664,0.006555,2.7843005703,16259690.3,0.8980572035,0.5955625954,0.006430538,1,0.0057603589,0.0001623301"
2026-04-10T08:00:00.000-03:00,"CSV=1775818800000,0.006131,0.006138,0.005941,0.005963,26766569,0.005958,0.0061306977,0.0057853023,2.8169331551,5.7971686766,27.0844487285,20.8770784811,25.1407913348,0.006555,0.6073899106,17805902.3,1.5032413718,0.7013929444,0.006430538,1,0.0057623752,0.0001657971"
2026-04-10T09:00:00.000-03:00,"CSV=1775822400000,0.00597,0.006344,0.005865,0.006329,111695190,0.00596796,0.0061472796,0.0057886404,2.9170561646,6.0094101999,29.8566717274,17.2420708146,25.2502923939,0.006555,6.9810682894,28352797.6,3.9394768578,9.6348476193,0.006430538,1,0.0057680132,0.0001971173"
2026-04-10T10:00:00.000-03:00,"CSV=1775826000000,0.006326,0.006495,0.006238,0.006408,32553016,0.00597898,0.00616782,0.00579014,3.0616974004,6.316795979,32.4859610269,15.6733085834,25.8943077053,0.006555,7.6070528967,29913135.8,1.0882515366,9.1826940809,0.006430538,1,0.0057743813,0.0002031056"
2026-04-10T11:00:00.000-03:00,"CSV=1775829600000,0.006407,0.006619,0.006347,0.006484,24482125,0.00599188,0.0061923872,0.0057913728,3.2379632227,6.6926313884,33.7113379757,14.2074782506,26.8814792817,0.006619,8.6825343614,31692218.1,0.7724964192,8.3575382886,0.0058530148,-1,0.0057814422,0.0002099951"
2026-04-10T12:00:00.000-03:00,"CSV=1775833200000,0.006474,0.006573,0.006401,0.006467,29830174,0.00600592,0.0062144657,0.0057973743,3.355810793,6.9446716259,31.7025244123,13.3608736147,27.8028394196,0.006619,5.0519818064,32064026.9,0.9303314925,7.1383647837,0.0058684134,-1,0.0057882636,0.0002061955"
2026-04-10T13:00:00.000-03:00,"CSV=1775836800000,0.006467,0.006531,0.006413,0.006477,11877508,0.00602064,0.006235836,0.005805444,3.4509564077,7.1486081671,30.3722025929,12.8002160006,28.6627755484,0.006619,4.0649100257,29283611.4,0.4056025685,5.3084891716,0.005879872,-1,0.0057951167,0.000197376"
2026-04-10T14:00:00.000-03:00,"CSV=1775840400000,0.006481,0.006483,0.006322,0.006358,12743821,0.00603178,0.0062497172,0.0058138428,3.4871525777,7.2262971632,28.6167455645,15.3272390189,28.7680521308,0.006619,3.6855838226,29486043,0.4321984133,4.0699606078,0.005879872,-1,0.0058007176,0.0001937384"
2026-04-10T15:00:00.000-03:00,"CSV=1775844000000,0.006362,0.006397,0.006332,0.006337,3300280,0.00604028,0.0062616408,0.0058189192,3.5351883369,7.3294878742,27.9187375724,14.953383253,28.8663102745,0.006619,3.4612244898,28232166.9,0.1168978638,2.8481769882,0.005879872,-1,0.0058060537,0.0001808646"
2026-04-10T16:00:00.000-03:00,"CSV=1775847600000,0.006338,0.006427,0.006264,0.006351,16259922,0.0060481,0.0062733587,0.0058228413,3.5907195499,7.4489085142,26.201598718,16.599525205,28.4375003948,0.006619,2.717127608,28411073.7,0.5723093105,2.4171304681,0.005879872,-1,0.005811476,0.0001790781"
2026-04-10T17:00:00.000-03:00,"CSV=1775851200000,0.006346,0.006378,0.006217,0.006267,9084139,0.00605392,0.0062809927,0.0058268473,3.6152352619,7.5016736759,24.6003720687,17.3691073074,27.6903215446,0.006619,2.2682767624,27859274.4,0.3260723474,1.8579610882,0.005879872,-1,0.0058160086,0.0001772703"
2026-04-10T18:00:00.000-03:00,"CSV=1775854800000,0.006265,0.006337,0.006236,0.006312,4411546,0.0060606,0.0062902393,0.0058309607,3.6507241147,7.5781038958,23.6297656607,16.6838100766,26.9929546177,0.006619,5.8527586785,25623772.1,0.1721661425,1.5745230204,0.005879872,-1,0.0058209439,0.0001696433"
2026-04-10T19:00:00.000-03:00,"CSV=1775858400000,0.006314,0.006368,0.006298,0.006322,2395551,0.00606908,0.0063003809,0.0058377791,3.6712211339,7.6222727561,24.2177222846,16.2089175009,26.5141383779,0.006619,-0.1106019908,14693808.2,0.1630313236,1.043671484,0.005879872,-1,0.0058259295,0.0001596789"
2026-04-10T20:00:00.000-03:00,"CSV=1775862000000,0.006322,0.006363,0.006286,0.00629,4905939,0.00607698,0.006308945,0.005845015,3.6767629945,7.6342180948,23.4316562367,16.1886472316,25.9652660748,0.006619,-1.8414481898,11929100.5,0.4112580827,0.443344172,0.005879872,-1,0.0058305471,0.000151411"
2026-04-10T21:00:00.000-03:00,"CSV=1775865600000,0.006288,0.006291,0.006169,0.006275,11116789,0.00608596,0.0063167229,0.0058551971,3.653206079,7.5834512604,22.2079783868,20.3515208162,24.5250502499,0.006619,-3.2233189389,10592566.9,1.049489619,-0.8320504737,0.005879872,-1,0.0058349695,0.0001484699"
2026-04-10T22:00:00.000-03:00,"CSV=1775869200000,0.006277,0.006288,0.006231,0.006251,2555010,0.00609686,0.0063222265,0.0058714935,3.5646705333,7.3928726185,21.6422032843,19.8330412151,23.1808488134,0.006619,-3.3400340189,7865050.5,0.3248561468,-0.9163771763,0.005879872,-1,0.0058391091,0.0001393229"
2026-04-10T23:00:00.000-03:00,"CSV=1775872800000,0.006247,0.006327,0.006231,0.006317,5190209,0.0061096,0.0063289663,0.0058902337,3.4660679127,7.1810353888,22.4765268305,18.9613480961,22.2009928379,0.006619,-2.4702794504,7196320.6,0.7212309302,-1.2047987661,0.005879872,-1,0.0058438643,0.0001349906"
2026-04-11T00:00:00.000-03:00,"CSV=1775876400000,0.006315,0.006525,0.006257,0.006443,21499321,0.00612572,0.0063393032,0.0059121368,3.3691911336,6.9733269816,28.4490593591,16.7582683033,22.4449526212,0.006619,1.3368983957,8071870.6,2.6634868255,0.3837379106,0.0059461252,-1,0.0058498258,0.0001482916"
2026-04-11T01:00:00.000-03:00,"CSV=1775880000000,0.006449,0.006481,0.00633,0.006373,9191260,0.00613778,0.0063479337,0.0059276263,3.3105841377,6.8478728683,26.5844250752,15.6598825457,22.672648419,0.006619,0.5680921572,8660968.6,1.0612277246,0.4567836562,0.0059598127,-1,0.0058550315,0.0001485624"
2026-04-11T02:00:00.000-03:00,"CSV=1775883600000,0.006377,0.006395,0.006286,0.006383,11847796,0.00614798,0.0063574102,0.0059385498,3.2942695003,6.8129768181,25.3018274898,16.8519058375,22.4975044064,0.006619,0.5038576602,8219756,1.4413804984,0.5466059726,0.0059598127,-1,0.0058602849,0.0001446062"
2026-04-11T03:00:00.000-03:00,"CSV=1775887200000,0.006383,0.006435,0.006339,0.006371,5209141,0.00615938,0.0063650932,0.0059536668,3.2318959306,6.6796719058,26.0144302543,16.118093879,22.5635768623,0.006619,1.6594861975,7832256.2,0.6650881773,0.7323055318,0.0059677633,-1,0.0058653667,0.0001397456"
2026-04-11T04:00:00.000-03:00,"CSV=1775890800000,0.006375,0.006429,0.006328,0.006381,10500103,0.00617108,0.0063723818,0.0059697782,3.1589733921,6.5240394546,24.797256018,15.8735305549,22.5220960277,0.006619,1.0931558935,8441111.9,1.2439241565,0.9414713621,0.005970887,-1,0.0058704974,0.000135871"
2026-04-11T05:00:00.000-03:00,"CSV=1775894400000,0.006377,0.006562,0.006276,0.006503,17501816,0.00618382,0.0063855675,0.0059820725,3.1594299681,6.5250131572,27.495507842,13.9003292167,23.2100828327,0.006619,2.8630180323,9951738.4,1.758669219,2.3060148037,0.005970887,-1,0.0058767909,0.0001508839"
2026-04-11T06:00:00.000-03:00,"CSV=1775898000000,0.006503,0.006799,0.006416,0.006718,31753195,0.00620196,0.0064100467,0.0059938733,3.2462588543,6.7103531416,32.6999919446,11.7963498462,24.7946332153,0.006799,6.8044515103,12636464,2.5128228118,7.2368035282,0.0060852135,-1,0.0058851612,0.0001740955"
2026-04-11T07:00:00.000-03:00,"CSV=1775901600000,0.00673,0.006764,0.006547,0.006692,28826069,0.00621896,0.0064316157,0.0060063043,3.3064114983,6.8389467173,29.9482249295,10.8036643904,26.2735469057,0.006799,6.6454183267,14407392,2.0007832785,9.256549641,0.0061203421,-1,0.0058931894,0.000178386"
2026-04-11T08:00:00.000-03:00,"CSV=1775905200000,0.006702,0.006895,0.006587,0.006878,25865021,0.00623986,0.0064645665,0.0060151535,3.4759713111,7.202292234,31.3759566669,9.577946243,28.0703585645,0.006895,10.0303951368,16738393.1,1.5452511388,11.3375262633,0.0061669579,-1,0.0059029885,0.0001913474"
2026-04-11T09:00:00.000-03:00,"CSV=1775908800000,0.006885,0.007323,0.006843,0.007259,300634762,0.00626916,0.0065269033,0.0060114167,3.9489371726,8.2225788165,40.5802089325,8.0524790285,30.6579679558,0.007323,14.9121418395,46282848.4,6.4955976651,39.8461087468,0.0064223621,-1,0.0059164812,0.0002202126"
2026-04-11T10:00:00.000-03:00,"CSV=1775912400000,0.007259,0.007721,0.006829,0.007134,460271264,0.0062952,0.006572491,0.006017909,4.218964116,8.8096021871,41.5525688392,6.1137232713,33.5706242705,0.007721,10.7248176315,90160042.7,5.1050470942,44.8143055265,0.0064223621,-1,0.0059285958,0.0002873914"
2026-04-11T11:00:00.000-03:00,"CSV=1775916000000,0.007137,0.007339,0.006963,0.007205,89044870,0.00631706,0.0066208625,0.0060132575,4.588563265,9.618476405,37.4773698779,5.5141300471,36.2891034975,0.007721,13.0550761023,98145403.7,0.9072749884,33.8243850239,0.0064223621,-1,0.0059412963,0.0002962522"
2026-04-11T12:00:00.000-03:00,"CSV=1775919600000,0.007214,0.007342,0.007013,0.007059,68188919,0.0063361,0.0066555689,0.0060166311,4.8000246467,10.084088003,34.3984835697,5.0498297591,38.8296793025,0.007721,10.5906313646,103779516,0.657055666,24.8691347974,0.0064223621,-1,0.0059524178,0.000299527"
2026-04-11T13:00:00.000-03:00,"CSV=1775923200000,0.007059,0.0074,0.006982,0.007253,49815727,0.00635912,0.0067015357,0.0060167043,5.1095116467,10.7692809583,32.2880260429,4.5305338135,41.2670303859,0.007721,13.8439805368,108240174.6,0.4602332469,18.7032432357,0.0064223621,-1,0.0059653589,0.0003113743"
2026-04-11T14:00:00.000-03:00,"CSV=1775926800000,0.00725,0.007471,0.007147,0.007392,69446105,0.00638486,0.0067544967,0.0060152233,5.4724534508,11.5785369462,31.4717364319,4.1740590912,43.6212521366,0.007721,15.8439116126,114134774.8,0.6084570204,15.682275241,0.0064223621,-1,0.0059795543,0.0003126369"
2026-04-11T15:00:00.000-03:00,"CSV=1775930400000,0.007381,0.007416,0.00711,0.007153,36341970,0.00640698,0.006788634,0.006025326,5.621955828,11.9136942862,29.1507691365,4.7579521674,45.5089490247,0.007721,9.9953867446,116018790.2,0.3132421045,11.4985088203,0.0064223621,-1,0.0059912304,0.0003119732"
2026-04-11T16:00:00.000-03:00,"CSV=1775934000000,0.007157,0.007272,0.007101,0.00725,22161118,0.00643138,0.0068268997,0.0060358603,5.7935471845,12.2996822644,27.9180305211,4.7793164959,47.1927747358,0.007721,7.9190235189,115059582.5,0.1926055833,8.1740885948,0.0064223621,-1,0.0060037555,0.0002978759"
2026-04-11T17:00:00.000-03:00,"CSV=1775937600000,0.00726,0.007497,0.007237,0.007417,38951255,0.00645868,0.0068736991,0.0060436609,6.0377840047,12.851514709,31.6961622649,4.4712858818,49.0648917124,0.007721,10.8338314405,116072101.1,0.3355780987,6.6612579154,0.0064847352,-1,0.0060178176,0.0002940883"
2026-04-11T18:00:00.000-03:00,"CSV=1775941200000,0.007419,0.007638,0.007411,0.007575,39809286,0.00648224,0.0069255605,0.0060389195,6.4012225252,13.6780045592,33.425800403,4.2170413161,50.9668628123,0.007721,10.1337598139,117466527.6,0.3388989767,5.5856122206,0.0066623616,-1,0.0060333119,0.0002873795"
2026-04-11T19:00:00.000-03:00,"CSV=1775944800000,0.007585,0.007588,0.007429,0.0075,22675415,0.00650362,0.0069691736,0.0060380664,6.6801843079,14.3167541821,32.0577963115,4.0444521872,52.7420358388,0.007721,3.3200165312,89670592.9,0.2528745965,4.0035907607,0.0066848755,-1,0.0060479059,0.0002745415"
2026-04-11T20:00:00.000-03:00,"CSV=1775948400000,0.007504,0.008076,0.007455,0.007911,147252612,0.00653834,0.0070413204,0.0060353596,7.1432679449,15.3855682551,38.8607346047,3.453069508,54.8044838809,0.008076,10.8915054668,58368727.7,2.522799756,11.8280896185,0.0068379379,-1,0.0060664441,0.0003091874"
2026-04-11T21:00:00.000-03:00,"CSV=1775952000000,0.007912,0.008336,0.007737,0.00784,258512601,0.0065716,0.007103726,0.006039474,7.4908013078,16.1947166631,39.457380913,2.9997608869,56.8754668429,0.008336,8.8133240805,75315500.8,3.4323956988,17.968998301,0.0070219941,-1,0.0060840914,0.0003381686"
2026-04-11T22:00:00.000-03:00,"CSV=1775955600000,0.007844,0.008039,0.00763,0.00792,152766243,0.00660984,0.0071681468,0.0060515332,7.788719429,16.8932030457,35.9999735772,5.0292700082,58.1160664852,0.008336,12.1971950701,83773233.2,1.8235686647,19.3934731095,0.0070219941,-1,0.0061023592,0.0003452518"
2026-04-11T23:00:00.000-03:00,"CSV=1775959200000,0.007915,0.008288,0.007817,0.007863,129418580,0.00664786,0.00722516,0.00607056,7.9901343686,17.3679948641,37.6455481528,4.5385841829,59.4737974771,0.008336,8.4103129739,91733518.5,1.410810161,16.8841004065,0.0070219941,-1,0.006119878,0.0003578266"
2026-04-12T00:00:00.000-03:00,"CSV=1775962800000,0.00787,0.008057,0.007829,0.007934,81370948,0.006688,0.0072832767,0.0060927233,8.1731995559,17.8013379894,35.8323271619,4.3199804831,60.7410130695,0.008336,7.3322510823,92926002.8,0.87565316,13.3962365478,0.0070219941,-1,0.006137929,0.0003448439"
2026-04-12T01:00:00.000-03:00,"CSV=1775966400000,0.007933,0.009444,0.007919,0.00901,517050931,0.00674988,0.0074180411,0.0060817189,9.0072446059,19.7977181081,49.9757623023,3.2114711428,62.5532056835,0.009444,25.961135188,140996898.9,3.6671085324,40.6649244849,0.0072929214,-1,0.0061665068,0.0004628595"
2026-04-12T02:00:00.000-03:00,"CSV=1775970000000,0.00901,0.009242,0.00801,0.008433,561150613,0.00679944,0.007498013,0.006100867,9.3167750781,20.5479571026,40.8931252083,2.6278156749,64.2445854566,0.009444,16.3172413793,194895848.4,2.8792332808,42.7703311332,0.0072929214,-1,0.0061890589,0.0005397736"
2026-04-12T03:00:00.000-03:00,"CSV=1775973600000,0.008441,0.008629,0.008234,0.008527,138261101,0.00685066,0.0075794793,0.0061218407,9.6156909836,21.2773457877,38.4901371931,2.4733982871,65.8232065781,0.009444,14.9656195227,204826833,0.6750145915,31.8808912716,0.0072929214,-1,0.006212322,0.0005252962"
2026-04-12T04:00:00.000-03:00,"CSV=1775977200000,0.008528,0.00885,0.00843,0.00868,120547673,0.00690114,0.0076665863,0.0061356937,9.9841865445,22.1831835123,39.3766468062,2.3182064647,67.3603348944,0.009444,14.5874587459,212900671.7,0.5662155598,24.0071428875,0.0072929214,-1,0.0062368761,0.0005147666"
2026-04-12T05:00:00.000-03:00,"CSV=1775980800000,0.00868,0.008758,0.008281,0.008409,153323646,0.00694484,0.0077324318,0.0061572482,10.1855636236,22.6813506482,36.5835084862,4.3695213941,68.1137002382,0.009444,12.12,225965494.8,0.6785268084,18.746010231,0.0072929214,-1,0.0062584892,0.0005109899"
2026-04-12T06:00:00.000-03:00,"CSV=1775984400000,0.008416,0.008477,0.008132,0.008185,104910603,0.0069859,0.0077834968,0.0061883032,10.2472808169,22.8344743428,34.6773310817,6.3921726755,68.1642161846,0.009444,3.4635317912,221731293.9,0.4731429703,13.0435887271,0.0072929214,-1,0.0062776585,0.0004943909"
2026-04-12T07:00:00.000-03:00,"CSV=1775988000000,0.008194,0.00868,0.008178,0.008579,87958528,0.00703498,0.0078533248,0.0062166352,10.4203605656,23.2650201125,35.1101423475,5.9119357861,68.3650557642,0.009444,9.4260204082,204675886.6,0.4297454354,10.0459888995,0.0072929214,-1,0.0063005574,0.0004951519"
2026-04-12T08:00:00.000-03:00,"CSV=1775991600000,0.008579,0.008746,0.00847,0.008714,86985104,0.0070856,0.0079276157,0.0062435843,10.621298696,23.7669568723,34.6356010702,5.6613836036,68.6008321189,0.009444,10.0252525253,198097772.7,0.4391018779,8.1646950031,0.0072929214,-1,0.0063245718,0.0004732367"
2026-04-12T09:00:00.000-03:00,"CSV=1775995200000,0.008714,0.009043,0.008637,0.008689,110641653,0.00713682,0.0079967298,0.0062769102,10.7532684492,24.0978426042,37.0472887535,5.3069050429,69.0234670599,0.009444,10.50489635,196220080,0.5638650896,7.4175781094,0.007440461,-1,0.0063480984,0.000466513"
2026-04-12T10:00:00.000-03:00,"CSV=1775998800000,0.008682,0.008756,0.008216,0.008312,131190223,0.0071838,0.0080424627,0.0063251373,10.6766143258,23.9055298793,34.012445922,11.2587499407,67.7726271206,0.009444,4.7643055205,201202007.5,0.652032376,5.9805458891,0.007440461,-1,0.0063676397,0.0004738617"
2026-04-12T11:00:00.000-03:00,"CSV=1776002400000,0.008317,0.008384,0.007669,0.007775,156473884,0.00721272,0.0080664424,0.0063589976,10.5836302038,23.672690421,30.4712821806,18.051626036,64.9608152347,0.009444,-13.7069922309,165144302.8,0.9474979236,-0.3420849665,0.007440461,-1,0.0063816433,0.0004979755"
2026-04-12T12:00:00.000-03:00,"CSV=1776006000000,0.007781,0.007857,0.007412,0.007421,96461105,0.00723298,0.0080793532,0.0063866068,10.4757548521,23.4031682362,28.4931053074,20.629002383,61.6973805245,0.009444,-12.000474327,118675352,0.8128149896,-3.4794451161,0.0091125339,1,0.0063919852,0.000492678"
2026-04-12T13:00:00.000-03:00,"CSV=1776009600000,0.007423,0.007772,0.007418,0.007682,65389824,0.00725694,0.0080987158,0.0064151642,10.3939419719,23.1991947881,26.9991716701,19.5473947367,58.6515081282,0.009444,-9.9096986044,111388224.3,0.5870443165,-4.2587741587,0.0090314305,1,0.0064048211,0.0004788102"
2026-04-12T14:00:00.000-03:00,"CSV=1776013200000,0.007685,0.007786,0.007513,0.00777,32324794,0.007283,0.0081200734,0.0064459266,10.3086928136,22.9870499984,26.0910092888,18.7357155401,55.8352928043,0.009444,-10.4838709677,102565936.4,0.3151611065,-3.9405522305,0.0090241875,1,0.006418405,0.0004582292"
2026-04-12T15:00:00.000-03:00,"CSV=1776016800000,0.007765,0.00787,0.007619,0.007689,37001994,0.00730724,0.0081381481,0.0064763319,10.2100395392,22.7420515319,26.3808293525,17.9994588108,53.3719629522,0.009444,-8.5622547271,90933771.2,0.4069114644,-3.7883946901,0.0090241875,1,0.0064310477,0.0004375062"
2026-04-12T16:00:00.000-03:00,"CSV=1776020400000,0.007686,0.007874,0.007646,0.007848,15498965,0.00733704,0.0081600513,0.0065140287,10.0858593765,22.4344231208,25.4736673131,17.3364143953,51.0810184761,0.009444,-4.1172877214,81992607.4,0.1890288099,-2.7850251261,0.0090096669,1,0.0064451468,0.0004165556"
2026-04-12T17:00:00.000-03:00,"CSV=1776024000000,0.007853,0.008102,0.007842,0.008018,33302735,0.00737066,0.0081864356,0.0065548844,9.9649668918,22.1357543786,28.1533662708,16.5897511558,49.3985809507,0.009444,-6.5392236857,76527028.1,0.4351761179,-2.8052547432,0.0090096669,1,0.006460797,0.0004009001"
2026-04-12T18:00:00.000-03:00,"CSV=1776027600000,0.008018,0.008336,0.008018,0.008227,45665461,0.00740818,0.0082193238,0.0065970362,9.8687415632,21.8985992971,30.5805091547,15.7034572506,48.248208395,0.009444,-5.5887078265,72395063.8,0.630781418,-3.045254178,0.0090096669,1,0.0064783712,0.0003926101"
2026-04-12T19:00:00.000-03:00,"CSV=1776031200000,0.008235,0.008393,0.008155,0.008212,40913429,0.00744708,0.0082491509,0.0066450091,9.7230726688,21.5405485238,30.3081088379,15.0583551056,47.2726342586,0.009444,-5.4896996202,65422241.4,0.6253749203,-3.1745429394,0.0090096669,1,0.0064956212,0.000377149"
2026-04-12T20:00:00.000-03:00,"CSV=1776034800000,0.008212,0.008599,0.008203,0.008557,39613184,0.00749198,0.0082920876,0.0066918724,9.6490485624,21.3590414021,31.7896775675,14.0308176933,46.7049559386,0.009444,2.947545717,56264537.5,0.7040524238,-1.4246197242,0.0090096669,1,0.0065161325,0.0003790341"
2026-04-12T21:00:00.000-03:00,"CSV=1776038400000,0.008568,0.008846,0.008404,0.008778,45057488,0.0075411,0.0083432591,0.0067389409,9.6144574175,21.2743258331,33.6073986226,12.9722340224,46.5446809801,0.009242,12.9003215434,45122897.9,0.9985504056,3.3441272871,0.0090096669,1,0.0065386386,0.0003853307"
2026-04-12T22:00:00.000-03:00,"CSV=1776042000000,0.008775,0.009042,0.008499,0.008781,85757665,0.00759092,0.008391182,0.006790658,9.5369395823,21.0847157687,33.8321891022,11.8003665731,46.6604309537,0.009043,18.326371109,44052553.9,1.946712674,14.1214778269,0.0090096669,1,0.0065609507,0.0004010977"
2026-04-12T23:00:00.000-03:00,"CSV=1776045600000,0.008781,0.009306,0.008415,0.008594,127561604,0.0076373,0.0084270839,0.0068475161,9.37197122,20.6822797455,33.2562152713,10.1830896768,47.0907875483,0.009306,11.8719083572,50269731.9,2.5375429544,19.4561443535,0.0090096669,1,0.00658118,0.0004500879"
2026-04-13T00:00:00.000-03:00,"CSV=1776049200000,0.008606,0.0092,0.008584,0.009145,55121715,0.00769518,0.008487288,0.006903072,9.3328753979,20.5871211618,30.1911817547,9.2445730444,47.4924537033,0.009306,17.6962676963,52549424,1.0489499371,19.1582625313,0.007567207,-1,0.0066066907,0.0004666791"
2026-04-13T01:00:00.000-03:00,"CSV=1776052800000,0.009146,0.009658,0.009114,0.009532,93408160,0.00775948,0.0085674349,0.0069515251,9.4305347748,20.8249761692,34.5225578718,8.5030595848,48.357919003,0.009658,23.9693068019,58190040.6,1.605225895,25.5975590085,0.0079627664,-1,0.0066357982,0.0004744112"
2026-04-13T02:00:00.000-03:00,"CSV=1776056400000,0.009531,0.009576,0.008917,0.009043,59763110,0.00781148,0.0086166963,0.0070062637,9.3448376192,20.616228296,31.2673889225,10.5200133725,48.444046618,0.009658,15.2268093782,62616455.1,0.9544313856,21.9093542631,0.0079627664,-1,0.0066597505,0.0004928701"
2026-04-13T03:00:00.000-03:00,"CSV=1776060000000,0.009043,0.009223,0.008889,0.009118,38904621,0.00786638,0.0086652008,0.0070675592,9.2187220885,20.3097429351,29.7443889519,10.4159331872,48.4229927672,0.009658,13.7191319531,63176643.7,0.6158070249,17.4223487862,0.0079627664,-1,0.0066842107,0.0004769831"
2026-04-13T04:00:00.000-03:00,"CSV=1776063600000,0.009121,0.009561,0.00912,0.009482,43869314,0.00792836,0.0087299019,0.0071268181,9.1815678022,20.2196130895,32.7581925752,9.7416224778,48.8052513293,0.009658,15.2546493254,62997029,0.6963711574,15.1558651265,0.0079627664,-1,0.0067120494,0.0004735848"
2026-04-13T05:00:00.000-03:00,"CSV=1776067200000,0.009483,0.011925,0.009483,0.011697,497540668,0.00803488,0.0089658303,0.0071039297,10.3833134526,23.1727234126,50.4678752214,7.0463214026,50.5847082874,0.011925,42.4378957623,108659752.9,4.5788864296,74.8766784202,0.0086924212,-1,0.0067616509,0.0006705263"
2026-04-13T06:00:00.000-03:00,"CSV=1776070800000,0.011685,0.013256,0.011098,0.013093,577756833,0.00816912,0.0093117631,0.0070264769,12.2709637421,27.974691768,52.7940732883,5.5840806906,52.6036797118,0.013256,53.0092322075,162474117.8,3.5559930457,112.7512726425,0.009719179,-1,0.0068246494,0.0008192737"
2026-04-13T07:00:00.000-03:00,"CSV=1776074400000,0.0131,0.014138,0.01008,0.010471,1212795323,0.00824848,0.0094102842,0.0070866758,12.3461120773,28.170141382,37.2287359057,11.3339275294,52.6515986161,0.014138,19.2868534974,279247901.3,4.3430776645,103.0889493094,0.009719179,-1,0.0068609315,0.0011431463"
2026-04-13T08:00:00.000-03:00,"CSV=1776078000000,0.010471,0.012649,0.010274,0.012379,429434408,0.0083617,0.0096389419,0.0070844581,13.2508516607,30.5498138353,31.4198565115,9.5654705438,52.6963229268,0.014138,40.9748320237,313615575.6,1.3693019142,87.4282715146,0.009719179,-1,0.0069158376,0.0012663317"
2026-04-13T09:00:00.000-03:00,"CSV=1776081600000,0.012379,0.013388,0.011184,0.01185,553042965,0.00846486,0.0098095948,0.0071201252,13.7083622103,31.7721683385,31.7032508889,8.2807851515,53.0885376237,0.014138,37.8868978357,356163711.7,1.5527774078,77.8954873465,0.009719179,-1,0.0069649338,0.0013600985"
2026-04-13T10:00:00.000-03:00,"CSV=1776085200000,0.011863,0.012789,0.010986,0.012689,341131798,0.00858108,0.0100306693,0.0071314907,14.4515713225,33.7857083897,28.3643010589,8.5652420913,53.1235059339,0.014138,38.7534171679,384764720,0.8865984335,63.383231215,0.009719179,-1,0.0070218896,0.0014043886"
2026-04-13T11:00:00.000-03:00,"CSV=1776088800000,0.01269,0.013689,0.012386,0.013621,561105389,0.00870832,0.0103077503,0.0071088897,15.5167735461,36.7333829387,31.4336179442,7.9194220792,53.565400014,0.014138,42.8976080571,431534442.9,1.3002563254,60.8481162166,0.009719179,-1,0.0070875524,0.0013942498"
2026-04-13T12:00:00.000-03:00,"CSV=1776092400000,0.013619,0.01382,0.012639,0.013231,654026933,0.00883026,0.0105340296,0.0071264904,16.1739586881,38.589341534,30.0458071329,7.3791101521,54.0320927101,0.014138,46.3120645803,490960825.2,1.332136699,61.1300777551,0.009719179,-1,0.0071486813,0.0013729248"
2026-04-13T13:00:00.000-03:00,"CSV=1776096000000,0.013231,0.015361,0.012808,0.015262,822597500,0.0089914,0.0109022587,0.0070805413,17.527181674,42.5041414365,34.1824677097,6.3721722029,55.0016118384,0.015361,67.3831980698,569330113.1,1.4448515564,73.2062913715,0.009719179,-1,0.0072294108,0.0014909323"
2026-04-13T14:00:00.000-03:00,"CSV=1776099600000,0.015262,0.016635,0.014344,0.016471,1138577201,0.00917964,0.0113383784,0.0070209016,19.0392165186,47.0331824863,36.6675827228,5.6331048055,56.2259288905,0.016635,73.7080784645,678800901.8,1.6773360171,90.0152658331,0.0107766827,-1,0.0073213669,0.0015709391"
2026-04-13T15:00:00.000-03:00,"CSV=1776103200000,0.016452,0.01876,0.01479,0.016279,1887691008,0.00936016,0.0117184101,0.0070019099,20.124317831,50.3890978695,39.6547232605,4.6350023188,57.7488421169,0.01876,39.1724373771,817815935.8,2.3082101062,90.1495825011,0.0113424645,-1,0.0074104976,0.0018108452"
2026-04-13T16:00:00.000-03:00,"CSV=1776106800000,0.016278,0.020395,0.015616,0.019318,1286097308,0.00959868,0.0123208391,0.0068765209,22.0939424629,56.7194468861,38.6423178414,3.7728134932,59.379589886,0.020395,47.5444894218,888649983.3,1.4472484467,83.0359511559,0.011682518,-1,0.0075289802,0.0021076607"
2026-04-13T17:00:00.000-03:00,"CSV=1776110400000,0.019319,0.022078,0.018502,0.020679,1787813778,0.0098692,0.0129793145,0.0067590855,23.9620857126,63.0266780385,39.7352467622,3.2831802818,61.0700129094,0.022078,97.4883010219,946151828.8,1.8895633064,116.7607395759,0.0135265162,-1,0.0076598262,0.0022544946"
2026-04-13T18:00:00.000-03:00,"CSV=1776114000000,0.020681,0.023939,0.017775,0.023381,1214516075,0.01019182,0.013808849,0.006574791,26.193558987,70.9790598963,37.8900368354,2.6484070436,62.7942686822,0.023939,88.8763228047,1024659995.5,1.1852869053,112.955140253,0.0135265162,-1,0.0078162558,0.0026454451"
2026-04-13T19:00:00.000-03:00,"CSV=1776117600000,0.023395,0.025768,0.022801,0.02522,1201599379,0.01054788,0.0147094965,0.0063862635,28.2920388649,78.9090595162,40.0438771401,2.4082760166,64.5182616472,0.025768,112.8270042194,1089515636.9,1.1028748357,116.781448081,0.0162516981,-1,0.0079894273,0.0026776006"
2026-04-13T20:00:00.000-03:00,"CSV=1776121200000,0.025219,0.034666,0.025133,0.02977,2041882375,0.01099178,0.015924836,0.006058724,30.9771229685,89.7590025243,52.7217982226,1.8353910521,66.4351562253,0.034666,134.6126566317,1259590694.6,1.6210681642,150.5930627776,0.0198100783,-1,0.0082061495,0.0033631406"
2026-04-13T21:00:00.000-03:00,"CSV=1776124800000,0.029771,0.03773,0.023031,0.023145,2689859402,0.01130468,0.0164957589,0.0061136011,31.4691729448,91.8394664039,43.7286949702,1.3175900467,68.2828165587,0.03773,69.9214448278,1472466095.9,1.826771706,142.9722142025,0.0198100783,-1,0.0083547947,0.0044967265"
2026-04-13T22:00:00.000-03:00,"CSV=1776128400000,0.02313,0.024651,0.019142,0.020554,2818913106,0.01155754,0.0168833281,0.0062317519,31.5446580134,92.1612750678,39.2788834228,8.3670817874,68.0558361096,0.03773,55.3472904542,1688954713.2,1.6690282362,126.1068729902,0.0198100783,-1,0.0084761799,0.0045979539"
2026-04-13T23:00:00.000-03:00,"CSV=1776132000000,0.020559,0.022393,0.017197,0.019137,1665564794,0.01178348,0.0171858436,0.0063811164,31.4349630986,91.693855992,35.6163308104,11.0772947235,67.0223329855,0.03773,25.3898571616,1773251442.6,0.9392716419,92.0205729347,0.0337682754,1,0.0085822577,0.0046577585"
2026-04-14T00:00:00.000-03:00,"CSV=1776135600000,0.019132,0.02049,0.017399,0.018028,1138364699,0.01198564,0.0174286185,0.0065426615,31.2301200884,90.8249952698,33.6183373808,10.4558842196,66.0577300696,0.03773,9.4529779613,1773230192.4,0.6419723191,63.3698986847,0.0324477479,1,0.0086762452,0.0045010826"
2026-04-14T01:00:00.000-03:00,"CSV=1776139200000,0.018027,0.020798,0.017634,0.019948,1200813822,0.01222734,0.0177496272,0.0067050528,31.1121307186,90.326877702,32.2340713538,9.8498788646,65.1998401107,0.03773,22.5382394496,1704542473.8,0.7044786742,47.539168805,0.0323181231,1,0.0087884019,0.0043673744"
2026-04-14T02:00:00.000-03:00,"CSV=1776142800000,0.019948,0.026099,0.019304,0.025665,1444507453,0.01258196,0.0183796026,0.0067843174,31.543895258,92.1580197321,37.6208760594,8.6908502157,65.0177198369,0.03773,32.8553680505,1720383488.3,0.8396427092,40.888369284,0.0323181231,1,0.0089563283,0.0046101369"
2026-04-14T03:00:00.000-03:00,"CSV=1776146400000,0.025664,0.027603,0.018801,0.020052,2045589807,0.0128028,0.0186700601,0.0069355399,31.4260376249,91.6558896016,34.7382218484,7.4707811345,64.9899389404,0.03773,-3.0320615117,1746161091.2,1.1714782887,26.074914779,0.0323181231,1,0.009066733,0.0050293232"
2026-04-14T04:00:00.000-03:00,"CSV=1776150000000,0.020059,0.020553,0.015214,0.015694,1566310830,0.01294802,0.0187951501,0.0071008899,31.1097812637,90.3169762974,31.8338445861,12.4633288622,63.5725136257,0.03773,-32.8771224499,1781340566.7,0.8792876889,7.7471268473,0.0323181231,1,0.0091326759,0.0050602909"
2026-04-14T05:00:00.000-03:00,"CSV=1776153600000,0.015694,0.0178,0.015122,0.017135,1421670741,0.01312018,0.018961327,0.007279033,30.8055814235,89.0406540215,30.4649808197,12.0751255057,62.2163095909,0.03773,-32.057890563,1803347702.9,0.7883508758,-3.2595374693,0.0309271855,1,0.009212301,0.0048220618"
2026-04-14T06:00:00.000-03:00,"CSV=1776157200000,0.017133,0.017498,0.015695,0.016304,585574887,0.01327266,0.0190953895,0.0074499305,30.4928553547,87.7402042922,29.5484353753,11.7118427799,60.9505191584,0.03773,-45.2334564998,1657716954.1,0.3532417796,-7.4991405372,0.0301569669,1,0.0092828652,0.0045201556"
2026-04-14T07:00:00.000-03:00,"CSV=1776160800000,0.016301,0.018598,0.015909,0.017434,744714202,0.01345316,0.01926219,0.00764413,30.1576820519,86.3593389738,30.0694598933,11.1746321132,59.9412981821,0.03773,-24.6748757831,1463202434.1,0.5089618392,-9.1856170785,0.0301569669,1,0.009363971,0.0043370401"
2026-04-14T08:00:00.000-03:00,"CSV=1776164400000,0.017434,0.0198,0.017003,0.018775,1101215734,0.01366496,0.0194711067,0.0078588133,29.8192949146,84.9786130769,30.6970781259,10.6311746778,59.1820455354,0.03773,-8.6552495865,1291432696.9,0.8527085745,-8.5838798978,0.0301569669,1,0.0094576131,0.0041830361"
2026-04-14T09:00:00.000-03:00,"CSV=1776168000000,0.01878,0.022215,0.018185,0.020337,1200740027,0.01390012,0.01973356,0.00806668,29.5610118335,83.9336640202,32.7382270076,9.8887546078,58.8101297237,0.03773,6.2705753253,1244950220.2,0.9644883848,-3.7066209095,0.0301569669,1,0.0095658657,0.0041677325"
2026-04-14T10:00:00.000-03:00,"CSV=1776171600000,0.020336,0.021666,0.01619,0.018217,1449592395,0.01409018,0.0199063378,0.0082740222,29.2176183918,82.5561890627,29.7169262923,12.3383138292,57.6443409838,0.03773,1.0483692035,1276072989.8,1.1359792164,-2.0741053976,0.0301569669,1,0.0096519467,0.0042985592"
2026-04-14T11:00:00.000-03:00,"CSV=1776175200000,0.018213,0.019998,0.017511,0.019525,599222527,0.0143069,0.0201196459,0.0084941541,28.8908955762,81.2579368292,28.4397801336,11.8080493612,56.5562714933,0.03773,-2.1205133347,1215913860.3,0.4928165938,-1.731078318,0.0301569669,1,0.009750186,0.0041174033"
2026-04-14T12:00:00.000-03:00,"CSV=1776178800000,0.019525,0.020672,0.018713,0.020218,845645416,0.01454502,0.0203511684,0.0087388716,28.5298036804,79.8369254586,28.6485819229,11.3947512345,55.6583799506,0.03773,-21.2234560686,1156027656.6,0.7315096755,-6.3291066995,0.0301569669,1,0.0098543433,0.003901563"
2026-04-14T13:00:00.000-03:00,"CSV=1776182400000,0.020214,0.020833,0.01702,0.017513,817992424,0.01473978,0.0204785031,0.0090010569,28.0231569732,77.8671466953,26.6996927906,13.6400631292,54.1060940819,0.03773,-12.6620785957,1033267918.3,0.7916556873,-7.5607399773,0.0301569669,1,0.0099305489,0.0038927067"
2026-04-14T14:00:00.000-03:00,"CSV=1776186000000,0.017512,0.017801,0.015635,0.01631,505913012,0.01491756,0.0205637408,0.0092713792,27.456973192,75.6984493207,25.6381780395,15.6399754978,52.113790165,0.03773,3.9250669045,927228136.5,0.5456187017,-4.3266300154,0.027878108,1,0.009994026,0.003720036"
2026-04-14T15:00:00.000-03:00,"CSV=1776189600000,0.016299,0.017191,0.015904,0.016947,241800056,0.01510286,0.0206598671,0.0095458529,26.8975935077,73.5888045231,25.005278495,15.2538898191,50.2543065091,0.03773,-1.097169536,809241068,0.2987985479,-2.993697565,0.0269776972,1,0.0100632098,0.0034767324"
2026-04-14T16:00:00.000-03:00,"CSV=1776193200000,0.016947,0.01786,0.0162,0.017571,234239431,0.01529888,0.0207659012,0.0098318588,26.3269153404,71.4695616778,25.5098787881,14.7506762764,48.685614735,0.03773,7.7710991168,774107522.4,0.3025928882,-1.2119719345,0.0269151775,1,0.0101379142,0.0032950592"
2026-04-14T17:00:00.000-03:00,"CSV=1776196800000,0.01757,0.017901,0.017129,0.017618,175908332,0.01549746,0.0208638599,0.0101310601,25.7210311979,69.2552188396,25.1832208914,14.5121285575,47.2320720763,0.027603,1.055408971,717226935.4,0.2452617482,-0.7216974733,0.0266432597,1,0.0102123429,0.0030427532"
2026-04-14T18:00:00.000-03:00,"CSV=1776200400000,0.01761,0.018662,0.017502,0.018633,158321003,0.01571316,0.0209836504,0.0104426696,25.1171283327,67.0837743624,26.2088812718,14.1438843328,46.0765213077,0.027603,-0.7563249001,622937462.3,0.2541523228,-0.5452055589,0.0266432597,1,0.0102961306,0.0028544779"
2026-04-14T19:00:00.000-03:00,"CSV=1776204000000,0.018641,0.018983,0.018226,0.018322,179618383,0.01591924,0.021085226,0.010753254,24.5005009358,64.9024198556,26.491212173,13.897316237,45.0835441433,0.027603,-9.9080493681,520825297.9,0.3448726161,-1.5024753412,0.0265386904,1,0.01037599,0.0026447301"
2026-04-14T20:00:00.000-03:00,"CSV=1776207600000,0.018325,0.020626,0.018127,0.02019,314487317,0.0161585,0.0212390061,0.0110779939,23.9206397153,62.883388151,28.7710941641,13.0901790233,44.5752572562,0.027603,10.8305428995,407314790.1,0.7720989383,1.7857666639,0.0265386904,1,0.0104736418,0.0026301571"
2026-04-14T21:00:00.000-03:00,"CSV=1776211200000,0.0202,0.022871,0.019285,0.022734,485920413,0.01644894,0.0214817319,0.0114161481,23.4282407869,61.1929019984,31.5445746625,12.0171189324,44.5920485753,0.027603,16.4353393086,395984578.7,1.2271195373,7.9132197653,0.0265386904,1,0.0105956354,0.0027257414"
2026-04-14T22:00:00.000-03:00,"CSV=1776214800000,0.022734,0.0271,0.019652,0.023972,888804268,0.01675724,0.0217692475,0.0117452325,23.0233383838,59.8190098153,35.4378583895,10.1631610251,45.3142939256,0.027603,18.5676130181,400300463.9,2.2203428378,19.0176353703,0.0265386904,1,0.0107287336,0.0031979673"
2026-04-14T23:00:00.000-03:00,"CSV=1776218400000,0.023963,0.027177,0.020768,0.023953,703774661,0.01706074,0.0220397279,0.0120817521,22.5909682602,58.3677841007,31.1745632227,8.8975920317,45.9994840867,0.027177,36.7726831497,388878687.6,1.8097537444,34.8615905874,0.0265386904,1,0.0108603183,0.0035190705"
2026-04-15T00:00:00.000-03:00,"CSV=1776222000000,0.023941,0.025549,0.023025,0.02469,392955222,0.01737892,0.0223268602,0.0124309798,22.1613795862,56.9418611697,29.618312273,8.4534194558,46.6389949036,0.027177,51.3795217658,377582908.6,1.0407124185,41.064829178,0.0265386904,1,0.0109979271,0.0034195635"
2026-04-15T01:00:00.000-03:00,"CSV=1776225600000,0.024682,0.025227,0.021211,0.023147,458683336,0.01766998,0.0225196517,0.0128203083,21.5352872403,54.8916486989,27.2953828291,11.3330046239,46.2845900068,0.027177,36.5846462501,399271236.6,1.1488013509,41.3860497973,0.0265386904,1,0.0111188134,0.0034792071"
2026-04-15T02:00:00.000-03:00,"CSV=1776229200000,0.023146,0.024515,0.02289,0.023854,249764820,0.01796416,0.0227332385,0.0131950815,20.9784387277,53.095480246,26.397816402,10.9603363036,45.9538121032,0.027177,35.7577827101,400823775.5,0.6231287545,35.0179340661,0.0265386904,1,0.0112455317,0.0032937864"
2026-04-15T03:00:00.000-03:00,"CSV=1776232800000,0.023855,0.026158,0.023819,0.02582,265252964,0.01828992,0.0230280893,0.0135517507,20.5756076189,51.8118099541,28.5140433365,10.4313342577,45.9856213444,0.027177,46.5546600068,409758238.7,0.6473401605,33.3908564041,0.0265386904,1,0.0113905512,0.0031983078"
2026-04-15T04:00:00.000-03:00,"CSV=1776236400000,0.025833,0.026658,0.02338,0.026024,430559189,0.01862954,0.0233008477,0.0139582323,20.0478015889,50.1494692762,27.6179357572,9.7264318853,46.1138806455,0.027177,39.6661836527,436982057.3,0.9853017574,35.2882910899,0.0265386904,1,0.0115361577,0.003206277"
2026-04-15T05:00:00.000-03:00,"CSV=1776240000000,0.026024,0.034346,0.02571,0.028999,1935900340,0.01902716,0.0237180171,0.0143363029,19.7776107377,49.3069601131,37.4543957934,8.1683497654,47.3190729961,0.034346,58.2742058727,612610253,3.1600847856,84.9093378501,0.0187802521,-1,0.0117099173,0.0037492493"
2026-04-15T06:00:00.000-03:00,"CSV=1776243600000,0.028989,0.031777,0.023556,0.026738,1822879198,0.01937228,0.0239822661,0.0147622939,19.2224791904,47.5936349562,32.1943274293,10.7008691481,47.504928911,0.034346,32.4318969787,763449441.1,2.3876881688,82.4186441361,0.0187802521,-1,0.0118594505,0.0041964244"
2026-04-15T07:00:00.000-03:00,"CSV=1776247200000,0.026719,0.026756,0.022002,0.023969,1241201860,0.01961772,0.0241383537,0.0150970863,18.7280118099,46.087249068,29.6172302951,12.4609198453,47.0560997915,0.034346,5.432392012,838977585.8,1.4794219548,57.6246960939,0.0187802521,-1,0.0119799435,0.0042521819"
2026-04-15T08:00:00.000-03:00,"CSV=1776250800000,0.023945,0.024078,0.021669,0.022594,538405937,0.01980774,0.0242491077,0.0153663723,18.3155923592,44.844769983,28.3836687915,12.5176574561,46.5050895318,0.034346,-5.748373102,803937752.7,0.669710976,37.1332145424,0.0187802521,-1,0.012085556,0.0040678637"
2026-04-15T09:00:00.000-03:00,"CSV=1776254400000,0.022608,0.022886,0.020529,0.021986,498632450,0.02003804,0.0242835213,0.0157925587,17.4829721822,42.3742169211,27.1962304081,14.0174062131,45.5365404615,0.034346,-8.2119150002,783423531.6,0.6364787754,23.0132398273,0.0187802521,-1,0.0121840679,0.0038967774"
2026-04-15T10:00:00.000-03:00,"CSV=1776258000000,0.021984,0.022295,0.01817,0.018779,636459870,0.02016604,0.0242728895,0.0160591905,16.9194916594,40.7303517932,25.21798347,17.1576154961,43.7688543294,0.034346,-23.9408667477,807773996.4,0.7879182455,9.0543446437,0.0319912989,1,0.0122496891,0.0039195996"
2026-04-15T11:00:00.000-03:00,"CSV=1776261600000,0.018795,0.019428,0.016,0.016151,843195876,0.02025206,0.0242267416,0.0162773784,16.4061749869,39.2521217549,23.6840456226,19.9644597006,41.4190427034,0.034346,-30.2242191213,846225250.4,0.9964201323,-4.0024437098,0.029325319,1,0.0122885081,0.0038704397"
2026-04-15T12:00:00.000-03:00,"CSV=1776265200000,0.016144,0.016595,0.012288,0.013306,1802604418,0.0202644,0.0242164753,0.0163123247,16.3197792143,39.0051055341,21.8915000315,24.9764344687,39.0965855634,0.034346,-44.21899891,1001509210.2,1.7998880087,-29.1980444376,0.0261837871,1,0.0122986324,0.0039140957"
2026-04-15T13:00:00.000-03:00,"CSV=1776268800000,0.013307,0.013627,0.012088,0.012819,848544093,0.02024836,0.0242288909,0.0162678291,16.4288613912,39.3170696598,21.2750306832,24.6390474145,36.9785975443,0.034346,-50.352439969,1059838323.1,0.8006354125,-32.9033451401,0.0238872584,1,0.0123038102,0.0036765861"
2026-04-15T14:00:00.000-03:00,"CSV=1776272400000,0.012819,0.012928,0.01034,0.010569,1436573050,0.02019512,0.0242854409,0.0161047991,16.8426874564,40.5080129245,20.2477218813,26.71072943,35.4309074948,0.034346,-59.3874884722,1160439709.2,1.237955784,-46.441925044,0.0223371826,1,0.0122865484,0.0035677275"
2026-04-15T15:00:00.000-03:00,"CSV=1776276000000,0.010567,0.010619,0.0065,0.007126,4208348212,0.0200324,0.0244633787,0.0156014213,18.1127011007,44.2381207931,18.7073229749,31.7710931703,34.7941745303,0.034346,-75.4267388531,1387684496.4,3.032640505,-107.2086778323,0.0194280643,1,0.0122351997,0.0036228548"
2026-04-15T16:00:00.000-03:00,"CSV=1776279600000,0.007121,0.008702,0.007056,0.007704,2303988294,0.01985706,0.0245887558,0.0151253642,19.2433315785,47.6575667486,18.1171909822,30.7688579202,34.19989043,0.034346,-71.1870745755,1435795406,1.604677299,-109.5498794058,0.0181545079,1,0.0121901131,0.0034251693"
2026-04-15T17:00:00.000-03:00,"CSV=1776283200000,0.0077,0.008372,0.007228,0.007906,1152889681,0.0196896,0.0246857394,0.0146934606,20.2389700139,50.749018706,17.7013724208,30.0626633312,33.6452252697,0.034346,-67.0157286495,1426964188.1,0.8079317551,-91.0812980269,0.0173911571,1,0.0121474851,0.0031970524"
2026-04-15T18:00:00.000-03:00,"CSV=1776286800000,0.007905,0.01032,0.007851,0.010256,935903642,0.01950836,0.0246761115,0.0143406085,20.9423250642,52.9798658541,20.7855745765,28.5475664953,32.4511321665,0.034346,-54.6074178986,1466713958.6,0.6380955445,-72.3357820367,0.0173911571,1,0.0121286644,0.0031242471"
2026-04-15T19:00:00.000-03:00,"CSV=1776290400000,0.010256,0.014484,0.010239,0.011284,3146174913,0.01932046,0.0246115604,0.0140293596,21.49843519,54.7719914679,27.3529412094,26.1223781215,30.4411353223,0.034346,-48.6764304557,1731468204.9,1.8170561285,-77.706456782,0.0173911571,1,0.0121202597,0.0032363224"
2026-04-15T20:00:00.000-03:00,"CSV=1776294000000,0.011284,0.012053,0.009651,0.009914,1294297341,0.01905112,0.0244698901,0.0136323499,22.1446440843,56.8866298892,26.0131771749,26.041913846,28.4154065903,0.034346,-47.2069865275,1797251952,0.7201535319,-63.1363972145,0.0173911571,1,0.0120983069,0.0031528902"
2026-04-15T21:00:00.000-03:00,"CSV=1776297600000,0.009909,0.01155,0.0097,0.011199,860648788,0.0187707,0.0242256471,0.0133157529,22.5172399764,58.1219356913,25.0025957062,25.0302159913,26.5247264405,0.034346,-30.660640208,1798997243.2,0.4784047287,-46.9803298961,0.0173911571,1,0.0120893586,0.0030226012"
2026-04-15T22:00:00.000-03:00,"CSV=1776301200000,0.011201,0.011394,0.010437,0.011206,595429297,0.01839942,0.023723272,0.013075568,22.4414745078,57.8697812145,24.4755909313,24.502629036,24.760091634,0.034346,-15.7823538253,1678279731.1,0.3547854901,-33.1866699766,0.0173911571,1,0.012080569,0.002816041"
2026-04-15T23:00:00.000-03:00,"CSV=1776304800000,0.011202,0.011374,0.0088,0.010002,960117765,0.01813656,0.0235434286,0.0127296914,22.9655105996,59.6239704537,23.0740277186,26.7413472823,23.6002070356,0.034346,-21.9751930728,1689437098.3,0.568306311,-26.287326954,0.0173911571,1,0.0120598867,0.0027918369"
2026-04-16T00:00:00.000-03:00,"CSV=1776308400000,0.010003,0.010857,0.009338,0.009464,732968416,0.01791476,0.0234439931,0.0123855269,23.5848605258,61.7282404719,22.2677793161,25.806956079,22.5176480771,0.034346,-10.455104551,1619076634.9,0.4527076731,-19.1025866539,0.0173911571,1,0.012034057,0.0026645532"
2026-04-16T01:00:00.000-03:00,"CSV=1776312000000,0.009463,0.01045,0.009346,0.010038,512761139,0.01773278,0.0233675197,0.0120980403,24.1135548335,63.5516785127,21.6779343509,25.1233628524,21.5072597157,0.031777,40.8644400786,1249517927.6,0.4103671726,-7.1452495249,0.0173911571,1,0.0120141957,0.0025084979"
2026-04-16T02:00:00.000-03:00,"CSV=1776315600000,0.010037,0.010419,0.009861,0.010238,372611537,0.01757698,0.0233082721,0.0118456879,24.5890903561,65.2136155689,21.3713699797,24.7680740222,20.5642305785,0.026756,32.8920041537,1056380251.9,0.3527248226,-0.8962242394,0.0170803444,1,0.0119965221,0.0023134481"
2026-04-16T03:00:00.000-03:00,"CSV=1776319200000,0.010238,0.010859,0.009912,0.010788,448139668,0.01739378,0.0231923589,0.0115952011,25.0021091273,66.674165997,22.000407605,24.147135776,19.5034071821,0.024078,36.4533265874,985905250.6,0.4545463854,4.9257597857,0.0169159099,1,0.011984497,0.0021768033"
2026-04-16T04:00:00.000-03:00,"CSV=1776322800000,0.010788,0.011659,0.010143,0.010686,838384576,0.0170942,0.0228444516,0.0113439484,25.1713269339,67.27722383,23.2689715928,23.151615916,18.2200340064,0.022886,4.1926677067,976153344,0.8588656497,4.4841526151,0.0169159099,1,0.0119715766,0.002110723"
2026-04-16T05:00:00.000-03:00,"CSV=1776326400000,0.010687,0.012846,0.010375,0.012611,875919380,0.01694538,0.0227134175,0.0111773425,25.3948463105,68.0779947622,24.9324706416,21.5966947955,17.4833127304,0.022295,11.7600141794,749127790.7,1.1692522836,7.5729095549,0.0169159099,1,0.0119779391,0.0021467507"
2026-04-16T06:00:00.000-03:00,"CSV=1776330000000,0.012611,0.013064,0.011185,0.011598,925906576,0.01686346,0.0226775907,0.0110493293,25.6382204127,68.9553707698,24.2408699086,20.4762395516,16.8790098461,0.019428,16.9860802905,712288714.2,1.2999034767,12.408694645,0.0169159099,1,0.0119741586,0.0021199756"
2026-04-16T07:00:00.000-03:00,"CSV=1776333600000,0.011601,0.012315,0.011485,0.01213,455113449,0.01676336,0.0226149182,0.0109118018,25.8747706934,69.8136678577,23.6599247755,19.985515755,16.3149938207,0.016595,8.3132422538,671735180.3,0.6775191509,10.1499233744,0.0169159099,1,0.0119757092,0.0019909781"
2026-04-16T08:00:00.000-03:00,"CSV=1776337200000,0.012126,0.012221,0.010226,0.011546,933289628,0.0166682,0.0225649682,0.0107714318,26.132401949,70.7547087994,22.284556677,22.4922427456,15.2582492444,0.014484,3.034088881,705521213.4,1.3228370888,8.104484017,0.0169159099,1,0.0119714335,0.0019913802"
2026-04-16T09:00:00.000-03:00,"CSV=1776340800000,0.01155,0.011678,0.010771,0.011219,516125457,0.0165439,0.0224885254,0.0105992746,26.4340382294,71.8648613929,21.6709210483,21.872888198,14.2719543064,0.014484,12.1675664867,661121982.6,0.7806811308,8.5693191995,0.0168733267,1,0.0119639466,0.0018829422"
2026-04-16T10:00:00.000-03:00,"CSV=1776344400000,0.01122,0.011711,0.010686,0.011066,347250670,0.01638972,0.0223743162,0.0104051238,26.747615993,73.028656625,20.9716914091,21.4347119889,13.3932816708,0.014484,16.9273034658,622550208,0.557787413,8.8601584029,0.016589944,1,0.0119550118,0.001797148"
2026-04-16T11:00:00.000-03:00,"CSV=1776348000000,0.011069,0.011757,0.01105,0.011147,442322733,0.01620592,0.0222075623,0.0102042777,27.0252189172,74.0672832894,20.6347959428,20.935500492,12.5486204912,0.014484,11.0480175334,615506367.4,0.7186322619,8.553259545,0.0164678996,1,0.0119469719,0.0016881332"
2026-04-16T12:00:00.000-03:00,"CSV=1776351600000,0.01115,0.011271,0.009623,0.010148,683924884,0.01604454,0.0220981956,0.0099908844,27.3943434997,75.460631637,19.5005313179,24.5444218606,12.4754916471,0.014484,-0.8790779449,646637702.1,1.0576631733,5.3922502404,0.0154993596,1,0.0119290717,0.0016841199"
2026-04-16T13:00:00.000-03:00,"CSV=1776355200000,0.010153,0.010496,0.009905,0.010281,341568556,0.01585966,0.021945271,0.009774049,27.7308537931,76.7432721944,19.0971859416,24.0367495871,12.4072380593,0.014484,-4.6996662959,635980590.9,0.5370738681,2.7534775081,0.0149249237,1,0.011912673,0.0015748079"
2026-04-16T14:00:00.000-03:00,"CSV=1776358800000,0.010278,0.01082,0.01007,0.010583,220817868,0.01566696,0.0217640485,0.0095698715,28.014496098,77.833715344,19.7564966898,23.379245973,12.1399879181,0.014484,-0.9638779712,574223920.1,0.3845501037,1.7120985475,0.0149219813,1,0.0118994424,0.0014923271"
2026-04-16T15:00:00.000-03:00,"CSV=1776362400000,0.010577,0.011639,0.010577,0.011543,433547480,0.01554756,0.0216657473,0.0094293727,28.2389857644,78.7028613385,22.0421743177,22.4476661434,11.3914171014,0.013064,-8.4687970819,529986730.1,0.8180345948,-1.1678572981,0.0149219813,1,0.0118958957,0.0014492944"
2026-04-16T16:00:00.000-03:00,"CSV=1776366000000,0.011552,0.012146,0.011112,0.011328,444599075,0.01544792,0.0215933862,0.0093024538,28.4599467546,79.5636722745,23.1193235505,21.5518212979,10.8659214012,0.013064,-2.3279875841,481855980,0.9226804138,-1.4945677145,0.0149219813,1,0.011890245,0.001407765"
2026-04-16T17:00:00.000-03:00,"CSV=1776369600000,0.01132,0.011527,0.010517,0.01068,290828344,0.01532258,0.0215000197,0.0091451403,28.7322513789,80.6318480233,22.1924286449,23.0496130213,10.2678375303,0.013064,-11.9538334707,465427469.5,0.6248628692,-3.4862140365,0.0149219813,1,0.0118782028,0.0013679885"
2026-04-16T18:00:00.000-03:00,"CSV=1776373200000,0.010674,0.010794,0.010312,0.010756,194803051,0.01518628,0.0213877434,0.0089848166,28.9954078709,81.6719229037,21.7466325333,23.4409528042,9.8332834297,0.013064,-6.8421964317,391578811.8,0.497481082,-3.4587637858,0.0143911688,1,0.0118670366,0.0012793896"
2026-04-16T19:00:00.000-03:00,"CSV=1776376800000,0.010756,0.011545,0.010751,0.011403,299320717,0.01506198,0.0212757307,0.0088482293,29.20581559,82.5090813135,24.2406170107,22.638328174,9.4055931023,0.013064,1.640074873,369898337.8,0.809197248,-1.8634611659,0.0143911688,1,0.0118624193,0.0012308507"
2026-04-16T20:00:00.000-03:00,"CSV=1776380400000,0.011403,0.01159,0.010826,0.011132,207966188,0.01491196,0.0211282324,0.0086956876,29.4216396251,83.3729757076,23.6149308228,21.8664451546,9.0348468442,0.013064,0.5964214712,355969889.6,0.5842240989,-1.1261595118,0.0143911688,1,0.0118551514,0.0011841656"
2026-04-16T21:00:00.000-03:00,"CSV=1776384000000,0.011133,0.011423,0.010886,0.011179,177145524,0.0147691,0.0209874411,0.0085507589,29.6288673776,84.2074477801,23.0237406972,21.3190276519,8.6888170033,0.013064,0.287072755,329452168.7,0.5376972466,-0.6993202645,0.0143911688,1,0.0118484236,0.001119449"
2026-04-16T22:00:00.000-03:00,"CSV=1776387600000,0.01118,0.011224,0.010886,0.010998,123783904,0.01458526,0.0207764367,0.0083940833,29.7990306043,84.8963507507,22.6414875337,20.9650770984,8.3658558185,0.013064,8.3760346866,273438070.7,0.4526944755,0.7977147001,0.0141789124,1,0.0118399616,0.0010413041"
2026-04-16T23:00:00.000-03:00,"CSV=1776391200000,0.011002,0.011113,0.010057,0.010385,292982391,0.01433828,0.0204452002,0.0082313598,29.8697012751,85.1834423014,21.4494191228,23.9944752076,8.1814944777,0.013064,1.0115747495,268579454.2,1.0908592836,0.8996383689,0.0137133211,1,0.0118254844,0.0010427737"
2026-04-17T00:00:00.000-03:00,"CSV=1776394800000,0.010384,0.010391,0.0097,0.010178,243236262,0.0140624,0.0200380466,0.0080867534,29.8215026819,84.9875783084,20.6858523928,24.9794773156,8.2628864218,0.013064,-3.8268921856,270821293.6,0.8981430476,-0.5459399576,0.013068289,1,0.0118090915,0.0010075963"
2026-04-17T01:00:00.000-03:00,"CSV=1776398400000,0.010179,0.010361,0.009962,0.010008,148414431,0.0137835,0.0196146964,0.0079523036,29.7287108189,84.6112577848,20.2400914595,24.4411927475,8.3388522363,0.013064,-13.2981027463,242307988.7,0.6125032517,-3.0790036964,0.0130017101,1,0.0117911702,0.0009467367"
2026-04-17T02:00:00.000-03:00,"CSV=1776402000000,0.010007,0.010139,0.0087,0.008851,591253354,0.01346672,0.0191244632,0.0078089768,29.583801196,84.0255557628,18.6842829591,29.3037333093,9.2582207366,0.012315,-21.8661723164,256973416.6,2.3008347004,-18.8228184746,0.0124073891,1,0.0117619148,0.000995963"
2026-04-17T03:00:00.000-03:00,"CSV=1776405600000,0.008854,0.009709,0.008734,0.009561,312464814,0.013195,0.0187056408,0.0076843592,29.4597810785,83.52619691,17.6967658705,27.7549482975,10.1162980036,0.012221,-10.4775280899,259137063.6,1.2057897456,-16.7597776265,0.0122031002,1,0.0117400151,0.0009938667"
2026-04-17T04:00:00.000-03:00,"CSV=1776409200000,0.009556,0.009601,0.00825,0.008487,525499947,0.01288766,0.0182209258,0.0075543942,29.2700045534,82.7654642662,16.4091997452,28.3421250914,11.219542506,0.012146,-21.0952026776,292206753.2,1.7983839909,-23.8189433447,0.0120142402,1,0.0117076468,0.0010295801"
2026-04-17T05:00:00.000-03:00,"CSV=1776412800000,0.008492,0.008944,0.008295,0.008353,457168471,0.01253832,0.0175769746,0.0074996654,28.6662222773,80.3720851256,15.816889442,27.3190811303,12.2492373749,0.012146,-26.7473471893,307991528.6,1.484354044,-29.1134732188,0.0115940662,1,0.0116742673,0.0009915221"
2026-04-17T06:00:00.000-03:00,"CSV=1776416400000,0.008355,0.008794,0.007918,0.008533,435810391,0.0121885,0.0168735023,0.0075034977,27.7654409292,76.8757815827,15.0321841083,28.0988530162,13.4523069519,0.012146,-23.347107438,330775948.9,1.3175395383,-29.6625611975,0.0112959095,1,0.0116430109,0.0009799698"
2026-04-17T07:00:00.000-03:00,"CSV=1776420000000,0.008533,0.009,0.008428,0.008586,252336522,0.01178024,0.0158287301,0.0077317499,25.5768473213,68.7335765838,15.7360100585,27.1562885018,14.3305181882,0.012146,-23.1952768584,338295048.7,0.7459066367,-25.5422111149,0.0112959095,1,0.0116125928,0.0009391729"
2026-04-17T08:00:00.000-03:00,"CSV=1776423600000,0.008586,0.008766,0.008344,0.008551,201403189,0.0114165,0.0148794227,0.0079535773,23.2732330128,60.6652252576,15.329537537,26.9689879839,15.2096430096,0.012146,-22.2494999091,346056977.2,0.5819943023,-21.3445014686,0.0112173667,1,0.0115821292,0.0008874556"
2026-04-17T09:00:00.000-03:00,"CSV=1776427200000,0.008557,0.008914,0.008484,0.008551,221692473,0.01110814,0.0140930461,0.0081232339,21.1799925764,53.7426809987,15.8530930259,26.2293100517,15.8394602977,0.012146,-17.6600866635,338927985.4,0.6540990492,-18.0801496109,0.0112173667,1,0.0115519687,0.00084171"
2026-04-17T10:00:00.000-03:00,"CSV=1776430800000,0.008555,0.008869,0.008512,0.008704,173851600,0.01083034,0.0133422297,0.0083184503,18.8266111651,46.3861653069,15.4755324869,25.6046273841,16.4272897667,0.012146,-14.4822165455,331989519.2,0.523665929,-14.5813808678,0.0110702171,1,0.0115236307,0.000793239"
2026-04-17T11:00:00.000-03:00,"CSV=1776434400000,0.008705,0.008777,0.008391,0.008587,177146186,0.01056236,0.0125243623,0.0086003577,15.6654867634,37.1508322328,15.0600233795,25.758810806,17.079498375,0.012146,-14.1986410871,334862694.7,0.5290114092,-12.2246682885,0.0108415453,1,0.0114944105,0.0007525151"
2026-04-17T12:00:00.000-03:00,"CSV=1776438000000,0.008584,0.008696,0.008395,0.008671,143888303,0.0103602,0.0119507552,0.0087696448,13.3092442463,30.7051060533,14.729601827,25.1936545613,17.6882264094,0.01159,-2.033668512,290126189.6,0.4959507558,-8.4859786708,0.0106675908,1,0.0114663169,0.0007073636"
2026-04-17T13:00:00.000-03:00,"CSV=1776441600000,0.008671,0.008945,0.008064,0.008155,327880314,0.01020028,0.0115898419,0.0088107181,11.9894810854,27.2455639014,13.7813838458,25.9904423327,18.5555284374,0.01159,-14.7055747307,291667739.6,1.1241569412,-11.1677770832,0.0106675908,1,0.0114333685,0.0007247272"
2026-04-17T14:00:00.000-03:00,"CSV=1776445200000,0.008154,0.008261,0.007274,0.007467,653132390,0.0100835,0.0114523503,0.0087146497,11.9525710668,27.1503011765,12.7928554695,29.8674145503,19.9867930999,0.01159,-12.0183810534,304430983.9,2.1454202251,-16.0400106504,0.0100203636,1,0.0113939021,0.0007509545"
2026-04-17T15:00:00.000-03:00,"CSV=1776448800000,0.007466,0.008148,0.007402,0.007819,409141132,0.0099835,0.011331332,0.008635668,11.8947359658,27.0011924853,12.0905481409,28.227741205,21.3226401182,0.01159,-6.392912726,299628250,1.3654958503,-13.6031723664,0.0100203636,1,0.011358331,0.0007504591"
2026-04-17T16:00:00.000-03:00,"CSV=1776452400000,0.007819,0.008153,0.007686,0.007776,298070302,0.00992764,0.0113075443,0.0085477357,12.2033946811,27.7992403848,11.6991902972,27.2252671681,22.5603118133,0.011423,-8.8714402906,285854241.1,1.0427352795,-12.1523028347,0.0100203636,1,0.0113226859,0.0007221132"
2026-04-17T17:00:00.000-03:00,"CSV=1776456000000,0.007777,0.008028,0.007743,0.008015,134299011,0.00994542,0.0112944937,0.0085963463,11.9445253167,27.1295461405,11.4336842578,26.6074062158,23.715472062,0.011224,-6.6503610529,274050490,0.490052074,-9.1878762987,0.0099207055,1,0.0112897736,0.0006784018"
2026-04-17T18:00:00.000-03:00,"CSV=1776459600000,0.008013,0.00826,0.007803,0.008225,134325167,0.00995584,0.0112894849,0.0086221951,11.8131600337,26.7912083894,12.9096960138,25.6089147949,24.3323770371,0.011113,-3.8124196,267342687.8,0.5024456367,-6.7637620636,0.0099207055,1,0.0112592783,0.0006562617"
2026-04-17T19:00:00.000-03:00,"CSV=1776463200000,0.008225,0.0083,0.007926,0.008272,161650461,0.00996316,0.0112864985,0.0086398215,11.7249690526,26.5646331171,12.8391491827,24.7931005851,24.8278971506,0.010391,-3.2627762835,261338486.6,0.6185482403,-5.1819028853,0.0099207055,1,0.0112295542,0.0006280355"
2026-04-17T20:00:00.000-03:00,"CSV=1776466800000,0.008272,0.008405,0.008105,0.008132,155201957,0.00992068,0.0112678132,0.0085735468,11.9555871394,27.1580824972,13.4297157197,24.1323869837,25.0722553269,0.010361,-6.5716911765,259473522.3,0.5981417897,-4.7648696307,0.0099207055,1,0.0111987327,0.0005952319"
2026-04-17T21:00:00.000-03:00,"CSV=1776470400000,0.008135,0.008174,0.007904,0.008147,146591811,0.00985794,0.0112131439,0.0085027361,12.0858513364,27.4946672865,13.0932539468,25.3928815767,25.5313445426,0.010139,-5.1240246885,256418084.8,0.5716906088,-4.1530320183,0.0097271263,1,0.0111683672,0.0005627088"
2026-04-17T22:00:00.000-03:00,"CSV=1776474000000,0.008148,0.008371,0.00809,0.008363,113669530,0.00982692,0.0111981419,0.0084556981,12.2450839729,27.9074598376,14.6427343528,24.702768407,25.5338180456,0.009709,-3.5520701188,253396207.5,0.4485841802,-3.2998221662,0.0097271263,1,0.0111404531,0.0005345379"
2026-04-17T23:00:00.000-03:00,"CSV=1776477600000,0.008362,0.008499,0.008185,0.008362,138917047,0.00977018,0.0111421486,0.0083982114,12.3133214241,28.0848165858,15.4659022624,23.9243119313,25.2631220561,0.009601,2.538320049,234499880.8,0.59239709,-1.6986503073,0.0097271263,1,0.0111128068,0.0005124841"
2026-04-18T00:00:00.000-03:00,"CSV=1776481200000,0.00836,0.008393,0.00817,0.008251,103089914,0.00971108,0.011083571,0.008338589,12.3831118143,28.2664953544,15.1037331153,23.5215851973,25.0318213987,0.009,10.4995312709,179495633.2,0.5743310417,0.8776353726,0.0097271263,1,0.0110843311,0.0004835357"
2026-04-18T01:00:00.000-03:00,"CSV=1776484800000,0.008252,0.008319,0.007966,0.008057,127549184,0.00967218,0.0110633109,0.0082810491,12.5742729933,28.7656126493,14.5267824387,24.8306256466,25.1083791347,0.009,3.0438675022,151336438.4,0.8428187246,1.4402330905,0.0095539463,1,0.0110542084,0.0004704821"
2026-04-18T02:00:00.000-03:00,"CSV=1776488400000,0.008056,0.008144,0.007828,0.007965,88015689,0.0096422,0.0110535004,0.0082308996,12.7679050086,29.2734113743,14.013362944,25.4964962226,25.3720851356,0.009,2.4305555556,130330977.1,0.6753244007,1.5072932183,0.0093511017,1,0.01102347,0.0004550339"
2026-04-18T03:00:00.000-03:00,"CSV=1776492000000,0.007966,0.008039,0.007534,0.007617,140079712,0.00959378,0.0110319455,0.0081556145,13.0363723224,29.9812063285,13.2137209862,27.3636672174,26.0053798384,0.008945,-4.9656893325,130909047.2,1.0700537128,-0.7663226235,0.0091665915,1,0.0109895748,0.0004600305"
2026-04-18T04:00:00.000-03:00,"CSV=1776495600000,0.007617,0.007832,0.007539,0.007613,190497578,0.00954128,0.0110026948,0.0080798652,13.2823349013,30.6335159881,12.7610536037,26.426259834,26.5964548943,0.008945,-7.4407294833,136526288.3,1.3953179301,-3.9716095028,0.0090154824,1,0.0109559771,0.0004433275"
2026-04-18T05:00:00.000-03:00,"CSV=1776499200000,0.007613,0.007734,0.007457,0.007673,123677883,0.00947898,0.0109522671,0.0080056929,13.4518919949,31.0853519621,12.3330952317,26.5327921548,27.2590322811,0.008945,-7.2412959381,132729030.5,0.9318073261,-4.8969038703,0.0088755841,1,0.0109233106,0.0004266947"
2026-04-18T06:00:00.000-03:00,"CSV=1776502800000,0.007674,0.007879,0.007534,0.007581,131911300,0.00941688,0.0109033615,0.0079303985,13.6332404732,31.5705730952,13.6051343399,25.3962460214,27.4572667723,0.008945,-6.7757009346,130399964.8,1.011589997,-5.5493463429,0.0088755841,1,0.0108900538,0.0004185252"
2026-04-18T07:00:00.000-03:00,"CSV=1776506400000,0.007581,0.007599,0.007315,0.007499,154115967,0.00931464,0.0107529346,0.0078763454,13.3758334426,30.8824522629,13.1098393313,27.2789830103,27.9655719261,0.008945,-7.9538480422,131152380.4,1.1750908869,-6.8150623452,0.0086722182,1,0.010856312,0.0004050727"
2026-04-18T08:00:00.000-03:00,"CSV=1776510000000,0.007498,0.007526,0.00715,0.007368,194770506,0.00923004,0.0106558898,0.0078041902,13.3808612798,30.895853913,12.4660796932,28.094323458,28.6699197982,0.008945,-11.897644386,139262478,1.3985856693,-10.0899998757,0.0085444963,1,0.0108216024,0.0004021654"
2026-04-18T09:00:00.000-03:00,"CSV=1776513600000,0.007367,0.007385,0.006861,0.00691,345479052,0.00912564,0.010526213,0.007725067,13.3055734938,30.6953377052,11.6144849062,29.9427592873,29.6988372068,0.008499,-17.3642669218,159918678.5,2.1603420891,-19.2309188097,0.0083660467,1,0.010782681,0.0004143489"
2026-04-18T10:00:00.000-03:00,"CSV=1776517200000,0.00691,0.007058,0.00681,0.006875,253895750,0.00903222,0.0104239895,0.0076404505,13.3516007444,30.8178820592,11.2256214728,29.6287672453,30.7219614572,0.008499,-16.6767664526,174999262.1,1.4508389747,-20.8857134536,0.008127142,1,0.0107437986,0.000397714"
2026-04-18T11:00:00.000-03:00,"CSV=1776520800000,0.006876,0.007015,0.006667,0.006934,304047278,0.00894652,0.0103329139,0.0075601261,13.417260025,30.9929208265,10.687637127,30.178136833,31.8534270186,0.008499,-13.9381903934,192649071.5,1.578244191,-21.256431643,0.0080192278,1,0.0107058901,0.0003927426"
2026-04-18T12:00:00.000-03:00,"CSV=1776524400000,0.006936,0.007072,0.006762,0.006776,229711994,0.00886072,0.0102460379,0.0074754021,13.5205230084,31.2687437036,11.024413071,28.8581389387,32.7109057926,0.008499,-14.9278091651,206818702,1.110692562,-19.6976899644,0.0080192278,1,0.0106667868,0.0003844683"
2026-04-18T13:00:00.000-03:00,"CSV=1776528000000,0.006776,0.006845,0.006312,0.006383,446410073,0.00876544,0.0101540608,0.0073768192,13.6755221848,31.6839963147,10.2023418847,33.0018688644,34.0482813481,0.008499,-16.2006039123,237451738.1,1.8800033917,-23.2841900773,0.0077764645,1,0.010624162,0.0003993215"
2026-04-18T14:00:00.000-03:00,"CSV=1776531600000,0.006384,0.006445,0.00609,0.006205,383172177,0.00868658,0.0101060646,0.0072670954,14.0458691535,32.6822434598,9.6868736002,34.4940264018,35.5216654978,0.008499,-18.4946801524,256719198,1.4925731304,-24.724347602,0.0074521681,1,0.0105801902,0.0003948894"
2026-04-18T15:00:00.000-03:00,"CSV=1776535200000,0.006208,0.006229,0.005708,0.005761,427070899,0.00859618,0.0100546385,0.0071377215,14.5053302605,33.9327125414,8.9739266957,37.3516295867,37.23736265,0.008499,-24.9185455493,287058499.6,1.4877486631,-28.8404093435,0.0071910013,1,0.0105322381,0.0004075004"
2026-04-18T16:00:00.000-03:00,"CSV=1776538800000,0.00576,0.006223,0.00557,0.006086,466315306,0.00850624,0.0099780019,0.0070344781,14.7500662625,34.6042879233,8.1667620382,35.8928570348,38.9501108305,0.008499,-19.7203535154,320498900.2,1.4549669459,-28.791093738,0.0071910013,1,0.0104879969,0.0004320504"
2026-04-18T17:00:00.000-03:00,"CSV=1776542400000,0.006085,0.006393,0.006043,0.00632,262488096,0.00840178,0.009839252,0.006964308,14.6095661534,34.2182736293,10.1512874403,34.1299347624,39.9634918021,0.008499,-15.7220962795,331336113.1,0.7922109472,-23.3458014205,0.0071910013,1,0.0104465243,0.0004238453"
2026-04-18T18:00:00.000-03:00,"CSV=1776546000000,0.006319,0.006356,0.006132,0.006285,131452271,0.00830092,0.0097060937,0.0068957463,14.4772315494,33.8558533866,9.820534688,33.0179014439,40.9093140423,0.008499,-14.6986970684,325004289.6,0.4044631877,-17.545561571,0.0071910013,1,0.0104051161,0.0004038608"
2026-04-18T19:00:00.000-03:00,"CSV=1776549600000,0.006284,0.006307,0.006124,0.00624,109232201,0.00821212,0.0096043753,0.0068198647,14.4960530484,33.9073307494,9.5482200082,32.2235645956,41.8009516387,0.008393,-9.6960926194,301379604.5,0.3624405878,-12.8684602167,0.0071910013,1,0.0103636722,0.0003817747"
2026-04-18T20:00:00.000-03:00,"CSV=1776553200000,0.006239,0.006515,0.006156,0.006216,151210137,0.00812132,0.0094925945,0.0067500455,14.4457290607,33.7697438177,12.2132416881,30.4489083999,41.8638461067,0.008319,-9.5854545455,291111043.2,0.5194242559,-10.2386126761,0.0071910013,1,0.0103224018,0.0003794973"
2026-04-18T21:00:00.000-03:00,"CSV=1776556800000,0.006216,0.006444,0.006114,0.006237,146531602,0.008018,0.0093315233,0.0067044767,14.0761936861,32.7643624974,11.5848728559,29.5371338035,41.9833291481,0.008144,-10.0519180848,275359475.6,0.5321465756,-8.6087730464,0.0071910013,1,0.010281751,0.0003745475"
2026-04-18T22:00:00.000-03:00,"CSV=1776560400000,0.006237,0.006317,0.006118,0.006307,130899880,0.0079215,0.0091787357,0.0066642643,13.6972647448,31.7423653011,11.2121592048,28.5868520767,42.0948466535,0.008039,-6.9214876033,265478264.2,0.4930719296,-6.8767791137,0.0071910013,1,0.0102422013,0.0003569928"
2026-04-18T23:00:00.000-03:00,"CSV=1776564000000,0.006305,0.006345,0.005998,0.006018,197554892,0.00781828,0.0090142012,0.0066223588,13.2670787601,30.5929480305,10.576442999,28.9267774109,42.3853739133,0.007879,-5.7183142723,240592746.1,0.8211174077,-6.1496552065,0.0071910013,1,0.0102001694,0.0003559935"
2026-04-19T00:00:00.000-03:00,"CSV=1776567600000,0.006019,0.006073,0.005861,0.006019,168920985,0.0077187,0.0088513284,0.0065860716,12.7961401098,29.3476461384,10.1979511226,30.2042006979,42.8608678045,0.007879,-2.9975825947,219167626.9,0.77073876,-4.869887835,0.0069917825,1,0.0101585658,0.0003415942"
2026-04-19T01:00:00.000-03:00,"CSV=1776571200000,0.006019,0.006309,0.005963,0.00603,161492455,0.0076316,0.0087225224,0.0065406776,12.5069601297,28.589611581,13.6143106673,28.425401217,42.3522225827,0.007879,4.6693282416,192609782.5,0.8384436808,-1.9416023041,0.0069917825,1,0.0101174855,0.0003420347"
2026-04-19T02:00:00.000-03:00,"CSV=1776574800000,0.006029,0.006036,0.005679,0.005686,221592925,0.00754176,0.0086038638,0.0064796562,12.3444985431,28.1659412996,12.7821289291,31.550529892,42.3510999524,0.007599,-6.5724613868,168137544.4,1.3179264976,-4.1817418747,0.0068880938,1,0.0100733911,0.0003435313"
2026-04-19T03:00:00.000-03:00,"CSV=1776578400000,0.005685,0.00601,0.005506,0.005977,323915066,0.00746114,0.0084852922,0.0064369878,12.0697337829,27.4529676802,11.7003308391,31.7853769793,42.6068729624,0.007526,-5.4272151899,174280241.4,1.8585874302,-6.1501458941,0.0068367344,1,0.010032631,0.0003595781"
2026-04-19T04:00:00.000-03:00,"CSV=1776582000000,0.005979,0.006172,0.005908,0.006107,142660292,0.00740626,0.0084279819,0.0063845381,12.1229717155,27.5907639395,13.9522969715,30.3440795927,42.2334009901,0.007385,-2.8321400159,175401043.5,0.813337761,-4.8679260692,0.0068367344,1,0.00999357,0.0003500203"
2026-04-19T05:00:00.000-03:00,"CSV=1776585600000,0.006105,0.006123,0.005866,0.005949,89745334,0.00733402,0.0083281583,0.0063398817,11.9370726766,27.1103244904,13.3222177189,29.7117708062,41.9568499956,0.007072,-4.6634615385,173452356.8,0.517406253,-4.049585433,0.0068367344,1,0.0099533255,0.0003407183"
2026-04-19T06:00:00.000-03:00,"CSV=1776589200000,0.005949,0.00616,0.005894,0.00602,105584707,0.00728468,0.0082815863,0.0062877737,12.0376254271,27.3699419451,13.35023905,28.2947784667,41.5520959955,0.007072,-3.1531531532,168889813.8,0.6251691835,-3.3568083494,0.0068367344,1,0.009914188,0.0003332465"
2026-04-19T07:00:00.000-03:00,"CSV=1776592800000,0.006024,0.00621,0.005794,0.005865,168721284,0.00723492,0.0082393252,0.0062305148,12.1903821643,27.7654827906,12.3623357884,27.979815614,41.3627936385,0.007072,-5.9644059644,171108782,0.9860468997,-4.1982669028,0.0068367344,1,0.0098738975,0.0003415218"
2026-04-19T08:00:00.000-03:00,"CSV=1776596400000,0.005865,0.006066,0.005845,0.006031,108290289,0.00718488,0.0081856867,0.0061840733,12.2263013566,27.8586901213,11.8626806229,26.8489403781,41.1861114387,0.006845,-4.3760900587,168847822.9,0.641348447,-3.7343774563,0.0068367344,1,0.0098356597,0.0003294696"
2026-04-19T09:00:00.000-03:00,"CSV=1776600000000,0.00603,0.006139,0.005968,0.006023,128154098,0.00713362,0.0081269594,0.0061402806,12.2227676088,27.8495169552,12.8621282126,25.9784768288,40.6916827763,0.006515,0.0830840811,161907743.5,0.7915254405,-2.4676639162,0.0068367344,1,0.0097977228,0.0003136227"
2026-04-19T10:00:00.000-03:00,"CSV=1776603600000,0.006024,0.006125,0.005982,0.006118,85839169,0.00708496,0.0080672052,0.0061027148,12.1757805596,27.7276146312,12.4990472326,25.2451385609,40.2302160248,0.006515,1.6447914936,153599561.9,0.5588503505,-1.3387118433,0.0068367344,1,0.0097611087,0.0002965604"
2026-04-19T11:00:00.000-03:00,"CSV=1776607200000,0.006117,0.006171,0.006024,0.006073,94121202,0.0070354,0.0080048562,0.0060659438,12.1108504367,27.5593756381,13.0657367041,24.4839084953,39.5754150593,0.006515,0.7131011609,146862436.6,0.6408800247,-0.7401371323,0.0068367344,1,0.0097244111,0.0002816044"
2026-04-19T12:00:00.000-03:00,"CSV=1776610800000,0.006073,0.006091,0.005796,0.005912,177723930,0.00697956,0.0079315491,0.0060275709,12.0025615547,27.2793430509,12.2702043029,27.6989949867,39.510500769,0.006515,3.9746746395,142475537.1,1.2473996141,1.159244449,0.0067923318,1,0.0096864766,0.0002829439"
2026-04-19T13:00:00.000-03:00,"CSV=1776614400000,0.005911,0.006474,0.005856,0.006468,283668907,0.00693718,0.0078634865,0.0060108735,11.7798445818,26.7055629769,18.2462253946,24.368677664,37.8342625578,0.006515,8.21482349,138450921.2,2.0488769922,6.3832172473,0.0067923318,1,0.009654452,0.0003164495"
2026-04-19T14:00:00.000-03:00,"CSV=1776618000000,0.006471,0.006692,0.006204,0.006455,563863469,0.00689286,0.0077876263,0.0059980937,11.4895897642,25.9621206897,20.6861360088,22.1187114436,35.5350957085,0.006692,5.6983789094,180571238.9,3.1226648963,10.1868540937,0.0067923318,1,0.0096226166,0.0003336046"
2026-04-19T15:00:00.000-03:00,"CSV=1776621600000,0.006455,0.006786,0.006081,0.006421,514880696,0.00685818,0.0077368137,0.0059795463,11.3565314914,25.6229402628,18.0994592929,21.5345181206,33.7438863011,0.006786,7.9341065725,223084775.1,2.3080046398,12.8952209898,0.0067923318,1,0.0095907598,0.0003707441"
2026-04-19T16:00:00.000-03:00,"CSV=1776625200000,0.006421,0.006528,0.006056,0.00607,207769423,0.00683024,0.0077112779,0.0059492021,11.425316687,25.7981541896,16.6096226585,20.1979129911,32.1442133915,0.006786,0.8305647841,233303246.7,0.8905552149,8.8433685931,0.0067923318,1,0.0095557273,0.0003808697"
2026-04-19T17:00:00.000-03:00,"CSV=1776628800000,0.00607,0.006172,0.005612,0.005757,357796026,0.006789,0.0076710493,0.0059069507,11.4984182973,25.9846616887,15.0362820122,25.7949841223,31.7578775545,0.006786,-1.8414322251,252210720.9,1.4186392423,5.0248030566,0.0067923318,1,0.009517929,0.0003987827"
2026-04-19T18:00:00.000-03:00,"CSV=1776632400000,0.005757,0.0058,0.005,0.005183,364792673,0.00673714,0.0076357071,0.0058385729,11.7679624302,26.6750326851,13.1322765129,32.2156291325,32.4461592887,0.006786,-14.0606864533,277860959.3,1.3128604822,-2.8033711611,0.0067167134,1,0.0094747954,0.0004389045"
2026-04-19T19:00:00.000-03:00,"CSV=1776636000000,0.005183,0.005375,0.005112,0.005294,211962780,0.00668272,0.0075846379,0.0057808021,11.8913773242,26.9925393521,12.5715568518,30.8400917965,33.088555574,0.006786,-12.1036028557,286241827.5,0.740502469,-4.856496707,0.0065074421,1,0.0094331955,0.000421314"
2026-04-19T20:00:00.000-03:00,"CSV=1776639600000,0.005293,0.00541,0.005257,0.005349,115558043,0.0066252,0.007518593,0.005731807,11.8824489387,26.969539656,12.8386817966,30.0406013229,33.5571243687,0.006786,-12.5694671461,289213714.9,0.3995593468,-4.9117471653,0.0065074421,1,0.0093925567,0.0003944826"
2026-04-19T21:00:00.000-03:00,"CSV=1776643200000,0.00535,0.005426,0.00523,0.005331,147033536,0.00656638,0.007446125,0.005686635,11.8148030727,26.7954338923,12.397556865,29.4817482162,34.0395744085,0.006786,-12.218014161,294504948.3,0.4992565892,-5.307806136,0.0064519031,1,0.0093521432,0.0003746344"
2026-04-19T22:00:00.000-03:00,"CSV=1776646800000,0.005331,0.005361,0.005231,0.005241,93508123,0.00650856,0.0073784551,0.0056386649,11.7896642134,26.7307999868,12.1020612637,28.7790511437,34.4898611123,0.006786,-11.349797023,286083367.6,0.326856202,-4.7751212736,0.0063465128,1,0.0093112363,0.0003501709"
2026-04-19T23:00:00.000-03:00,"CSV=1776650400000,0.005241,0.005288,0.005053,0.005213,196650828,0.00644988,0.0073061241,0.0055936359,11.7195391272,26.5506976546,11.5680354439,30.8514963543,35.2211316869,0.006786,-19.4032158318,277381559.7,0.7089542225,-7.7687447806,0.0061864615,1,0.0092704578,0.0003386538"
2026-04-20T00:00:00.000-03:00,"CSV=1776654000000,0.005213,0.005352,0.005175,0.005247,103730751,0.00638756,0.0072152121,0.0055599079,11.4709321263,25.9144988235,12.41358022,29.7906522959,35.6179739962,0.006786,-18.7141750581,231368287.9,0.448336079,-7.9759098094,0.0061864615,1,0.0092304234,0.0003224884"
2026-04-20T01:00:00.000-03:00,"CSV=1776657600000,0.005245,0.005382,0.005206,0.005233,104625211,0.00632498,0.0071185691,0.0055313909,11.1481544456,25.0938050325,12.5772654469,28.7378841638,35.851141004,0.006786,-18.5017909983,190342739.4,0.5496674648,-8.7072173901,0.0061864615,1,0.0091906481,0.0003078396"
2026-04-20T02:00:00.000-03:00,"CSV=1776661200000,0.005231,0.005327,0.005138,0.005229,118023801,0.00626454,0.0070234623,0.0055056177,10.8055292214,24.2291458812,12.0858570965,29.0207965505,36.2075691242,0.006786,-13.8550247117,181368177.2,0.6507415073,-8.8101581481,0.0061203669,1,0.0091512287,0.0002959556"
2026-04-20T03:00:00.000-03:00,"CSV=1776664800000,0.005228,0.005378,0.005106,0.005275,146704532,0.0062089,0.0069356687,0.0054821313,10.4787111848,23.4105458568,12.4645301288,27.3717633308,36.2884802179,0.006786,-8.372416189,160259027.8,0.9154213277,-8.4282015465,0.0061203669,1,0.0091126593,0.0002935601"
2026-04-20T04:00:00.000-03:00,"CSV=1776668400000,0.005275,0.005285,0.005073,0.005148,138468703,0.00615256,0.0068495901,0.0054555299,10.1762308948,22.6582139588,11.8998633587,26.836941651,36.4399434872,0.006786,-0.6752845842,137626630.8,1.0061185266,-5.8452731413,0.0060352122,1,0.0090732099,0.0002854041"
2026-04-20T05:00:00.000-03:00,"CSV=1776672000000,0.00515,0.00517,0.005071,0.005133,110626461,0.00610288,0.0067820569,0.0054237031,10.0143199362,22.2575857161,11.6361167131,26.2869074502,36.586145288,0.006786,-3.0411786929,127492998.9,0.8677061639,-4.77646526,0.005920791,1,0.0090340038,0.0002667637"
2026-04-20T06:00:00.000-03:00,"CSV=1776675600000,0.00513,0.00535,0.005106,0.005334,154349777,0.0060573,0.0067095407,0.0054050593,9.7210935344,21.5356918131,15.0716365245,24.83345771,35.777908535,0.006786,-0.2804262479,131372172.3,1.1749046567,-3.2941348748,0.005920791,1,0.0089971879,0.0002644873"
2026-04-20T07:00:00.000-03:00,"CSV=1776679200000,0.005333,0.005424,0.005251,0.005296,128877342,0.00600976,0.006628258,0.005391262,9.3312296439,20.5831172238,16.1883371741,23.8324250248,34.6660683339,0.006786,-0.656537235,129556552.9,0.9947574176,-2.4137883447,0.005920791,1,0.0089603601,0.0002553386"
2026-04-20T08:00:00.000-03:00,"CSV=1776682800000,0.005296,0.005896,0.005227,0.005571,310729683,0.00596956,0.0065486956,0.0053904244,8.8435255877,19.4029566078,23.9686175029,20.4217034504,32.8876829129,0.006786,6.2965082999,151278708.9,2.0540212516,2.7018617232,0.005920791,1,0.0089266352,0.0002967047"
2026-04-20T09:00:00.000-03:00,"CSV=1776686400000,0.005573,0.005703,0.005513,0.005615,155192007,0.00593188,0.006470126,0.005393634,8.318941404,18.1475683884,22.9683888938,19.5694902581,31.2278565199,0.006786,7.7114905045,147132826.8,1.0547748614,4.5125365916,0.005920791,1,0.0088936836,0.0002860342"
2026-04-20T10:00:00.000-03:00,"CSV=1776690000000,0.005615,0.005735,0.005518,0.005535,127414949,0.00589522,0.0063954862,0.0053949538,7.8221759317,16.971925755,22.5689362974,18.6187202566,29.7853845113,0.006786,5.4888507719,149501246.6,0.8522667998,4.5676794883,0.005920791,1,0.0088602638,0.0002791308"
2026-04-20T11:00:00.000-03:00,"CSV=1776693600000,0.005534,0.005666,0.005514,0.00565,98944150,0.00587002,0.0063498515,0.0053901885,7.5565787651,16.3485484724,21.774972589,18.0563007507,28.4220962542,0.006528,7.9686604242,148933140.5,0.6643528074,4.8097869668,0.005920791,1,0.0088283209,0.0002664177"
2026-04-20T12:00:00.000-03:00,"CSV=1776697200000,0.005649,0.005752,0.005561,0.005603,126321133,0.00584458,0.0063037286,0.0053854314,7.2837616517,15.7119438439,22.826427508,17.2397673324,27.4568615452,0.006172,7.1524192006,149762873.7,0.8434742862,5.2174852046,0.005920791,1,0.0087962282,0.000258876"
2026-04-20T13:00:00.000-03:00,"CSV=1776700800000,0.005603,0.005636,0.005415,0.005576,150594878,0.00581742,0.0062507625,0.0053840775,6.9326342408,14.8980992087,21.6146694613,19.8316038002,25.9132116665,0.005896,5.7061611374,150151908.3,1.0029501437,5.3859885139,0.005920791,1,0.0087641861,0.0002550884"
2026-04-20T14:00:00.000-03:00,"CSV=1776704400000,0.005579,0.005631,0.005477,0.00558,64180228,0.0057935,0.0062057662,0.0053812338,6.6432762011,14.2320251413,20.7906495717,19.07556004,24.4724717797,0.005896,8.3916083916,142723060.8,0.4496836576,4.8485153941,0.005920791,1,0.0087325026,0.0002449795"
2026-04-20T15:00:00.000-03:00,"CSV=1776708000000,0.00558,0.005998,0.005569,0.005723,260558998,0.0057803,0.0061839563,0.0053766437,6.5274758715,13.9666194583,27.4063337239,17.1267728006,24.3798379242,0.005998,11.4942528736,157716314.5,1.6520738443,9.56212844,0.005920791,1,0.0087025573,0.0002633816"
2026-04-20T16:00:00.000-03:00,"CSV=1776711600000,0.005726,0.005848,0.0057,0.00572,94251375,0.0057706,0.0061697361,0.0053714639,6.4692567508,13.8334338552,26.4090747293,16.5035654649,24.293379659,0.005998,7.2365954256,151706474.3,0.6212745727,7.8733898703,0.005920791,1,0.0086728802,0.0002518434"
2026-04-20T17:00:00.000-03:00,"CSV=1776715200000,0.005719,0.005724,0.005587,0.005684,83241091,0.00576906,0.0061683786,0.0053697414,6.4736402137,13.8434559594,25.4891864825,18.8017360295,23.6804156058,0.005998,7.3262839879,147142849.2,0.565716183,6.6304590512,0.005920791,1,0.0086431401,0.0002403591"
2026-04-20T18:00:00.000-03:00,"CSV=1776718800000,0.005685,0.005719,0.005603,0.005665,35730831,0.00576064,0.0061576186,0.0053636614,6.4469505367,13.7824487256,24.7084089446,18.225806579,23.1083158228,0.005998,1.6873092802,119642964,0.2986454849,4.5882751335,0.005920791,1,0.0086135068,0.0002279232"
2026-04-20T19:00:00.000-03:00,"CSV=1776722400000,0.005664,0.005664,0.005488,0.005582,79147975,0.00574588,0.0061354371,0.0053563229,6.3492968374,13.5595283815,23.5300627029,20.4551248865,22.0338179997,0.005998,-0.5877114871,112038560.8,0.7064351276,2.9204567426,0.005920791,1,0.0085833426,0.0002228309"
2026-04-20T20:00:00.000-03:00,"CSV=1776726000000,0.005582,0.005825,0.005544,0.005712,98425807,0.00573442,0.0061163013,0.0053525387,6.2436646895,13.3189179565,26.0635663503,18.9203209108,21.6235344401,0.005998,3.1978319783,109139646.6,0.9018336605,2.9082753346,0.005920791,1,0.008554772,0.0002286478"
2026-04-20T21:00:00.000-03:00,"CSV=1776729600000,0.005711,0.006213,0.005694,0.00613,301839044,0.00573222,0.0061114903,0.0053529497,6.2058564303,13.2329294648,32.3592121251,16.4741928627,22.3505656076,0.006213,8.4955752212,129429136,2.3320795713,8.5429693631,0.005180451,-1,0.0085306449,0.000257683"
2026-04-20T22:00:00.000-03:00,"CSV=1776733200000,0.006131,0.006262,0.005923,0.006089,247782400,0.00572968,0.0061061166,0.0053532434,6.1649097855,13.1398814055,30.8736123709,15.1073039526,23.1464484778,0.006262,8.6739246832,141575262.7,1.7501814602,10.7556269646,0.0052950559,-1,0.0085063499,0.0002658147"
2026-04-20T23:00:00.000-03:00,"CSV=1776736800000,0.006088,0.006402,0.006082,0.006336,252600168,0.00573166,0.0061110089,0.0053523111,6.2076312086,13.236964347,31.8704884221,13.9377127643,24.2131867156,0.006402,13.6298421808,151775791.7,1.6642981412,14.731791645,0.0054283003,-1,0.0084847544,0.0002712332"
2026-04-21T00:00:00.000-03:00,"CSV=1776740400000,0.006338,0.007165,0.006325,0.006758,563472640,0.00574068,0.0061385134,0.0053428466,6.4809397831,13.8601473713,42.4134652809,11.4455503973,26.4321814531,0.007165,21.1111111111,201705032.9,2.7935477459,29.4794933828,0.0057606703,-1,0.0084675728,0.0003281099"
2026-04-21T01:00:00.000-03:00,"CSV=1776744000000,0.006758,0.007098,0.00624,0.006381,819254199,0.00574794,0.0061539951,0.0053418849,6.5982355265,14.128717083,35.4721260717,11.1937137059,28.1384421035,0.007165,11.4974663638,257574553,3.1806488236,31.8427965435,0.0057606703,-1,0.0084468109,0.0003810989"
2026-04-21T02:00:00.000-03:00,"CSV=1776747600000,0.006382,0.006489,0.006152,0.006238,334897337,0.00575232,0.0061624362,0.0053422038,6.6550977776,14.2591563526,33.1864920313,12.1550172145,29.3548522063,0.007165,9.0559440559,281639149.2,1.1891007978,24.8180077962,0.0057606703,-1,0.0084248327,0.000376689"
2026-04-21T03:00:00.000-03:00,"CSV=1776751200000,0.006236,0.006246,0.006051,0.006183,242389989,0.00575538,0.006168119,0.005342641,6.6914888093,14.3427190594,31.9117056153,13.6776954204,30.0642727864,0.007165,8.7790288529,297554039,0.8146082971,18.9291617788,0.0057606703,-1,0.0084025259,0.0003585201"
2026-04-21T04:00:00.000-03:00,"CSV=1776754800000,0.006181,0.006371,0.006101,0.006334,205967064,0.00576834,0.0061887984,0.0053478816,6.7938616013,14.5781419938,32.6872322423,12.9402801384,30.9452284499,0.007165,11.8093556929,314577662.3,0.654741543,15.1967997751,0.0057606703,-1,0.0083819435,0.0003496681"
2026-04-21T05:00:00.000-03:00,"CSV=1776758400000,0.006335,0.00659,0.00619,0.006364,291162258,0.00577608,0.0062038075,0.0053483525,6.894596222,14.8103030378,34.4264657335,11.9201828936,32.1195969368,0.007165,14.0093156575,335779090.6,0.8671244463,14.1804732107,0.0057606703,-1,0.0083618645,0.0003547013"
2026-04-21T06:00:00.000-03:00,"CSV=1776762000000,0.006369,0.006457,0.00628,0.006373,156881437,0.0057814,0.0062148266,0.0053479734,6.9740735989,14.9938277826,33.1861527152,11.4907238216,33.2156741913,0.007165,11.5721288515,341624653.6,0.4592216497,11.2250395077,0.0057606703,-1,0.0083420748,0.0003369312"
2026-04-21T07:00:00.000-03:00,"CSV=1776765600000,0.006375,0.006633,0.00636,0.006494,209196884,0.0057923,0.0062365229,0.0053480771,7.1229255719,15.3383934964,34.9439932635,10.8450361836,34.50999037,0.007165,5.9380097879,332360437.6,0.6294277547,8.7292090612,0.0057606703,-1,0.008323686,0.000330538"
2026-04-21T08:00:00.000-03:00,"CSV=1776769200000,0.006492,0.006501,0.006276,0.006322,193522522,0.00579834,0.0062476419,0.0053490381,7.1915435267,15.49760399,33.292036988,12.0972545083,35.3223614783,0.007165,3.8265725078,326934449.8,0.5919306519,6.5744945605,0.0057606703,-1,0.0083037687,0.0003199842"
2026-04-21T09:00:00.000-03:00,"CSV=1776772800000,0.006322,0.006363,0.006,0.006103,321284808,0.0058031,0.0062543394,0.0053518606,7.2148213491,15.5516677427,30.7770254109,16.9272168702,34.9030477772,0.007165,-3.6773989899,333802913.8,0.9624985125,3.2031660211,0.0057606703,-1,0.0082818705,0.0003242858"
2026-04-21T10:00:00.000-03:00,"CSV=1776776400000,0.006103,0.006196,0.006089,0.006179,88524255,0.00580606,0.0062592658,0.0053528542,7.240558457,15.6114748786,30.0598477189,16.5327725675,34.5116883228,0.007165,-8.5676235573,286308075.3,0.3091923094,1.2524295762,0.0057606703,-1,0.0082609464,0.0003025572"
2026-04-21T11:00:00.000-03:00,"CSV=1776780000000,0.006177,0.006236,0.006075,0.006112,116177298,0.00580784,0.006262068,0.005353612,7.2536417357,15.641890143,29.8710250002,15.9341748861,34.2393323879,0.007165,-4.2156401818,216000385.2,0.5378569019,0.0791493282,0.0057606703,-1,0.0082395639,0.0002884015"
2026-04-21T12:00:00.000-03:00,"CSV=1776783600000,0.006111,0.006168,0.006033,0.006082,96940359,0.00580712,0.0062608841,0.0053533559,7.2476036799,15.6278521472,28.9299837847,16.4123011811,33.7971824815,0.007165,-2.500801539,192204687.4,0.5043600149,-0.3676685484,0.0057606703,-1,0.0082180956,0.0002730614"
2026-04-21T13:00:00.000-03:00,"CSV=1776787200000,0.006082,0.006208,0.006077,0.00612,96625777,0.00580806,0.0062624222,0.0053536978,7.2553742375,15.6459184085,28.9808660413,15.8917876504,33.4886628389,0.007165,-1.018922853,177628266.2,0.5439774821,-0.4298693949,0.0057606703,-1,0.008197219,0.0002588552"
2026-04-21T14:00:00.000-03:00,"CSV=1776790800000,0.006118,0.00617,0.006086,0.006144,51513154,0.0058127,0.0062692791,0.0053561209,7.2828009153,15.7097086349,28.3628724504,15.5529080979,33.2007111725,0.007165,-2.9996842438,162182875.2,0.3176238794,-0.6041700455,0.0057606703,-1,0.008176789,0.0002413697"
2026-04-21T15:00:00.000-03:00,"CSV=1776794400000,0.006143,0.006147,0.006079,0.006137,50471266,0.00580608,0.0062554526,0.0053567074,7.1836940993,15.4793794682,27.8478139367,15.4574105492,32.894783633,0.007165,-3.5669390321,138113776,0.3654325257,-0.8372718768,0.0057606703,-1,0.0081564926,0.0002240327"
2026-04-21T16:00:00.000-03:00,"CSV=1776798000000,0.006136,0.00621,0.006043,0.006096,98968757,0.0057989,0.0062406503,0.0053571497,7.0785934041,15.2356570211,28.2982354341,14.7524864398,32.7994398475,0.007165,-4.346461635,132322508,0.7479359218,-1.6418061811,0.0057606703,-1,0.0081359901,0.0002183295"
2026-04-21T17:00:00.000-03:00,"CSV=1776801600000,0.006095,0.006183,0.006078,0.006152,54231089,0.00579352,0.0062292582,0.0053577818,6.9950253472,15.0422606389,27.4547847087,14.3127772071,32.7104523144,0.007165,-5.2663997536,116825928.5,0.4642042199,-1.9094324505,0.0057606703,-1,0.0081162489,0.0002069965"
2026-04-21T18:00:00.000-03:00,"CSV=1776805200000,0.006151,0.006164,0.006055,0.006095,45385185,0.00579402,0.0062300894,0.0053579506,6.9994080105,15.0523945294,26.5738273416,14.5305921419,32.4830304861,0.007165,-3.5906358747,102012194.8,0.4448996033,-1.8054457924,0.0057606703,-1,0.008096137,0.0001971969"
2026-04-21T19:00:00.000-03:00,"CSV=1776808800000,0.006095,0.006112,0.006013,0.006108,68504134,0.00580104,0.0062392768,0.0053628032,7.0238394399,15.1089040409,25.7691731948,15.3752104605,32.0016395585,0.007165,0.0819269212,76734127.4,0.8927466347,-1.1792505339,0.0057606703,-1,0.0080763546,0.0001873772"
2026-04-21T20:00:00.000-03:00,"CSV=1776812400000,0.006108,0.006157,0.006089,0.006131,50011467,0.00582,0.0062515437,0.0053884563,6.9029948194,14.8296818055,26.6499793683,15.040058615,31.7247428836,0.007098,-0.7768247289,72882848.6,0.6861897958,-0.96385009,0.0057606703,-1,0.0080569978,0.0001754395"
2026-04-21T21:00:00.000-03:00,"CSV=1776816000000,0.006132,0.006176,0.006025,0.006074,82517629,0.0058356,0.0062619138,0.0054092862,6.808042973,14.6107951591,25.3359962374,16.3882629211,31.0394212493,0.006633,-0.6217277487,69516881.7,1.1870156857,-0.8885669233,0.0057606703,-1,0.0080372665,0.0001729955"
2026-04-21T22:00:00.000-03:00,"CSV=1776819600000,0.006074,0.00608,0.005731,0.006015,227741226,0.00584892,0.0062701968,0.0054276432,6.7187168402,14.4052839168,22.5791519219,23.7713778274,29.1416061512,0.006633,-1.1016113121,82596968.4,2.7572588972,-1.6048538127,0.0057606703,-1,0.0080171444,0.000190596"
2026-04-21T23:00:00.000-03:00,"CSV=1776823200000,0.006015,0.006098,0.005885,0.005892,92801532,0.00586014,0.0062748936,0.0054453864,6.6097306913,14.1550736285,21.6406510105,22.1923324691,27.2827390027,0.006633,-3.7254901961,82214543.9,1.1287726915,-2.4716464071,0.0057606703,-1,0.0079959987,0.0001928364"
2026-04-22T00:00:00.000-03:00,"CSV=1776826800000,0.005892,0.006,0.005846,0.005888,69951682,0.00587308,0.0062782984,0.0054678616,6.4542704123,13.7991770243,20.5815841229,22.3456254822,25.7378482772,0.006633,-4.1666666667,84058396.7,0.8321795888,-2.8035692558,0.0057606703,-1,0.0079750236,0.0001889527"
2026-04-22T01:00:00.000-03:00,"CSV=1776830400000,0.005888,0.006036,0.005871,0.006013,57888629,0.00588908,0.0062835713,0.0054945887,6.2781377491,13.3973815679,20.6473605269,21.1570296326,24.1032701276,0.006633,-2.0205312042,84800133,0.6826478562,-2.3288166022,0.0057606703,-1,0.007955501,0.0001865575"
2026-04-22T02:00:00.000-03:00,"CSV=1776834000000,0.006013,0.006145,0.005944,0.006102,82522543,0.00590618,0.0062908777,0.0055214823,6.1151671157,13.0269542541,22.8274115228,19.7835528635,22.9726100898,0.006633,0.0984251969,83155511.6,0.9923881341,-1.5199857356,0.0057606703,-1,0.0079370582,0.0001880017"
2026-04-22T03:00:00.000-03:00,"CSV=1776837600000,0.006101,0.006166,0.006076,0.00611,59696803,0.00592372,0.0062971528,0.0055502872,5.9301853386,12.6080514988,22.8426921199,19.1860208056,22.021130238,0.006501,-0.6827048114,83702083,0.7132057036,-1.1756268122,0.0057606703,-1,0.0079188785,0.0001782015"
2026-04-22T04:00:00.000-03:00,"CSV=1776841200000,0.00611,0.006156,0.006074,0.006093,42759993,0.005941,0.0063016576,0.0055803424,5.7232174604,12.1413084033,22.1884793333,18.7063882328,21.1207041331,0.006363,-0.0328137818,83439563.8,0.5124666412,-0.789356531,0.0057606703,-1,0.0079007105,0.0001685814"
2026-04-22T05:00:00.000-03:00,"CSV=1776844800000,0.006093,0.00618,0.006014,0.006162,55107233,0.00595874,0.0063078315,0.0056096485,5.5342552505,11.7169567977,20.8907524997,19.7262872018,19.9037863831,0.006236,0.884086444,82099873.7,0.6712218974,-0.3284316272,0.0057606703,-1,0.0078834099,0.0001683232"
2026-04-22T06:00:00.000-03:00,"CSV=1776848400000,0.006162,0.006222,0.00613,0.006135,70511485,0.00597848,0.0063085566,0.0056484034,5.2322049564,11.0421582647,21.7218413248,19.064196905,19.0112715683,0.006236,0.0652422117,84149875.5,0.8379273835,-0.2007316729,0.0057606703,-1,0.0078660128,0.0001606909"
2026-04-22T07:00:00.000-03:00,"CSV=1776852000000,0.006134,0.006157,0.006101,0.006128,47889423,0.00599838,0.0063061217,0.0056906383,4.8800469962,10.260827181,21.2565467314,19.7651110171,17.9862353007,0.006222,0.8890352321,80687054.9,0.5935205227,0.04206577,0.0057606703,-1,0.0078487192,0.0001502218"
2026-04-22T08:00:00.000-03:00,"CSV=1776855600000,0.006128,0.006155,0.006101,0.006121,34879260,0.00601412,0.006307258,0.005720982,4.6476302409,9.7483266596,20.7963044724,19.3371610091,17.0295347843,0.006222,1.7622610141,61400858.3,0.568058183,0.3617327765,0.0057606703,-1,0.0078315279,0.0001405996"
2026-04-22T09:00:00.000-03:00,"CSV=1776859200000,0.006119,0.006124,0.005862,0.005923,116746835,0.00602666,0.0063016596,0.0057516604,4.3639235552,9.1261032811,18.6923843905,26.6095415215,17.0593274691,0.006222,0.5261371351,63795388.6,1.8300199679,0.5621023387,0.0057606703,-1,0.0078125376,0.0001527397"
2026-04-22T10:00:00.000-03:00,"CSV=1776862800000,0.005922,0.005947,0.005709,0.00576,135855805,0.00603044,0.0063004032,0.0057604768,4.2848558448,8.9533498228,17.0168226558,29.986786076,17.7616088496,0.006222,-2.1739130435,70385800.9,1.9301592546,-1.023931234,0.0063117971,1,0.0077921143,0.0001612657"
2026-04-22T11:00:00.000-03:00,"CSV=1776866400000,0.005763,0.005863,0.005763,0.005842,51043180,0.00603498,0.0062997778,0.0057701822,4.2032886415,8.7754341081,16.337757169,28.790147203,18.4170714714,0.006222,-2.8438383502,69701256,0.7323136329,-1.3768146873,0.0062793174,1,0.0077727102,0.0001554391"
2026-04-22T12:00:00.000-03:00,"CSV=1776870000000,0.005843,0.005906,0.005779,0.00581,44099985,0.00604048,0.0062975799,0.0057833801,4.0825193906,8.5125659362,17.2151567331,27.3483819909,18.7051883993,0.006222,-4.7853162897,65859000.2,0.6696121239,-1.9859783929,0.0062793174,1,0.0077531808,0.0001525952"
2026-04-22T13:00:00.000-03:00,"CSV=1776873600000,0.005811,0.00586,0.005763,0.005807,53263328,0.00604362,0.0062968615,0.0057903785,4.021710413,8.3804586022,16.5374370521,26.9211041278,19.0510605817,0.006222,-4.9590834697,65215652.7,0.8167261354,-2.6740566211,0.0062526071,1,0.0077338158,0.0001470357"
2026-04-22T14:00:00.000-03:00,"CSV=1776877200000,0.005807,0.005826,0.00576,0.005806,33417569,0.00604768,0.0062953918,0.0057999682,3.9348115454,8.1919613311,16.07606189,26.2968496607,19.3890593396,0.006222,-4.7103233218,64281410.3,0.5198636564,-2.5989463825,0.0062097964,1,0.0077146335,0.0001389321"
2026-04-22T15:00:00.000-03:00,"CSV=1776880800000,0.005805,0.005999,0.005803,0.005962,46377380,0.0060554,0.006294144,0.005816656,3.7931138096,7.8853270485,21.9617617418,24.1528271571,18.4132120352,0.006222,-3.2456994482,63408425,0.7314072223,-2.5239402609,0.0062097964,1,0.0076971944,0.0001446389"
2026-04-22T16:00:00.000-03:00,"CSV=1776884400000,0.00596,0.00604,0.005916,0.005959,45693627,0.00606298,0.0062923422,0.0058336178,3.6451005748,7.5659890604,22.5432265396,22.8879141212,17.2362447889,0.006222,-2.8687856561,60926639.2,0.7499778028,-2.3998020283,0.0062097964,1,0.0076798989,0.000142575"
2026-04-22T17:00:00.000-03:00,"CSV=1776888000000,0.005959,0.006176,0.005946,0.006157,80648647,0.00607166,0.0062961522,0.0058471678,3.5655458355,7.3947550519,25.9922114162,20.730327537,16.8379605962,0.006222,0.4732375979,64202561.6,1.2561593337,-1.401714077,0.0062097964,1,0.0076647457,0.0001513175"
2026-04-22T18:00:00.000-03:00,"CSV=1776891600000,0.006159,0.00632,0.006144,0.006217,82799352,0.0060816,0.0063012523,0.0058619477,3.485851085,7.2235027179,29.9973235048,19.2430755497,17.1714494945,0.00632,1.5683711812,68994570.8,1.2000850363,-0.3070831227,0.0057706427,-1,0.0076503403,0.0001537858"
2026-04-22T19:00:00.000-03:00,"CSV=1776895200000,0.006222,0.006242,0.006065,0.006083,88103705,0.00608958,0.0063017633,0.0058773967,3.3670468803,6.9687343118,27.8448072865,21.0649622772,16.9508158142,0.00632,2.7013337836,66130257.8,1.3322752388,0.9949179553,0.0057706427,-1,0.0076347449,0.0001561072"
2026-04-22T20:00:00.000-03:00,"CSV=1776898800000,0.006083,0.006087,0.005957,0.005969,45806728,0.00609566,0.0062997929,0.0058915271,3.2403106614,6.6976458555,26.356524767,24.3794516292,16.0805472535,0.00632,3.6284722222,57125350.1,0.8018634095,1.633125006,0.0057706427,-1,0.0076181703,0.0001534965"
2026-04-22T21:00:00.000-03:00,"CSV=1776902400000,0.005968,0.006075,0.005868,0.00604,70898758,0.00610482,0.0062955327,0.0059141073,3.029334352,6.2479396873,24.1540016632,25.9351023892,15.2455684108,0.00632,3.3892502568,59110907.9,1.1994192023,2.4437939505,0.0057706427,-1,0.0076024671,0.0001588468"
2026-04-22T22:00:00.000-03:00,"CSV=1776906000000,0.006039,0.006089,0.005832,0.005854,54932410,0.00610766,0.0062934969,0.0059218231,2.9528397241,6.0853706913,21.7375960192,24.7418738524,14.6601082705,0.00632,0.7573149742,60194150.4,0.9125871806,1.859567946,0.0057706427,-1,0.0075850694,0.0001686621"
2026-04-22T23:00:00.000-03:00,"CSV=1776909600000,0.005853,0.005997,0.005847,0.00597,38847643,0.00610446,0.0062912597,0.0059176603,2.9691939318,6.1201056698,20.4577437491,23.2851376343,14.1136788062,0.00632,2.8069571207,58752581.9,0.6612074184,1.8583722544,0.0057706427,-1,0.0075689991,0.0001667959"
2026-04-23T00:00:00.000-03:00,"CSV=1776913200000,0.005969,0.006032,0.005842,0.005895,31035132,0.00610058,0.0062896614,0.0059114986,3.006224924,6.1987997099,20.3070436573,21.5622095238,13.372621715,0.00632,1.5328970031,58514338.2,0.5303850809,1.5099234033,0.0057706427,-1,0.0075523424,0.0001691163"
2026-04-23T01:00:00.000-03:00,"CSV=1776916800000,0.005896,0.006142,0.005864,0.006113,55140160,0.00609612,0.006282202,0.005910038,2.9620503549,6.1049318659,22.3090515564,19.3210466711,12.9596143349,0.00632,2.5327071453,59390616.2,0.9284321923,1.7904312179,0.0057706427,-1,0.0075380205,0.0001800047"
2026-04-23T02:00:00.000-03:00,"CSV=1776920400000,0.006113,0.00625,0.006113,0.006164,75464774,0.00608424,0.006244913,0.005923567,2.5728625637,5.2816137915,25.2496893381,18.3158605654,13.1566968959,0.00632,3.4401745259,62367730.9,1.2099971077,2.581154554,0.0057706427,-1,0.0075243487,0.0001757042"
2026-04-23T03:00:00.000-03:00,"CSV=1776924000000,0.006164,0.006205,0.006107,0.006132,62808601,0.00607926,0.0062344222,0.0059240978,2.4887986068,5.1046414591,24.2815004815,17.8483092596,13.2975789075,0.00632,-0.4060419035,60583726.3,1.0367239659,1.5804519118,0.0057706427,-1,0.0075104945,0.0001679338"
2026-04-23T04:00:00.000-03:00,"CSV=1776927600000,0.006135,0.006168,0.006088,0.006137,32421666,0.00607724,0.0062309733,0.0059235067,2.4672445182,5.059314701,23.4935835353,18.0398148113,13.2864765663,0.00632,-1.2867942738,55545957.7,0.5836908272,0.8032712698,0.0057706427,-1,0.0074968279,0.0001591404"
2026-04-23T05:00:00.000-03:00,"CSV=1776931200000,0.006137,0.006223,0.006087,0.006109,37563132,0.00607576,0.0062288228,0.0059226972,2.4573311875,5.0384743772,24.4393555749,17.0330905814,13.5912633712,0.00632,0.4274206806,50491900.4,0.7439437158,0.6415064897,0.0057706427,-1,0.0074830186,0.0001568264"
2026-04-23T06:00:00.000-03:00,"CSV=1776934800000,0.006113,0.006155,0.006047,0.006142,42368795,0.00607192,0.0062208075,0.0059230325,2.393378254,4.9041309107,23.3315340199,17.9398576604,13.5561095319,0.00632,2.8983079243,50148107.1,0.8448732654,1.2439052865,0.0057706427,-1,0.0074696752,0.0001519437"
2026-04-23T07:00:00.000-03:00,"CSV=1776938400000,0.006143,0.006227,0.006108,0.006156,44962199,0.00606776,0.0062112359,0.0059242841,2.3099417139,4.7291234224,25.219742548,17.0285915512,13.94490917,0.00632,1.9205298013,47554451.2,0.9454887579,1.4345499698,0.0057706427,-1,0.0074566038,0.0001486494"
2026-04-23T08:00:00.000-03:00,"CSV=1776942000000,0.006155,0.006293,0.00615,0.006285,55716585,0.006066,0.0062062237,0.0059257763,2.2594042001,4.6232666817,26.504792928,15.9832829745,14.6661446795,0.00632,7.3624871882,47632868.7,1.1697087856,3.8270219624,0.0057772467,-1,0.007444946,0.0001480844"
2026-04-23T09:00:00.000-03:00,"CSV=1776945600000,0.006286,0.006294,0.006119,0.006148,60155482,0.00605908,0.006185909,0.005932251,2.0502887072,4.1864109248,24.5303913199,16.1122292599,15.0692447567,0.00632,2.9815745394,49763652.6,1.2088236867,3.7527472839,0.0057772467,-1,0.0074320411,0.000150776"
2026-04-23T10:00:00.000-03:00,"CSV=1776949200000,0.006149,0.006229,0.006142,0.006217,41520812,0.00605698,0.0061802578,0.0059337022,1.9947034316,4.0706033274,23.594207974,15.4973185355,15.4454714955,0.00632,5.4622561493,50812220.6,0.8171422447,3.9896449396,0.0057772467,-1,0.0074199511,0.0001443984"
2026-04-23T11:00:00.000-03:00,"CSV=1776952800000,0.006221,0.006241,0.006186,0.006227,35477255,0.00605946,0.0061848675,0.0059340525,2.0276510157,4.1392311948,23.5494543174,15.106805327,15.8717944159,0.00632,1.8648781286,48845930.1,0.7263093348,3.1112560908,0.0058071243,-1,0.007408081,0.0001354586"
2026-04-23T12:00:00.000-03:00,"CSV=1776956400000,0.006227,0.006368,0.006215,0.00629,138666985,0.00606168,0.0061901296,0.0059332304,2.0750711236,4.2380855363,27.7030448439,14.0514645371,16.9933324282,0.006368,2.0441271901,55166151.2,2.5136244234,3.7868934037,0.0058798619,-1,0.0073969558,0.0001372127"
2026-04-23T13:00:00.000-03:00,"CSV=1776960000000,0.00629,0.006538,0.006279,0.006392,161648548,0.00606728,0.0062036601,0.0059308999,2.1983806603,4.4955915355,31.9689435735,12.4712965649,18.7853673396,0.006538,4.2400521853,65050145.9,2.4849836348,6.0367490328,0.0059603257,-1,0.0073869562,0.0001493914"
2026-04-23T14:00:00.000-03:00,"CSV=1776963600000,0.006393,0.006455,0.00628,0.006406,106119079,0.00607376,0.0062181478,0.0059293722,2.322037944,4.7544766396,29.5622507253,11.5324297493,20.457933257,0.006538,4.3832491445,72419887.2,1.4653306309,6.1654691,0.0059603257,-1,0.0073771955,0.0001519523"
2026-04-23T15:00:00.000-03:00,"CSV=1776967200000,0.006407,0.006607,0.006391,0.006418,74085919,0.00607972,0.0062318369,0.0059276031,2.4409646077,5.004076963,33.2571294554,10.4882520279,22.5639805717,0.006607,5.0581109838,76072165.9,0.9738899652,5.7523272433,0.0060239288,-1,0.0073676512,0.0001583571"
2026-04-23T16:00:00.000-03:00,"CSV=1776970800000,0.006418,0.006447,0.006332,0.006378,28272284,0.0060844,0.006241926,0.005926874,2.5236761523,5.1780289874,31.6237957865,12.4928238173,23.9506849589,0.006607,3.8423966135,74662514.8,0.3786677167,4.3198820129,0.0060239288,-1,0.007357804,0.0001540214"
2026-04-23T17:00:00.000-03:00,"CSV=1776974400000,0.006378,0.006417,0.006324,0.006384,32654166,0.00608934,0.00625222,0.00592646,2.6051551273,5.3496776563,30.3330105162,12.3340186,25.1662912248,0.006607,3.7037037037,73431711.5,0.4446875244,3.4289182857,0.0060239288,-1,0.0073481144,0.0001479192"
2026-04-23T18:00:00.000-03:00,"CSV=1776978000000,0.006386,0.006486,0.006352,0.006439,33704689,0.0060962,0.00626628,0.00592612,2.7142097336,5.5798688096,31.5872854803,11.6028939919,26.5732507471,0.006607,2.4502784407,71230521.9,0.4731776225,2.6724178328,0.0060239288,-1,0.0073390684,0.0001465273"
2026-04-23T19:00:00.000-03:00,"CSV=1776981600000,0.006442,0.006599,0.006413,0.006427,61359153,0.0061017,0.0062778342,0.0059255658,2.8056520243,5.7732822592,33.9501263702,10.6628832314,28.2815889402,0.006607,4.5380611581,71350889,0.8599633986,3.0824673874,0.0060545763,-1,0.0073299931,0.0001504746"
2026-04-23T20:00:00.000-03:00,"CSV=1776985200000,0.006426,0.006431,0.00634,0.006356,34642111,0.00610692,0.0062866099,0.0059272301,2.8582962707,5.8847974885,32.5670792302,13.496465245,29.156194047,0.006607,2.2358050507,70663018.9,0.490243858,2.4203414895,0.0060545763,-1,0.0073203017,0.0001445271"
2026-04-23T21:00:00.000-03:00,"CSV=1776988800000,0.006354,0.006458,0.006328,0.006451,23027812,0.00611378,0.0062998155,0.0059277445,2.9530311057,6.0857771023,31.874619479,12.7043073361,30.0793198642,0.006607,3.5972378352,69418074.6,0.3317264579,2.0113273147,0.0060545763,-1,0.0073116519,0.0001430744"
2026-04-23T22:00:00.000-03:00,"CSV=1776992400000,0.006451,0.006456,0.006287,0.006311,38046711,0.00611738,0.0063054444,0.0059293156,2.9825723939,6.1485291199,29.4657370362,13.577640441,30.5348202727,0.006607,0.333863275,59356047.2,0.6409913192,1.4122193635,0.0060545763,-1,0.0073016952,0.000145667"
2026-04-23T23:00:00.000-03:00,"CSV=1776996000000,0.006312,0.006409,0.006298,0.006336,40062359,0.00612262,0.0063130381,0.0059322019,3.0162665449,6.2201493745,27.9778029201,12.8920090447,30.9599539872,0.006607,-0.8760951189,47197428.3,0.8488250407,0.6935957507,0.0060545763,-1,0.0072920863,0.0001422003"
2026-04-24T00:00:00.000-03:00,"CSV=1776999600000,0.006335,0.006357,0.006217,0.006271,44546716,0.00612774,0.0063186366,0.0059368434,3.0211675932,6.2305711839,26.1905759015,15.7643897772,30.5526836512,0.006607,-2.1073993131,41040192,1.0854412182,-0.3000888588,0.0060545763,-1,0.0072819262,0.0001419802"
2026-04-24T01:00:00.000-03:00,"CSV=1777003200000,0.006272,0.006313,0.00625,0.006303,21929313,0.00613596,0.0063253717,0.0059465483,2.9944756628,6.1738250131,25.4080247136,15.2933637871,30.172564671,0.006607,-1.7918354628,35824531.4,0.612131189,-0.5656720299,0.0060545763,-1,0.0072721856,0.0001340822"
2026-04-24T02:00:00.000-03:00,"CSV=1777006800000,0.006304,0.006385,0.006273,0.006338,34810263,0.00614496,0.0063330624,0.0059568576,2.9701651798,6.1221688882,27.501509345,14.4698472046,30.2309898245,0.006607,-0.6271558482,36478329.3,0.9542724041,-0.576607193,0.0060545763,-1,0.0072628903,0.000131874"
2026-04-24T03:00:00.000-03:00,"CSV=1777010400000,0.006341,0.006498,0.006341,0.006449,33186090,0.00615368,0.0063455316,0.0059618284,3.0234118199,6.23534376,30.7851261334,13.3680478724,30.8453868354,0.006607,1.0181704261,36531521.7,0.9084234233,-0.0760948407,0.0060545763,-1,0.0072547918,0.0001346866"
2026-04-24T04:00:00.000-03:00,"CSV=1777014000000,0.006453,0.006523,0.006277,0.006308,66807299,0.0061578,0.0063507065,0.0059648935,3.0375597687,6.2654358976,27.3539925141,14.7777450822,30.7790156492,0.006607,-2.0344774033,39841782.7,1.6768150036,-1.1878773052,0.0060545763,-1,0.007245371,0.0001458179"
2026-04-24T05:00:00.000-03:00,"CSV=1777017600000,0.006311,0.006331,0.006238,0.00628,42165006,0.0061612,0.0063547312,0.0059676688,3.045466133,6.2822562526,26.1724427517,15.9508177076,30.344813761,0.006607,-2.2872257663,37922368,1.1118769271,-1.6396227223,0.0060545763,-1,0.0072357653,0.0001405361"
2026-04-24T06:00:00.000-03:00,"CSV=1777021200000,0.006279,0.006296,0.006208,0.00627,45275286,0.00616474,0.0063586098,0.0059708702,3.0489342596,6.2896353667,25.0743865789,16.7118792373,29.6559977727,0.006607,-1.3530522341,38985685.5,1.1613310224,-1.6168623264,0.0060545763,-1,0.0072261557,0.0001352825"
2026-04-24T07:00:00.000-03:00,"CSV=1777024800000,0.00627,0.00644,0.00623,0.006407,67025395,0.00616964,0.0063664525,0.0059728275,3.091399425,6.3800310947,29.2883053029,15.0928610787,29.8112838388,0.006607,-0.6820647962,43385443.8,1.5448820878,-1.4291447797,0.0060545763,-1,0.0072180049,0.0001427543"
2026-04-24T08:00:00.000-03:00,"CSV=1777028400000,0.006407,0.00645,0.006298,0.006315,65499721,0.00617324,0.0063710297,0.0059754503,3.1045176508,6.407971921,27.701375254,14.0381718692,30.0061603373,0.006607,0.0633813976,46130744.8,1.4198713089,-0.9227653772,0.0060545763,-1,0.0072090198,0.0001436788"
2026-04-24T09:00:00.000-03:00,"CSV=1777032000000,0.006315,0.006315,0.006151,0.006218,66297445,0.00617504,0.0063728194,0.0059772606,3.1034830357,6.4057679945,25.630854902,19.6885412908,28.8798880393,0.006607,-1.8623737374,48754253.4,1.3598289457,-1.4593468234,0.0060545763,-1,0.0071991589,0.000145711"
2026-04-24T10:00:00.000-03:00,"CSV=1777035600000,0.006218,0.006289,0.006155,0.00619,38822155,0.00617642,0.0063740582,0.0059787818,3.1006645728,6.3997643722,24.0567308452,18.4793656075,27.8287005611,0.006607,-1.2916600223,48181797.3,0.8057431888,-1.319813304,0.0060545763,-1,0.0071891175,0.0001445399"
2026-04-24T11:00:00.000-03:00,"CSV=1777039200000,0.006188,0.006253,0.006145,0.006233,37301131,0.00618262,0.0063770474,0.0059881926,3.0488616792,6.2894809325,22.845150901,18.0150092489,26.7615306592,0.006599,-1.1105822624,49718979.1,0.7502392783,-1.157609681,0.0060545763,-1,0.0071796039,0.0001408859"
2026-04-24T12:00:00.000-03:00,"CSV=1777042800000,0.006234,0.006366,0.006207,0.006326,47109974,0.00619394,0.0063797164,0.0060081636,2.9119846515,5.9986490425,26.3942336216,16.6891815223,26.4791746378,0.006599,-0.1893341748,50948950.2,0.9246505338,-0.8300957693,0.0060545763,-1,0.0071711104,0.0001426973"
2026-04-24T13:00:00.000-03:00,"CSV=1777046400000,0.006326,0.006395,0.006209,0.006229,49673499,0.00620168,0.0063805663,0.0060227937,2.8036111913,5.7689616367,25.4819070919,15.2797383553,26.3824859426,0.006599,-3.4113816096,52597691.1,0.9444045539,-1.6273052886,0.0060545763,-1,0.0071617361,0.0001470276"
2026-04-24T14:00:00.000-03:00,"CSV=1777050000000,0.00623,0.006275,0.006218,0.006256,21232984,0.0062106,0.0063806338,0.0060405662,2.6648412636,5.4755985365,24.7943783028,14.867474863,26.2922431605,0.006599,-0.8243500317,48040259.6,0.4419831237,-1.2063197931,0.0060545763,-1,0.0071527238,0.0001380248"
2026-04-24T15:00:00.000-03:00,"CSV=1777053600000,0.006257,0.006343,0.006249,0.006297,36439086,0.0062204,0.0063807337,0.0060600663,2.512777697,5.1550913804,26.9579123026,14.1909457038,26.6078467014,0.006523,0.2707006369,47467667.6,0.7676611859,-0.7349444047,0.0060545763,-1,0.0071442092,0.0001336223"
2026-04-24T16:00:00.000-03:00,"CSV=1777057200000,0.006295,0.006423,0.006288,0.006397,36536134,0.00623222,0.0063830722,0.0060813678,2.3633157809,4.8410406391,29.0716321351,13.2623255005,27.3236081277,0.006523,2.0255183413,46593752.4,0.7841423392,0.0394686269,0.0060545763,-1,0.0071367742,0.0001337601"
2026-04-24T17:00:00.000-03:00,"CSV=1777060800000,0.006395,0.006414,0.006311,0.006316,21243064,0.0062393,0.0063855404,0.0060930596,2.2901802431,4.6877176702,27.5954790229,12.5889122235,27.9916521255,0.006523,-1.4203215233,42015519.3,0.5056004151,-0.2130592993,0.0060545763,-1,0.0071286073,0.0001306841"
2026-04-24T18:00:00.000-03:00,"CSV=1777064400000,0.006317,0.006329,0.006247,0.00626,20208301,0.00624532,0.006385987,0.006104653,2.2027455456,4.5047185791,26.4498979143,15.3063714272,27.9046802486,0.006523,-0.8709422011,37486377.3,0.5390838607,-0.298543161,0.0060545763,-1,0.0071199645,0.0001258157"
2026-04-24T19:00:00.000-03:00,"CSV=1777068000000,0.00626,0.006261,0.006151,0.006184,57081245,0.00624586,0.0063862385,0.0061054815,2.1981404238,4.4950892209,24.9605889925,19.3585661156,26.887047184,0.006523,-0.546799614,36564757.3,1.5611000651,-0.4835650783,0.0060545763,-1,0.0071106514,0.0001242341"
2026-04-24T20:00:00.000-03:00,"CSV=1777071600000,0.006183,0.006196,0.006131,0.006153,44272174,0.00624458,0.0063855065,0.0061036535,2.2069747801,4.5135627517,24.101403339,19.7513404756,25.7558910449,0.006523,-0.5977382876,37109759.2,1.1930062322,-0.560078553,0.0060545763,-1,0.0071011225,0.0001183107"
2026-04-24T21:00:00.000-03:00,"CSV=1777075200000,0.006151,0.006234,0.006146,0.006211,36287964,0.00624714,0.0063862591,0.0061080209,2.1784128269,4.4538488689,25.0087892753,18.8120480798,24.9815705411,0.006523,-0.3529600513,37008442.5,0.9805320502,-0.4887485829,0.0060545763,-1,0.0070922656,0.0001152796"
2026-04-24T22:00:00.000-03:00,"CSV=1777078800000,0.006211,0.00625,0.006173,0.006208,34031083,0.00625192,0.0063853916,0.0061184484,2.0902652316,4.269780194,24.8282680175,18.0091353041,24.3773752796,0.006523,-1.8653177363,35700553.4,0.9532368481,-0.9185289219,0.0060545763,-1,0.0070834669,0.0001114517"
2026-04-24T23:00:00.000-03:00,"CSV=1777082400000,0.006209,0.006294,0.006195,0.006282,21797780,0.00625676,0.0063868028,0.0061267172,2.0361180924,4.1568750703,25.9175554202,17.0090869872,24.1357350931,0.006523,0.8508588859,32912981.5,0.6622851837,-0.4245155367,0.0060545763,-1,0.0070754921,0.0001102065"
2026-04-25T00:00:00.000-03:00,"CSV=1777086000000,0.006284,0.00645,0.006279,0.006424,42710733,0.00626816,0.0063868876,0.0061494324,1.8589280812,3.7882775169,32.0038327652,15.4240126515,24.8572185646,0.00645,2.6854219949,35060756.4,1.2181920011,0.8074428401,0.0060545763,-1,0.0070690096,0.0001162858"
2026-04-25T01:00:00.000-03:00,"CSV=1777089600000,0.00643,0.006678,0.006425,0.006653,65130943,0.00628182,0.0064046765,0.0061589635,1.9182304076,3.9114922489,39.4638052351,13.4319278903,26.4809751626,0.006678,5.6534857869,37929942.1,1.7171379494,3.7742335572,0.0061613282,-1,0.0070648702,0.0001300573"
2026-04-25T02:00:00.000-03:00,"CSV=1777093200000,0.006651,0.006651,0.006356,0.006386,84255557,0.00629164,0.006402192,0.006181088,1.7267839721,3.5142514753,33.9676183245,14.7968445342,27.3364435544,0.006678,-0.1719556042,42701884.4,1.9731109806,2.4030598745,0.0061613282,-1,0.0070581153,0.0001467515"
2026-04-25T03:00:00.000-03:00,"CSV=1777096800000,0.006384,0.006486,0.006358,0.006436,33564559,0.0062981,0.0064074552,0.0061887448,1.7066876408,3.472642441,31.9151513117,13.9027566705,28.13488072,0.006678,1.8999366688,43934033.9,0.7639762621,2.0858754212,0.0061613282,-1,0.0070519251,0.0001448764"
2026-04-25T04:00:00.000-03:00,"CSV=1777100400000,0.006432,0.006552,0.006404,0.006446,33421866,0.00630374,0.0064133055,0.0061941745,1.7084087346,3.4762052635,32.7981824071,12.9345306863,29.1548373286,0.006678,2.9712460064,45255390.4,0.7385167978,2.1220219761,0.0061613282,-1,0.007045896,0.0001451887"
2026-04-25T05:00:00.000-03:00,"CSV=1777104000000,0.006446,0.006582,0.006417,0.006541,43606653,0.00631192,0.0064236054,0.0062002346,1.7386719009,3.5388731956,31.6756555616,11.9411675144,30.2275234677,0.006678,5.7729624838,43907931.2,0.9931384105,3.3257982458,0.0061613282,-1,0.0070408721,0.0001471699"
2026-04-25T06:00:00.000-03:00,"CSV=1777107600000,0.006542,0.006542,0.006371,0.006386,35568049,0.0063169,0.0064262007,0.0062075993,1.7008608428,3.4605813588,29.1866967236,13.1166246025,30.7448706698,0.006678,3.786770681,43037518.7,0.8264428358,3.2603819972,0.0061613282,-1,0.007034356,0.0001495529"
2026-04-25T07:00:00.000-03:00,"CSV=1777111200000,0.006386,0.006417,0.00633,0.00636,43947821,0.00632192,0.0064272488,0.0062165912,1.638784985,3.3321771894,27.9878914389,14.5135330283,30.8087666342,0.006678,2.3989695701,43803504.4,1.0032946359,2.9758790986,0.0061613282,-1,0.007027646,0.0001432976"
2026-04-25T08:00:00.000-03:00,"CSV=1777114800000,0.00636,0.006455,0.006358,0.006424,34540832,0.00632756,0.0064306295,0.0062244905,1.6027905481,3.2577967548,28.5111357469,13.8347205762,31.0654118345,0.006678,3.4793814433,43854479.3,0.7876238084,2.8974006201,0.0061613282,-1,0.0070216396,0.0001386678"
2026-04-25T09:00:00.000-03:00,"CSV=1777118400000,0.006423,0.006644,0.006415,0.006631,58452826,0.00633706,0.0064456231,0.0062284969,1.684291057,3.426290824,34.2260651537,12.3711499119,32.1211685598,0.006678,5.5555555556,47519983.9,1.230068304,4.20950468,0.0061613282,-1,0.0070177526,0.0001477011"
2026-04-25T10:00:00.000-03:00,"CSV=1777122000000,0.006631,0.00679,0.006521,0.006687,97110463,0.0063451,0.0064639118,0.0062262882,1.8380793119,3.7449945946,36.5818267436,10.917539288,33.581810655,0.00679,4.0940224159,52959956.9,1.833658271,5.3086824748,0.0061760072,-1,0.0070144615,0.0001598309"
2026-04-25T11:00:00.000-03:00,"CSV=1777125600000,0.006689,0.00682,0.006613,0.006701,78379178,0.00635616,0.00648166,0.00623066,1.9362326501,3.9489256888,34.6309088513,9.9532968039,35.033061291,0.00682,0.721479032,54284780.4,1.443851802,3.8863579167,0.0062228564,-1,0.0070113425,0.0001645479"
2026-04-25T12:00:00.000-03:00,"CSV=1777129200000,0.0067,0.006718,0.0058,0.005874,417997039,0.0063493,0.0064905992,0.0062080008,2.1769816231,4.4508575982,24.3938133548,33.1905078646,33.7159370234,0.00682,-8.0175383652,87658928.6,4.7684479571,-10.1528328682,0.0068033928,1,0.0070000257,0.0002398931"
2026-04-25T13:00:00.000-03:00,"CSV=1777132800000,0.005873,0.006144,0.005555,0.005799,378124473,0.00634074,0.006500895,0.006180585,2.4635842527,5.0516194055,20.2739164012,34.6101077103,33.2096000381,0.00682,-9.8974518334,122114920,3.0964641585,-16.9842568664,0.0066739113,1,0.0069880752,0.0002748038"
2026-04-25T14:00:00.000-03:00,"CSV=1777136400000,0.005796,0.00607,0.00573,0.005791,239499581,0.00633076,0.006508363,0.006153157,2.7288427399,5.6107952589,18.3564722437,31.3367910257,32.7370188519,0.00682,-10.1613403661,142722691.5,1.6780764045,-17.0066730799,0.0066739113,1,0.006976164,0.0002813234"
2026-04-25T15:00:00.000-03:00,"CSV=1777140000000,0.005792,0.00632,0.005784,0.0063,152099938,0.00632892,0.0065063555,0.0061514845,2.7271103095,5.6071333301,22.2525874356,27.0203557598,31.1996336067,0.00682,-3.6844519187,153572020,0.9904143867,-12.5541601157,0.0066739113,1,0.006969436,0.000306791"
2026-04-25T16:00:00.000-03:00,"CSV=1777143600000,0.006299,0.006388,0.006152,0.006288,74630096,0.00632656,0.0065037391,0.0061493809,2.7242657301,5.6011208767,22.6529078931,25.3716973953,29.4970742186,0.00682,-1.5346069527,157478224.7,0.4739073998,-8.6118606074,0.0066739113,1,0.0069626555,0.0002997119"
2026-04-25T17:00:00.000-03:00,"CSV=1777147200000,0.00629,0.006458,0.006268,0.00638,31416686,0.0063258,0.0065026665,0.0061489335,2.7199073371,5.591909429,23.3623647041,24.1031179927,27.6346435824,0.00682,0.3144654088,156225111.2,0.2010988231,-5.7201608637,0.0066739113,1,0.006956858,0.0002887407"
2026-04-25T18:00:00.000-03:00,"CSV=1777150800000,0.006381,0.006481,0.00632,0.006388,31554493,0.006326,0.0065029311,0.0061490689,2.7207894161,5.5937736333,22.9682260653,23.056479676,25.8051175228,0.00682,-0.5603985056,155926477.3,0.2023677668,-3.8512427739,0.0066739113,1,0.0069511977,0.0002759667"
2026-04-25T19:00:00.000-03:00,"CSV=1777154400000,0.006391,0.006693,0.006361,0.006669,97430939,0.0063317,0.0065148879,0.0061485121,2.811835162,5.7863736118,26.5475372464,21.0380894625,24.856640769,0.00682,0.5730659026,159824288.6,0.6096128433,-2.4510457378,0.0066739113,1,0.0069483897,0.00028157"
2026-04-25T20:00:00.000-03:00,"CSV=1777158000000,0.006666,0.0068,0.006614,0.006659,83407528,0.0063361,0.0065243835,0.0061478165,2.8858440824,5.9431996398,28.0941472987,19.9877857457,24.3234963943,0.00682,-0.4187228952,158453995.1,0.5263832442,-1.7075000639,0.0066739113,1,0.0069455102,0.000272013"
2026-04-25T21:00:00.000-03:00,"CSV=1777161600000,0.006658,0.006773,0.006537,0.006553,73674945,0.00633862,0.0065289355,0.0061483045,2.9149547496,6.0049511067,26.3086105269,20.7910845048,23.4829011992,0.00682,-2.2086255783,157983571.8,0.466345609,-1.4816609894,0.0066739113,1,0.0069416047,0.0002684117"
2026-04-25T22:00:00.000-03:00,"CSV=1777165200000,0.006553,0.006735,0.006535,0.006582,59213000,0.00634314,0.0065364744,0.0061498056,2.9577783635,6.0958587172,24.8732322022,19.7112975776,22.6892318136,0.00682,12.0531154239,122105167.9,0.48493443,0.9605495598,0.0066739113,1,0.0069380265,0.0002615705"
2026-04-25T23:00:00.000-03:00,"CSV=1777168800000,0.006581,0.006779,0.006482,0.006701,50567476,0.00634814,0.0065473429,0.0061489371,3.0425000689,6.2759457929,22.8865075781,19.562238332,21.6986999804,0.00682,15.5544059321,89349468.2,0.5659516169,3.5747134358,0.005890961,-1,0.006935668,0.0002651135"
2026-04-26T00:00:00.000-03:00,"CSV=1777172400000,0.006702,0.006765,0.006525,0.00656,47137170,0.00635312,0.0065544335,0.0061518065,3.071408881,6.3374672953,21.4061646678,18.2969154894,20.7742036027,0.00682,13.2792263858,70113227.1,0.6723006763,5.3590199174,0.005890961,-1,0.00693193,0.0002626021"
2026-04-26T01:00:00.000-03:00,"CSV=1777176000000,0.006559,0.00656,0.006342,0.006439,56540558,0.00635518,0.0065568344,0.0061535256,3.0754844957,6.3461436556,20.1384615236,22.1846845634,19.7115741083,0.00682,2.2063492063,60557289.1,0.9336705596,4.2593477109,0.005890961,-1,0.0069270253,0.0002581419"
2026-04-26T02:00:00.000-03:00,"CSV=1777179600000,0.006436,0.006475,0.006338,0.006383,30628335,0.00635742,0.0065587487,0.0061560913,3.0696205141,6.333660366,19.3662239098,21.4459419592,18.7371910791,0.00682,1.5108142494,56157113,0.5454043729,3.1142333734,0.005890961,-1,0.0069216121,0.0002460277"
2026-04-26T03:00:00.000-03:00,"CSV=1777183200000,0.006383,0.006422,0.006309,0.006385,26703888,0.00635906,0.0065602727,0.0061578473,3.067138744,6.3283776096,18.7314526995,21.5841889433,17.9597785788,0.00682,0.078369906,55685833.2,0.4795454511,2.0886828929,0.005890961,-1,0.0069162727,0.000232725"
2026-04-26T04:00:00.000-03:00,"CSV=1777186800000,0.006381,0.006595,0.006368,0.006409,47249957,0.00636048,0.0065617895,0.0061591705,3.0679060286,6.3300108414,22.519310361,20.1618188325,17.1306932399,0.00682,0.3287413901,57255379.6,0.8252492138,1.4828864532,0.005890961,-1,0.0069112252,0.0002321525"
2026-04-26T05:00:00.000-03:00,"CSV=1777190400000,0.006409,0.006416,0.006241,0.006272,36712252,0.00635694,0.0065582181,0.0061556619,3.0690967525,6.3325454518,21.3568212053,22.8673014606,16.2163478297,0.00682,-5.9529164792,51183510.9,0.7172671697,-0.4346862161,0.005890961,-1,0.0069048647,0.0002264372"
2026-04-26T06:00:00.000-03:00,"CSV=1777194000000,0.006273,0.006434,0.006242,0.00641,40974032,0.00635898,0.0065602686,0.0061576914,3.068298116,6.3308454434,20.6713363825,21.5590539228,15.2753967913,0.00682,-3.7393001952,46940161.3,0.8728992587,-1.3778016002,0.005890961,-1,0.0068999407,0.0002229935"
2026-04-26T07:00:00.000-03:00,"CSV=1777197600000,0.00641,0.006432,0.006244,0.006259,31415345,0.00635856,0.0065600348,0.0061570852,3.0712455859,6.3371196802,19.5008956908,20.3383493917,14.3971758222,0.0068,-4.4864947352,42714201.3,0.7354777578,-2.0184400963,0.005890961,-1,0.0068935632,0.0002194941"
2026-04-26T08:00:00.000-03:00,"CSV=1777201200000,0.006257,0.006268,0.006104,0.0062,64877157,0.00635716,0.0065594867,0.0061548333,3.0844898592,6.3653172845,18.5207542554,23.6067198491,14.2422174182,0.0068,-5.8037070799,43280617,1.4989887274,-4.2455238942,0.005890961,-1,0.006886662,0.0002139447"
2026-04-26T09:00:00.000-03:00,"CSV=1777204800000,0.0062,0.006319,0.006154,0.006316,48234752,0.00635534,0.0065576195,0.0061530605,3.0846478958,6.3656537976,19.1574556668,22.3934470535,13.8119373934,0.0068,-5.7454111327,43047344.6,1.1205047012,-4.9762693244,0.005890961,-1,0.0068809838,0.0002090503"
2026-04-26T10:00:00.000-03:00,"CSV=1777208400000,0.006317,0.006489,0.006302,0.006417,48356266,0.00635738,0.0065597567,0.0061550033,3.0851246148,6.366668899,23.3723235749,21.078000778,13.2352444626,0.0068,-2.1798780488,43169254.2,1.1201552331,-4.1314468175,0.005890961,-1,0.0068763671,0.0002068452"
2026-04-26T11:00:00.000-03:00,"CSV=1777212000000,0.006417,0.006494,0.006371,0.006402,39580963,0.00636106,0.0065625397,0.0061595803,3.0701478036,6.3347828022,22.604814828,20.2401019381,12.720844026,0.0068,-0.5746233887,41473294.7,0.9543722843,-2.9370994237,0.005890961,-1,0.006871647,0.0001984607"
2026-04-26T12:00:00.000-03:00,"CSV=1777215600000,0.006402,0.006685,0.006382,0.006631,58003948,0.00636988,0.0065733214,0.0061664386,3.094955284,6.3876040572,26.4441088477,18.3181419848,13.0830287846,0.0068,3.8853203823,44210856,1.3119842783,-0.25890653,0.0059067561,-1,0.0068692525,0.0002089146"
2026-04-26T13:00:00.000-03:00,"CSV=1777219200000,0.00663,0.006732,0.006363,0.006461,80210432,0.00637444,0.0065773166,0.0061715634,3.0844893135,6.3653161225,24.9330132148,16.2986992356,13.6068904723,0.0068,1.1902897416,49561510.4,1.6184016862,0.4695179549,0.0059067561,-1,0.0068651903,0.0002249232"
2026-04-26T14:00:00.000-03:00,"CSV=1777222800000,0.00646,0.006502,0.006367,0.006429,36943214,0.0063765,0.0065793972,0.0061736028,3.0838271744,6.3639062182,23.9001988615,15.6235489693,14.0958280476,0.0068,0.312061164,48530836.1,0.7612317646,0.3921955935,0.0059067561,-1,0.0068608501,0.0002159309"
2026-04-26T15:00:00.000-03:00,"CSV=1777226400000,0.006427,0.006562,0.006412,0.006478,28494972,0.00638148,0.0065837506,0.0061792094,3.0722705913,6.3393016838,24.6568285027,14.8893013752,14.8027109838,0.0068,3.2844387755,47709108.1,0.5972648229,0.9153569768,0.0059067561,-1,0.0068570406,0.0002093378"
2026-04-26T16:00:00.000-03:00,"CSV=1777230000000,0.006479,0.006497,0.006387,0.006411,16090569,0.00638458,0.0065860901,0.0061830699,3.0596318093,6.3123998113,23.7787828256,15.1684166257,15.2897164457,0.006779,0.015600624,45220761.8,0.3558225992,0.6120883361,0.0059067561,-1,0.0068526024,0.000199404"
2026-04-26T17:00:00.000-03:00,"CSV=1777233600000,0.00641,0.006506,0.006407,0.00647,20243497,0.00638804,0.0065895019,0.0061865781,3.0573153774,6.3074700052,23.2911625848,14.6648429226,15.7855455876,0.006779,3.3711455504,44103577,0.4589989832,0.9238430174,0.0059067561,-1,0.0068487954,0.0001893636"
2026-04-26T18:00:00.000-03:00,"CSV=1777237200000,0.00647,0.006478,0.00628,0.006376,47869828,0.00638762,0.0065890846,0.0061861554,3.05755105,6.3079715504,21.7442677133,17.9508555464,15.3702671002,0.006779,2.8387096774,42402844.1,1.1289296512,1.6841298536,0.0059067561,-1,0.006844091,0.0001902272"
2026-04-26T19:00:00.000-03:00,"CSV=1777240800000,0.006374,0.006424,0.006301,0.006371,26432336,0.00638872,0.0065899406,0.0061874994,3.0534505894,6.2992455285,20.823750876,17.1909281489,14.9826738453,0.006765,0.8708043065,40222602.5,0.6571513119,1.3135032999,0.0059067561,-1,0.0068393836,0.0001835045"
2026-04-26T20:00:00.000-03:00,"CSV=1777244400000,0.006366,0.006453,0.006322,0.006438,42567144,0.00639228,0.006592765,0.006191795,3.0409853137,6.2727232192,20.884286145,16.3987426153,14.7858995836,0.006732,0.327255727,39643690.3,1.0737432282,0.9927984068,0.0059067561,-1,0.0068353897,0.0001782541"
2026-04-26T21:00:00.000-03:00,"CSV=1777248000000,0.006439,0.00661,0.006324,0.00637,36084742,0.006396,0.0065942996,0.0061977004,3.0071362274,6.2007370655,24.1936498648,14.8030914121,15.4055307507,0.006732,-0.4998437988,39294068.2,0.9183254281,0.508859181,0.0059067561,-1,0.006830759,0.0001890287"
2026-04-26T22:00:00.000-03:00,"CSV=1777251600000,0.00637,0.006478,0.00636,0.006439,22837436,0.00640172,0.00659703,0.00620641,2.96057489,6.1017980818,23.1959084531,14.1926148034,15.9838531733,0.006732,-2.8954908762,35777417,0.6383198653,-0.2768436613,0.0059067561,-1,0.0068268609,0.0001819258"
2026-04-26T23:00:00.000-03:00,"CSV=1777255200000,0.006439,0.006446,0.006335,0.006354,17676735,0.00640458,0.0065981152,0.0062110448,2.9331895414,6.0436508166,22.2702599806,14.5250254254,16.3215649464,0.006732,-1.6560903885,29524047.3,0.598723299,-0.5150757412,0.0059067561,-1,0.0068221558,0.0001748332"
2026-04-27T00:00:00.000-03:00,"CSV=1777258800000,0.006354,0.006622,0.006261,0.006444,80917453,0.0064093,0.0066008511,0.0062177489,2.9019146446,5.977284998,25.5032808074,12.751836949,17.4556371699,0.006732,0.2333177788,33921471.2,2.3854346565,-0.1578623889,0.0059067561,-1,0.0068183931,0.0001934499"
2026-04-27T01:00:00.000-03:00,"CSV=1777262400000,0.006446,0.0066,0.006446,0.006598,25935809,0.00641562,0.0066080776,0.0062231624,2.9124592791,5.999656099,24.1388985347,12.0696352978,18.5141045786,0.006732,1.8524235875,33665554.9,0.770396005,0.3704583178,0.0059538853,-1,0.0068162001,0.0001897049"
2026-04-27T02:00:00.000-03:00,"CSV=1777266000000,0.006599,0.006623,0.00644,0.006503,41217558,0.0064172,0.0066100438,0.0062243562,2.9174356123,6.0102153888,23.409905955,11.3092010717,19.6033747404,0.006732,1.4350335361,36178253.8,1.1392909737,0.7919457968,0.0059643968,-1,0.0068130837,0.0001890344"
2026-04-27T03:00:00.000-03:00,"CSV=1777269600000,0.006502,0.006543,0.006343,0.006416,39991756,0.00641246,0.0066023396,0.0062225804,2.8759436117,5.9222065442,21.801498826,13.8644418421,19.7800753428,0.006732,-0.8346213292,38153079.7,1.0481920808,0.2363493753,0.0059643968,-1,0.0068091326,0.000190131"
2026-04-27T04:00:00.000-03:00,"CSV=1777273200000,0.006414,0.006466,0.006363,0.006432,22871396,0.00641338,0.0066032406,0.0062235194,2.8752635446,5.9207646776,21.005169052,13.3580240069,19.944995905,0.006732,0.878293601,35653236.5,0.6414956465,0.345373424,0.0059643968,-1,0.00680538,0.0001814179"
2026-04-27T05:00:00.000-03:00,"CSV=1777276800000,0.00643,0.006463,0.00636,0.006448,22681342,0.00641362,0.0066035166,0.0062237234,2.875688873,5.9216664492,20.2140827498,12.9646344115,20.0719758113,0.006732,1.2086014754,35278137.1,0.6429291302,0.4892639811,0.0059643968,-1,0.006801824,0.0001735761"
2026-04-27T06:00:00.000-03:00,"CSV=1777280400000,0.006448,0.006511,0.006383,0.006443,32613865,0.00641356,0.0066034468,0.0062236732,2.8755713534,5.9214172859,21.0395056722,12.3455578378,20.4699394019,0.006732,0.0776638708,34282809.2,0.951318336,0.3508036755,0.0059643968,-1,0.0067982536,0.0001690185"
2026-04-27T07:00:00.000-03:00,"CSV=1777284000000,0.006441,0.006569,0.006407,0.00645,51638333,0.00641174,0.0066008311,0.0062226489,2.8646554818,5.8982762577,21.9373013172,11.594774427,21.1615222576,0.006732,1.2558869702,35838168.3,1.4408753418,0.8370613062,0.0059830501,-1,0.0067947884,0.0001683166"
2026-04-27T08:00:00.000-03:00,"CSV=1777287600000,0.00645,0.006476,0.006373,0.006378,23329651,0.00641158,0.0066006962,0.0062224638,2.8650942203,5.8992062581,21.0646444395,12.4466517588,21.4651994152,0.006732,-0.9473520733,35887389.8,0.650079349,0.3527561977,0.0059830501,-1,0.0067906413,0.000161785"
2026-04-27T09:00:00.000-03:00,"CSV=1777291200000,0.006377,0.00639,0.006272,0.006337,30149038,0.00641112,0.006600389,0.006221851,2.8675427694,5.9043966376,20.0839850072,15.8519725855,20.8192887878,0.006623,-0.2675480013,37134620.1,0.8118849181,0.1627647361,0.0059830501,-1,0.0067861274,0.0001574065"
2026-04-27T10:00:00.000-03:00,"CSV=1777294800000,0.006337,0.006338,0.006208,0.00623,23352528,0.00640724,0.0065981862,0.0062162938,2.8939199721,5.9603270388,19.0378070477,17.5906793885,19.6947245826,0.006623,-3.320918684,31378127.6,0.7442294932,-0.7153320523,0.0059830501,-1,0.0067805938,0.0001546658"
2026-04-27T11:00:00.000-03:00,"CSV=1777298400000,0.006231,0.006248,0.005991,0.006112,69927523,0.00639686,0.0065894598,0.0062042602,2.9228464759,6.0216979379,17.1460209793,24.23307592,19.5235521296,0.006623,-7.365868445,35777299,1.9545221399,-5.2758056865,0.0059830501,-1,0.0067739412,0.0001648992"
2026-04-27T12:00:00.000-03:00,"CSV=1777302000000,0.006112,0.006112,0.005883,0.006053,83328008,0.00638418,0.006578126,0.006190234,2.9483479298,6.0758325427,15.6603515357,26.2197856139,19.9028797109,0.006623,-6.9198831309,39988344,2.0838074215,-8.3237717323,0.0059830501,-1,0.0067667676,0.0001713093"
2026-04-27T13:00:00.000-03:00,"CSV=1777305600000,0.006048,0.006097,0.005977,0.006029,28724638,0.00637074,0.0065655476,0.0061759324,2.9671185163,6.1156970111,14.9338450938,25.0034116958,20.2569187869,0.006623,-6.0317955112,38861632.2,0.7391516098,-7.0353182756,0.0059830501,-1,0.0067594266,0.0001661784"
2026-04-27T14:00:00.000-03:00,"CSV=1777309200000,0.006027,0.006143,0.005979,0.006017,34001422,0.0063736,0.0065620395,0.0061851605,2.8716603535,5.9131255902,15.768077428,23.412961276,20.2072370442,0.006623,-6.4521144279,39974634.8,0.8505749251,-6.5195477657,0.0059830501,-1,0.0067520393,0.0001659605"
2026-04-27T15:00:00.000-03:00,"CSV=1777312800000,0.006015,0.006025,0.005948,0.005985,14108135,0.00637732,0.0065559607,0.0061986793,2.7248591391,5.6023751084,15.2791655372,23.9353198581,20.3316792062,0.006623,-7.1805210918,39117314.1,0.3606621601,-5.209612593,0.0059830501,-1,0.0067444071,0.0001570645"
2026-04-27T16:00:00.000-03:00,"CSV=1777316400000,0.005984,0.006012,0.005937,0.005983,15936514,0.00638116,0.0065488862,0.0062134338,2.5611415748,5.2569203215,14.8002545481,23.6448026923,20.5099461511,0.006623,-7.1395312743,37449579,0.4255458786,-4.485807765,0.0064210741,1,0.0067368309,0.000148858"
2026-04-27T17:00:00.000-03:00,"CSV=1777320000000,0.005983,0.006122,0.005971,0.006073,26439835,0.00637662,0.0065494754,0.0062037646,2.6392253907,5.4215373724,18.4764869079,22.1473411778,19.7450303838,0.006623,-5.8449612403,34929729.2,0.7569436009,-4.4653071795,0.0064210741,1,0.0067302256,0.0001490722"
2026-04-27T18:00:00.000-03:00,"CSV=1777323600000,0.006072,0.006119,0.005846,0.005951,37534671,0.00636988,0.0065523616,0.0061873984,2.7849749623,5.7295154966,16.4575030668,24.7305806944,19.767768024,0.006623,-6.6948886798,36350231.2,1.0325841064,-5.2812166679,0.0064210741,1,0.0067224721,0.000161465"
2026-04-27T19:00:00.000-03:00,"CSV=1777327200000,0.005951,0.00608,0.005951,0.006065,16709229,0.00636358,0.0065509749,0.0061761851,2.8605648784,5.8896057503,15.5947582142,23.4341397271,19.7889898215,0.006623,-4.2922518542,35006250.3,0.4773213028,-4.203738861,0.0064210741,1,0.0067159301,0.0001582185"
2026-04-27T20:00:00.000-03:00,"CSV=1777330800000,0.006064,0.006068,0.005957,0.006005,12687065,0.00635592,0.0065498732,0.0061619668,2.9611744928,6.1030715846,14.8758132571,22.3537859088,19.8087968326,0.006623,-3.6115569823,33939704,0.373811893,-3.2525068914,0.0064210741,1,0.0067088562,0.0001534967"
2026-04-27T21:00:00.000-03:00,"CSV=1777334400000,0.006006,0.006098,0.005997,0.00605,16241068,0.00634354,0.0065368686,0.0061502114,2.9575101428,6.0952890783,15.5135525688,21.3923144681,19.5501484683,0.006623,-1.0143979058,28571058.5,0.5684447428,-2.3605476465,0.0064210741,1,0.0067023004,0.000148247"
2026-04-27T22:00:00.000-03:00,"CSV=1777338000000,0.006047,0.006087,0.006008,0.006066,12462571,0.00633168,0.0065234756,0.0061398844,2.9400824786,6.0582834885,14.9738101335,20.6480400759,19.3087433282,0.006569,0.2147695358,21484514.8,0.5800722574,-1.5321711478,0.0064210741,1,0.006695969,0.0001413223"
2026-04-27T23:00:00.000-03:00,"CSV=1777341600000,0.006067,0.006106,0.006015,0.006028,13818696,0.00632118,0.0065149326,0.0061274274,2.9739769522,6.1302666208,15.2169390629,19.7979347902,18.8936937314,0.006569,-0.0165864986,19993920.6,0.6911448873,-1.0252686565,0.0064210741,1,0.0066893226,0.0001362901"
2026-04-28T00:00:00.000-03:00,"CSV=1777345200000,0.006028,0.006028,0.005889,0.005913,25230344,0.0063078,0.0065061248,0.0061094752,3.0482782103,6.2882394537,14.256347462,24.2704163916,19.366947454,0.006569,-1.7284360977,19116812.8,1.3197986643,-1.443908322,0.0063681832,1,0.006681598,0.0001365611"
2026-04-28T01:00:00.000-03:00,"CSV=1777348800000,0.005914,0.00593,0.00585,0.005909,20948773,0.00629196,0.0064898754,0.0060940446,3.049602947,6.29105819,13.7221852382,25.1876266976,20.0402649596,0.006569,-1.2698412698,19800876.6,1.0579719991,-1.4104243836,0.0062827149,1,0.0066739104,0.000130905"
2026-04-28T02:00:00.000-03:00,"CSV=1777352400000,0.00591,0.005975,0.005902,0.005914,14277610,0.00627904,0.0064800966,0.0060779834,3.10267913,6.4040555551,15.4156187057,24.2975578106,20.1952619301,0.006569,-1.1532675915,19634986.2,0.7271515169,-1.2198163486,0.0062827149,1,0.0066663491,0.0001251145"
2026-04-28T03:00:00.000-03:00,"CSV=1777356000000,0.005913,0.005932,0.005871,0.005892,10509704,0.0062681,0.0064749534,0.0060612466,3.1946701288,6.6001947064,14.9428591949,25.1109265136,20.5413133449,0.006476,-2.9804050716,18041973.1,0.5825141154,-1.3919202403,0.006257609,1,0.0066586442,0.000118703"
2026-04-28T04:00:00.000-03:00,"CSV=1777359600000,0.005891,0.005911,0.005801,0.005864,31645837,0.00625772,0.0064714546,0.0060439854,3.3027289621,6.8310696397,14.1069874076,27.2659575933,21.2922749396,0.00639,-1.4619391699,17453089.7,1.8131939699,-1.8115399226,0.0062094981,1,0.0066507373,0.0001178327"
2026-04-28T05:00:00.000-03:00,"CSV=1777363200000,0.005871,0.005971,0.005871,0.005959,27670500,0.0062492,0.0064661575,0.0060322425,3.3552771814,6.9435290072,16.4188814416,25.7639480452,21.3497047163,0.006338,-1.7477328937,18549216.8,1.4917341416,-2.0767442243,0.0062094981,1,0.0066438543,0.0001167494"
2026-04-28T06:00:00.000-03:00,"CSV=1777366800000,0.005958,0.006013,0.005939,0.005985,24855066,0.00624072,0.006459544,0.006021896,3.3876081828,7.0127819404,18.0008610546,24.7535318981,20.9793309541,0.006248,-0.3330557868,19766016.9,1.2574645729,-1.5240981005,0.0062094981,1,0.0066372985,0.0001124745"
2026-04-28T07:00:00.000-03:00,"CSV=1777370400000,0.005984,0.005998,0.005929,0.005936,15190737,0.006234,0.0064568819,0.0060111181,3.4518496267,7.1505246105,17.3221720618,24.3666683335,20.7072287945,0.006143,-1.8842975207,19660983.8,0.7726336156,-1.5013559358,0.0062094981,1,0.0066303205,0.000108127"
2026-04-28T08:00:00.000-03:00,"CSV=1777374000000,0.005935,0.005959,0.005872,0.005902,26911354,0.00622384,0.0064500215,0.0059976585,3.5066776865,7.268228728,16.4826392679,26.3610634612,20.8638726855,0.006143,-2.7035938015,21105862.1,1.2750653763,-2.1499902398,0.0062094981,1,0.0066230735,0.0001060143"
2026-04-28T09:00:00.000-03:00,"CSV=1777377600000,0.005904,0.00606,0.005888,0.006041,23021449,0.00621948,0.0064470386,0.0059919214,3.5296613224,7.3176094763,20.4151674993,23.9067589923,19.9981343211,0.006143,0.2156602522,22026137.4,1.0451877504,-1.3581916752,0.0062094981,1,0.0066172817,0.0001126129"
2026-04-28T10:00:00.000-03:00,"CSV=1777381200000,0.006046,0.00608,0.005956,0.005975,29170127,0.00621498,0.0064450898,0.0059848702,3.5703111094,7.4050038955,20.1276082586,22.3028409925,19.0066976506,0.006122,1.0485371216,22420115.7,1.3010694231,-0.4507212542,0.0062094981,1,0.0066108908,0.0001137516"
2026-04-28T11:00:00.000-03:00,"CSV=1777384800000,0.005972,0.006111,0.005949,0.006012,28418635,0.0062089,0.006440273,0.005977527,3.592595663,7.4529455235,20.0424625964,20.3881615403,17.7965872947,0.006122,1.7431037401,23167101.9,1.2266806234,0.4122630247,0.0062094981,1,0.0066049317,0.0001185765"
2026-04-28T12:00:00.000-03:00,"CSV=1777388400000,0.006012,0.006026,0.005902,0.00594,29046235,0.00619936,0.0064317873,0.0059669327,3.613728687,7.4984303008,18.7241797979,21.5402059971,17.0764040556,0.006122,0.439634765,24643964.4,1.1786348385,0.4475649665,0.0062094981,1,0.0065983155,0.0001191188"
2026-04-28T13:00:00.000-03:00,"CSV=1777392000000,0.005939,0.005986,0.005867,0.005985,22902079,0.00619102,0.006423508,0.005958532,3.6193304055,7.5104902689,17.538062559,22.0388442062,16.6961265909,0.006119,1.5784114053,25883201.9,0.8848240294,0.7639154243,0.0062094981,1,0.0065922129,0.0001191069"
2026-04-28T14:00:00.000-03:00,"CSV=1777395600000,0.005986,0.006143,0.005983,0.006115,25249516,0.0061807,0.006404727,0.005956673,3.4978381671,7.2492431272,24.2771190607,20.1958530087,16.1948486974,0.006143,4.2803547067,25243569.8,1.0002355531,1.9363979353,0.0062094981,1,0.0065874645,0.0001231962"
2026-04-28T15:00:00.000-03:00,"CSV=1777399200000,0.006115,0.006227,0.006081,0.006145,31139208,0.00617438,0.0063948392,0.0059539208,3.4474555145,7.1410971775,26.7906552421,18.6694732205,16.306152533,0.006227,3.1213290821,25590440.6,1.2168296938,2.5569739273,0.0062094981,1,0.0065830618,0.0001254766"
2026-04-28T16:00:00.000-03:00,"CSV=1777402800000,0.006147,0.006186,0.006105,0.006139,17198771,0.00616858,0.0063860588,0.0059511012,3.4055250736,7.0511798447,25.6388112102,17.8667932892,16.4100361128,0.006227,2.5730994152,24824811.1,0.6928057148,2.2988686114,0.0062094981,1,0.0065786433,0.000121029"
2026-04-28T17:00:00.000-03:00,"CSV=1777406400000,0.006139,0.006147,0.006064,0.006078,15293871,0.00616058,0.0063738459,0.0059473141,3.3459524577,6.9235640778,24.483141374,19.2880444848,16.1072843553,0.006227,2.3921832884,24835124.5,0.6158161599,2.0236274498,0.0062094981,1,0.0065736618,0.0001172261"
2026-04-28T18:00:00.000-03:00,"CSV=1777410000000,0.00608,0.006164,0.006058,0.00608,13059694,0.00615396,0.0063644693,0.0059434507,3.3075701057,6.8414251443,23.9925106093,18.1675171179,15.9545580075,0.006227,3.0159268045,23449958.5,0.5569175741,1.9089591797,0.0062094981,1,0.0065687497,0.0001161035"
2026-04-28T19:00:00.000-03:00,"CSV=1777413600000,0.00608,0.006155,0.006067,0.006149,11729207,0.00614754,0.0063531508,0.0059419292,3.2363597797,6.689206343,22.8136329204,17.2748518632,15.8120134162,0.006227,1.7877834796,22320734.3,0.5254848179,1.5857904785,0.0062094981,1,0.0065645731,0.0001132931"
2026-04-28T20:00:00.000-03:00,"CSV=1777417200000,0.00615,0.006224,0.006096,0.006195,21152448,0.00614392,0.0063470551,0.0059407849,3.2004623894,6.6125571846,25.0251831401,16.0461292267,16.2153529328,0.006227,3.6820083682,21518966.4,0.9829676578,2.2636253662,0.0062094981,1,0.0065608958,0.0001147638"
2026-04-28T21:00:00.000-03:00,"CSV=1777420800000,0.006194,0.006277,0.006159,0.006239,24548826,0.00614128,0.0063422934,0.0059402666,3.1694124276,6.5463042352,26.3308248613,14.9928149535,16.9634696505,0.006277,3.7757817698,21131985.5,1.1616904621,2.9711801338,0.0058727378,-1,0.0065576928,0.0001150874"
2026-04-28T22:00:00.000-03:00,"CSV=1777424400000,0.00624,0.006249,0.006066,0.006094,27410271,0.0061344,0.006330978,0.005937822,3.1050182837,6.409038381,23.7412763415,18.516266477,16.656883661,0.006277,2.5925925926,20968389.1,1.3072187315,3.1104819559,0.0058727378,-1,0.006553079,0.0001218787"
2026-04-28T23:00:00.000-03:00,"CSV=1777428000000,0.006092,0.006139,0.006022,0.006114,20679372,0.00612928,0.0063229676,0.0059355924,3.0632386603,6.3200763426,22.2428092128,19.7211972017,15.9470239346,0.006277,2.1553884712,20746118.4,0.9967827042,2.7898059535,0.0058727378,-1,0.00654871,0.0001213908"
2026-04-29T00:00:00.000-03:00,"CSV=1777431600000,0.006114,0.006117,0.005969,0.005988,18508171,0.00612026,0.0063097704,0.0059307496,3.0034437033,6.1928872899,20.4900388687,20.9890855026,14.9640974867,0.006277,-2.0768601799,20071983.9,0.9220897691,1.2215201278,0.0058727378,-1,0.0065431308,0.0001240517"
2026-04-29T01:00:00.000-03:00,"CSV=1777435200000,0.005989,0.005994,0.005935,0.005947,17545141,0.00611212,0.0063001509,0.0059240891,2.9845462291,6.1527233303,19.822840782,22.1820957145,14.3409318873,0.006277,-3.2221318145,18712577.2,0.9376122173,-0.1926899665,0.0058727378,-1,0.0065371992,0.0001175466"
2026-04-29T02:00:00.000-03:00,"CSV=1777438800000,0.005946,0.006079,0.005926,0.006071,23724367,0.00610466,0.006286679,0.005922641,2.895311946,5.9632794338,22.7874408094,20.3417362014,13.7629130843,0.006277,-1.1076722593,19365136.8,1.2251071214,-0.5807990353,0.0058727378,-1,0.0065325604,0.0001210919"
2026-04-29T03:00:00.000-03:00,"CSV=1777442400000,0.00607,0.006207,0.00606,0.006097,47965328,0.00609464,0.0062624613,0.0059268187,2.6797978749,5.5071769609,27.8459521388,18.7411282993,14.1482966749,0.006277,0.3126028299,22632282.5,2.1193323298,-0.166362929,0.0058727378,-1,0.0065282264,0.0001236827"
2026-04-29T04:00:00.000-03:00,"CSV=1777446000000,0.006096,0.006104,0.005971,0.006047,26131095,0.00608552,0.0062429717,0.0059280683,2.5220639143,5.1746354417,25.8724735456,22.1554353313,13.7210322097,0.006277,-0.5427631579,23939422.6,1.0915507628,-0.3083931323,0.0058727378,-1,0.0065234381,0.0001246144"
2026-04-29T05:00:00.000-03:00,"CSV=1777449600000,0.006048,0.006141,0.006024,0.006071,20449349,0.00607862,0.0062288309,0.0059284091,2.4115424877,4.9422699143,26.2326068502,20.7681505709,13.5813844197,0.006277,-1.2684989429,24811436.8,0.8241904395,-0.554090322,0.0058727378,-1,0.0065189362,0.000123853"
2026-04-29T06:00:00.000-03:00,"CSV=1777453200000,0.006071,0.006081,0.005939,0.006021,29266847,0.0060704,0.0062120496,0.0059287504,2.2802388496,4.6668940299,24.2574727553,23.7114331792,12.7518467814,0.006277,-2.808716707,25622876.7,1.1422155031,-1.4387801368,0.0058727378,-1,0.0065139817,0.0001256677"
2026-04-29T07:00:00.000-03:00,"CSV=1777456800000,0.006021,0.00605,0.005937,0.005953,24561518,0.0060605,0.0061923735,0.0059286265,2.12961093,4.3519004068,22.7941761725,22.3878429597,11.9616786655,0.006277,-4.5840679596,25624145.9,0.9585302119,-2.4238426355,0.0058727378,-1,0.0065083997,0.0001244009"
2026-04-29T08:00:00.000-03:00,"CSV=1777460400000,0.005953,0.005988,0.00591,0.005933,25199809,0.0060503,0.006171484,0.005929116,1.9636125273,4.0058851165,21.8206795262,22.9100584022,11.3265943876,0.006277,-2.6419428947,25403099.7,0.9919974057,-2.4894952562,0.0058727378,-1,0.0065026744,0.0001197608"
2026-04-29T09:00:00.000-03:00,"CSV=1777464000000,0.005938,0.006028,0.0059,0.006014,32751497,0.00604158,0.0061485411,0.0059346189,1.7396180488,3.5408330688,22.4792833252,21.309874005,10.7495244541,0.006277,-1.6355904482,26610312.2,1.2307821402,-2.3306820082,0.0058727378,-1,0.0064978119,0.0001205847"
2026-04-29T10:00:00.000-03:00,"CSV=1777467600000,0.006012,0.006062,0.005908,0.006019,42931380,0.0060344,0.0061299812,0.0059388188,1.5592408369,3.1678764978,22.4461311314,19.5496914326,10.4926875564,0.006277,0.5177020708,29052633.1,1.4777104661,-1.298783416,0.0058727378,-1,0.0064930476,0.0001239263"
2026-04-29T11:00:00.000-03:00,"CSV=1777471200000,0.006021,0.006038,0.005942,0.005959,24559263,0.00602684,0.0061126361,0.0059410439,1.4035862666,2.8471345224,21.2725576699,18.5275554168,10.2529731186,0.006277,0.2017824113,29754045.3,0.8254092091,-0.8103379238,0.0058727378,-1,0.0064877337,0.0001211336"
2026-04-29T12:00:00.000-03:00,"CSV=1777474800000,0.005958,0.005977,0.005827,0.005842,46187747,0.00601908,0.0061036885,0.0059344715,1.3861859558,2.8113423443,19.5604507155,23.2068412009,10.1378495549,0.006277,-3.7720309669,32000383.3,1.4433498051,-2.3550120029,0.0062740608,1,0.0064813085,0.0001240203"
2026-04-29T13:00:00.000-03:00,"CSV=1777478400000,0.005847,0.005956,0.005822,0.005946,18050781,0.00601576,0.0060999129,0.0059316071,1.3795746506,2.7977462999,18.1613886037,21.8138553418,10.0711143603,0.006277,-2.4766278498,29008928.6,0.6222491444,-2.0837011887,0.0062640548,1,0.0064759821,0.0001250183"
2026-04-29T14:00:00.000-03:00,"CSV=1777482000000,0.005951,0.006013,0.005929,0.005995,18316772,0.0060146,0.0060986312,0.0059305688,1.3778695931,2.7942401718,20.4393040772,20.8139687445,9.4602537978,0.006277,-0.8599305441,28227496.3,0.6488982163,-1.5751365912,0.0062640548,1,0.0064711962,0.0001209164"
2026-04-29T15:00:00.000-03:00,"CSV=1777485600000,0.005995,0.006,0.0056,0.005752,119616869,0.00600906,0.0061007419,0.0059173781,1.5027996865,3.051456654,16.5652893086,32.4584010358,10.990853408,0.006277,-5.2544885521,38144248.3,3.135908409,-6.5426226727,0.0062464744,1,0.00646404,0.0001488248"
2026-04-29T16:00:00.000-03:00,"CSV=1777489200000,0.005752,0.005818,0.005715,0.005793,24485658,0.00600458,0.0061011092,0.0059080508,1.5821579699,3.2151852494,15.7421025765,30.845430409,12.4194130442,0.006277,-3.7867463876,37666129.4,0.6500709892,-5.1822997719,0.0061992269,1,0.006457363,0.0001442423"
2026-04-29T17:00:00.000-03:00,"CSV=1777492800000,0.005792,0.005857,0.005776,0.005816,20750604,0.0060012,0.0061012502,0.0059011498,1.6398309253,3.334339379,17.0444371279,29.6058138786,13.3865660242,0.006249,-2.3013606585,37285038,0.5565397037,-3.8817993742,0.0061992269,1,0.0064509813,0.0001379181"
2026-04-29T18:00:00.000-03:00,"CSV=1777496400000,0.005816,0.005834,0.005762,0.00579,19600456,0.00599734,0.0061016502,0.0058930298,1.7095413136,3.4785498745,16.41612161,29.2312314826,14.3657387996,0.006207,-2.4102477667,36725102.7,0.5337073162,-3.0166552052,0.0061919788,1,0.0064444043,0.0001313263"
2026-04-29T19:00:00.000-03:00,"CSV=1777500000000,0.005789,0.005871,0.005717,0.005805,18806751,0.00599198,0.0060991122,0.0058848478,1.7565205673,3.5758517052,15.1373406691,29.2304172736,15.5256382018,0.006207,-3.4752244762,35330628.1,0.5323072929,-2.6277325811,0.0061919788,1,0.0064380421,0.0001335936"
2026-04-29T20:00:00.000-03:00,"CSV=1777503600000,0.005804,0.005849,0.005783,0.005829,19427629,0.00598954,0.006098943,0.005880137,1.7938020416,3.6531340769,14.614585269,28.2209692595,16.6082109772,0.006207,-3.1566705433,32980253,0.5890685253,-2.3716534747,0.0061919788,1,0.006431982,0.0001268343"
2026-04-29T21:00:00.000-03:00,"CSV=1777507200000,0.00583,0.005992,0.00583,0.005962,19210868,0.00598748,0.0060964114,0.0058785486,1.7868118057,3.6386392471,20.7365209779,25.8580364208,16.2337742619,0.006207,0.0503440175,32445413.5,0.5920981096,-1.5711661173,0.0061919788,1,0.0064273055,0.0001304508"
2026-04-29T22:00:00.000-03:00,"CSV=1777510800000,0.005961,0.006021,0.005846,0.005862,28326612,0.00598462,0.0060949225,0.0058743175,1.809743663,3.6861980619,20.3706040713,23.5863238694,15.639230339,0.006207,0.3423485108,30659300,0.9239158102,-0.9420103443,0.0061919788,1,0.0064216806,0.0001349058"
2026-04-29T23:00:00.000-03:00,"CSV=1777514400000,0.005862,0.005979,0.005841,0.005893,24843967,0.00598148,0.0060921108,0.0058708492,1.8159679709,3.6991106056,18.9630343152,22.2069094142,15.1218970708,0.006141,-0.8913555331,31338618.6,0.7927588423,-0.863550223,0.0061919788,1,0.0064164201,0.0001352152"
2026-04-30T00:00:00.000-03:00,"CSV=1777518000000,0.005893,0.005935,0.005757,0.005782,35302441,0.0059758,0.0060892014,0.0058623986,1.8623363438,3.7953549625,17.3100508758,24.3847416047,15.2449575428,0.006141,-3.5529608007,33037185.5,1.0685668427,-1.841225517,0.0061919788,1,0.0064101075,0.0001394937"
2026-04-30T01:00:00.000-03:00,"CSV=1777521600000,0.005784,0.005887,0.005752,0.005819,29153574,0.00597162,0.0060868573,0.0058563827,1.8932150952,3.8594988044,16.1650281007,23.0167352609,15.394425713,0.006081,1.1648122392,23990856,1.2151952394,-0.7556589154,0.0061919788,1,0.0064042258,0.0001390443"
2026-04-30T02:00:00.000-03:00,"CSV=1777525200000,0.005819,0.00595,0.005797,0.005833,25307958,0.00597002,0.0060866076,0.0058534324,1.9154769017,3.905767885,18.0246387549,21.3054318789,14.9242434262,0.006062,0.6904885206,24073086,1.0512967885,-0.2618031555,0.0061919788,1,0.006398542,0.0001404399"
2026-04-30T03:00:00.000-03:00,"CSV=1777528800000,0.005834,0.005896,0.005805,0.00584,18799006,0.00596864,0.0060863447,0.0058509353,1.9339140453,3.9441036653,17.2092612986,20.3416417533,14.4854066252,0.006062,0.4126547455,23877926.2,0.7872964278,-0.066241568,0.0061919788,1,0.0063929843,0.0001354959"
2026-04-30T04:00:00.000-03:00,"CSV=1777532400000,0.00584,0.005921,0.005757,0.005796,28359801,0.00596628,0.0060862183,0.0058463417,1.970654317,4.0205395707,15.8268060263,21.0587379393,14.4653284582,0.006062,0.103626943,24753860.7,1.1456718345,-0.0045868887,0.0061919788,1,0.0063870442,0.0001383463"
2026-04-30T05:00:00.000-03:00,"CSV=1777536000000,0.005796,0.005887,0.005756,0.005851,31247696,0.00596546,0.0060860418,0.0058448782,1.9812843136,4.042665321,14.8086924142,19.7531680251,14.4547173352,0.006062,0.7924203273,25997955.2,1.2019289886,0.3144197284,0.0061919788,1,0.0063817104,0.0001376117"
2026-04-30T06:00:00.000-03:00,"CSV=1777539600000,0.00585,0.00591,0.005803,0.005826,29286228,0.0059647,0.0060860363,0.0058433637,1.9936829643,4.0684784911,15.1650619498,18.7004071603,14.1870282192,0.006038,-0.0514668039,26983815.1,1.0853256996,0.1909937373,0.0061919788,1,0.006376181,0.0001345505"
2026-04-30T07:00:00.000-03:00,"CSV=1777543200000,0.005826,0.005937,0.005802,0.005869,30579643,0.0059629,0.0060849728,0.0058408272,2.0061356071,4.0944106439,15.4899875496,17.4436710969,13.6367049308,0.006021,-1.5598792352,28120692.6,1.0874427396,-0.4380972914,0.0061919788,1,0.0063711344,0.0001345955"
2026-04-30T08:00:00.000-03:00,"CSV=1777546800000,0.005871,0.005881,0.005807,0.00587,19466572,0.0059606,0.0060833164,0.0058378836,2.0172618449,4.1175861849,14.9018298454,16.7813316657,13.1230698617,0.006021,0.1364721938,27234688.6,0.7147712348,-0.2595493948,0.0061919788,1,0.006366148,0.0001285359"
2026-04-30T09:00:00.000-03:00,"CSV=1777550400000,0.005869,0.005908,0.005811,0.005817,27899446,0.00595822,0.006082534,0.005833906,2.0437864212,4.1728571297,15.55660098,15.9317419943,12.3276228534,0.006021,-1.2896657051,27540236.5,1.0130430797,-0.6085285691,0.0061919788,1,0.0063606838,0.0001253823"
2026-04-30T10:00:00.000-03:00,"CSV=1777554000000,0.005817,0.006006,0.005812,0.005967,41381008,0.00595952,0.0060835789,0.0058354611,2.0392419958,4.1633854972,18.9779933346,14.3725167886,12.4264022397,0.006021,3.1995849187,28148093.2,1.4701176277,1.1622363507,0.0061919788,1,0.0063567666,0.0001322441"
2026-04-30T11:00:00.000-03:00,"CSV=1777557600000,0.005967,0.005991,0.005801,0.005812,43974401,0.00595494,0.0060801282,0.0058297518,2.0589737393,4.2045173875,17.2105133625,13.573151096,12.3857010634,0.006021,-0.1202955834,29630175.9,1.4841086718,0.715313661,0.0061919788,1,0.006351346,0.0001380197"
2026-04-30T12:00:00.000-03:00,"CSV=1777561200000,0.005812,0.005853,0.005784,0.00581,27012023,0.00595164,0.0060784206,0.0058248594,2.0857484074,4.260357146,16.6086508682,13.9600846825,12.1376074915,0.006021,-0.3943082462,29800582.4,0.90642601,0.3577386905,0.0061919788,1,0.0063459595,0.0001311177"
2026-04-30T13:00:00.000-03:00,"CSV=1777564800000,0.00581,0.0059,0.00573,0.005837,30992936,0.00594814,0.0060756196,0.0058206604,2.0982151223,4.2863674547,15.2050182395,15.4647913235,11.3849002813,0.006021,-0.051369863,31019975.4,0.999128323,0.2213840987,0.0061919788,1,0.0063408952,0.0001350059"
2026-04-30T14:00:00.000-03:00,"CSV=1777568400000,0.005839,0.005856,0.005809,0.005836,11413029,0.00594606,0.0060745002,0.0058176198,2.1144166483,4.3201798997,14.8336712486,15.0870999829,10.6823735517,0.006021,0.6901311249,29325298.2,0.3891871422,0.2371194525,0.0061919788,1,0.0063358714,0.0001262053"
2026-04-30T15:00:00.000-03:00,"CSV=1777572000000,0.005837,0.005983,0.005831,0.005941,23035653,0.00594518,0.0060735011,0.0058168589,2.1128029604,4.316811645,20.1953233954,13.9099607826,11.1988348215,0.006021,1.5381985985,28504093.9,0.8081524388,0.5724459513,0.0061919788,1,0.0063319423,0.0001287848"
2026-04-30T16:00:00.000-03:00,"CSV=1777575600000,0.005941,0.005985,0.005921,0.005948,21678412,0.00594184,0.0060678501,0.0058158299,2.0766837605,4.2414490037,19.6149067442,13.4370012101,11.6983474791,0.006021,2.0940611054,27743312.3,0.7813923502,0.9270584104,0.0061919788,1,0.006328122,0.0001223063"
2026-04-30T17:00:00.000-03:00,"CSV=1777579200000,0.00595,0.005963,0.005888,0.005932,17347293,0.00593758,0.0060602048,0.0058149552,2.0234433016,4.1304642045,18.8118005198,14.6883624775,11.7390383396,0.006021,1.0734367013,26420077.3,0.6565950888,0.8529766956,0.0061919788,1,0.0063241805,0.0001175757"
2026-04-30T18:00:00.000-03:00,"CSV=1777582800000,0.005931,0.006003,0.005909,0.005932,14143335,0.00593344,0.0060526412,0.0058142388,1.9694080216,4.0179457898,20.0491086743,13.922862651,12.158651568,0.006006,1.0562180579,25887753.6,0.5463330352,0.7610000696,0.0061919788,1,0.0063202782,0.0001152181"
2026-04-30T19:00:00.000-03:00,"CSV=1777586400000,0.005932,0.006011,0.005911,0.005935,17700914,0.00593058,0.0060479804,0.0058131796,1.941149758,3.9591525971,19.3734911895,13.1421800545,12.6256764161,0.006011,2.0285370466,24867900.4,0.7117976876,0.9886360394,0.0061919788,1,0.0063164446,0.0001136963"
2026-04-30T20:00:00.000-03:00,"CSV=1777590000000,0.005936,0.00594,0.005894,0.005909,7568257,0.00592716,0.0060426327,0.0058116873,1.9109660154,3.8963907336,18.8524934807,13.7826024406,12.8196372231,0.006011,-0.9720127367,21486625.3,0.3522310691,0.5449663311,0.0061919788,1,0.0063123904,0.0001069267"
2026-04-30T21:00:00.000-03:00,"CSV=1777593600000,0.005911,0.00601,0.005866,0.005941,23725818,0.005923,0.0060340684,0.0058119316,1.8406892188,3.7504118644,21.3145797765,12.642295555,13.6676021687,0.006011,2.2195457674,19461767,1.2190988619,1.2652594604,0.0061919788,1,0.006308695,0.000110634"
2026-04-30T22:00:00.000-03:00,"CSV=1777597200000,0.00594,0.005983,0.005893,0.005915,19044515,0.0059174,0.0060214502,0.0058133498,1.7279920466,3.5167533106,20.195677432,11.9786421175,14.459036118,0.006011,1.8072289157,18665016.2,1.0203320906,1.4581641928,0.0061919788,1,0.0063047776,0.0001085706"
2026-04-30T23:00:00.000-03:00,"CSV=1777600800000,0.005915,0.005962,0.005864,0.005923,23392647,0.00591108,0.0060044534,0.0058177066,1.5550692648,3.1592673248,19.0301957445,12.9950901101,14.7514213272,0.006011,1.4733596025,17904987.3,1.3064877739,1.6137515643,0.0061919788,1,0.0063009788,0.0001075136"
2026-05-01T00:00:00.000-03:00,"CSV=1777604400000,0.005923,0.005998,0.005878,0.005967,20733044,0.00590854,0.0059985705,0.0058185095,1.5008656839,3.0474697962,19.8022862956,12.0804533444,15.3826250716,0.006011,2.2446881426,18836988.8,1.1006559605,1.899377504,0.0061919788,1,0.0062976556,0.0001087622"
2026-05-01T01:00:00.000-03:00,"CSV=1777608000000,0.005969,0.006039,0.005937,0.005985,19453170,0.00590596,0.0059918173,0.0058201027,1.4329094111,2.9074803822,21.0307644745,11.3527528155,16.3494907289,0.006039,0.7406160579,18478740.5,1.052732463,1.5261418583,0.0061919788,1,0.0062945446,0.000108086"
2026-05-01T02:00:00.000-03:00,"CSV=1777611600000,0.005984,0.005997,0.005924,0.005963,24131541,0.00590546,0.0059909099,0.0058200101,1.4263261954,2.8939292619,20.1022267817,11.6377706925,17.0373983965,0.006039,0.2521856086,18724053.4,1.2887989841,1.1257667576,0.0061919788,1,0.0062912457,0.0001045774"
2026-05-01T03:00:00.000-03:00,"CSV=1777615200000,0.005965,0.006021,0.005885,0.005913,24503322,0.00590478,0.0059900317,0.0058195283,1.4232261183,2.8875485821,18.4741040659,13.0177717565,17.0566490679,0.006039,-0.3202966959,19439656.3,1.260481236,0.61593518,0.0061919788,1,0.006287482,0.0001077196"
2026-05-01T04:00:00.000-03:00,"CSV=1777618800000,0.005913,0.005986,0.005885,0.005903,29288706,0.00590142,0.0059832982,0.0058195418,1.3684463174,2.7748651752,17.3556224494,12.229634029,17.0746163612,0.006039,-0.4888739042,20954193.4,1.3977491493,0.1828490921,0.0061919788,1,0.0062836564,0.0001070477"
2026-05-01T05:00:00.000-03:00,"CSV=1777622400000,0.005903,0.005981,0.005845,0.005962,28641361,0.00589872,0.0059762127,0.0058212273,1.2966861003,2.6274418741,15.9614438943,13.609875976,16.4664546887,0.006039,0.4549283909,22048238.1,1.2990317353,0.3188882004,0.0061919788,1,0.0062804558,0.0001099429"
2026-05-01T06:00:00.000-03:00,"CSV=1777626000000,0.00596,0.006009,0.005918,0.005958,22517388,0.00589694,0.00597199,0.00582189,1.256699356,2.5453865686,16.7677814789,12.868768975,16.2457639914,0.006039,0.8292435268,23543151.2,0.9564305054,0.4769634021,0.0061919788,1,0.0062772473,0.0001080486"
2026-05-01T07:00:00.000-03:00,"CSV=1777629600000,0.005957,0.00604,0.005882,0.005933,37278751,0.00589418,0.0059652078,0.0058231522,1.1907010955,2.4100992694,15.2254561877,13.7808610772,15.4947315628,0.00604,-0.1346574651,24898444.5,1.4972321263,0.2507711071,0.0061919788,1,0.0062738219,0.0001130438"
2026-05-01T08:00:00.000-03:00,"CSV=1777633200000,0.005933,0.005959,0.005883,0.005894,17430108,0.00589164,0.0059603192,0.0058229608,1.152273603,2.3314114446,14.5363661715,13.1571520949,14.7937679628,0.00604,-0.3550295858,24737003.8,0.7046167814,0.0837941367,0.0061919788,1,0.0062700426,0.0001093394"
2026-05-01T09:00:00.000-03:00,"CSV=1777636800000,0.005893,0.00592,0.005873,0.005881,24488881,0.0058902,0.0059583302,0.0058220698,1.1434440118,2.3133397687,14.113135963,13.3935518793,13.981918978,0.00604,-0.7091001182,24846627.2,0.9856018204,-0.177100698,0.0061919788,1,0.0062661715,0.0001031054"
2026-05-01T10:00:00.000-03:00,"CSV=1777640400000,0.00588,0.00595,0.00585,0.00595,26696163,0.00589054,0.0059589249,0.0058221551,1.147603917,2.3218535159,15.1019520796,12.5599222891,13.6624344645,0.00604,-0.2849002849,25442939.1,1.0492562551,-0.2177116006,0.0061919788,1,0.0062630256,0.0001027949"
2026-05-01T11:00:00.000-03:00,"CSV=1777644000000,0.00595,0.006035,0.005924,0.006022,33903036,0.0058907,0.0059593822,0.0058220178,1.1525060245,2.3318871894,19.3388312404,11.6942826297,14.3938402311,0.00604,0.6182121972,26887925.7,1.2609018776,0.1146939063,0.0061919788,1,0.0062606273,0.0001036154"
2026-05-01T12:00:00.000-03:00,"CSV=1777647600000,0.006022,0.00619,0.006001,0.006136,75487608,0.00589304,0.0059677795,0.0058183005,1.2523843516,2.5365358816,26.3386749075,10.3881415183,16.3295981955,0.00619,2.901224216,32023532.4,2.3572542547,2.3561036465,0.0061919788,1,0.0062593872,0.0001121539"
2026-05-01T13:00:00.000-03:00,"CSV=1777651200000,0.006135,0.006383,0.006121,0.006289,113928906,0.00589964,0.0059923282,0.0058069518,1.5467818065,3.1421660661,33.0724175406,8.9100557206,19.0778549925,0.006383,6.3588702858,40966090.8,2.7810538857,7.4655227366,0.0058705846,-1,0.0062596819,0.0001271385"
2026-05-01T14:00:00.000-03:00,"CSV=1777654800000,0.006289,0.006443,0.006196,0.006318,90087180,0.00590916,0.0060184053,0.0057999147,1.8151867361,3.697489817,31.9689983825,7.7904091837,21.8601478037,0.006443,7.0303235643,47045938.2,1.9148768937,9.4644165405,0.0059021261,-1,0.0062602622,0.0001391246"
2026-05-01T15:00:00.000-03:00,"CSV=1777658400000,0.006318,0.006475,0.006242,0.00632,71128798,0.00591664,0.0060400387,0.0057932413,2.0430111685,4.1712412619,29.9140324145,6.9124851763,24.5667510957,0.006475,6.0046964106,51294681.9,1.3866700283,9.0851218741,0.0059129635,-1,0.0062608566,0.0001485122"
2026-05-01T16:00:00.000-03:00,"CSV=1777662000000,0.006318,0.006599,0.006296,0.006505,99269582,0.00592684,0.0060749067,0.0057787733,2.4373486485,4.9964789082,31.408190483,5.974402595,27.4647307801,0.006599,9.1809331991,58969901.3,1.6833940673,11.2084574094,0.0059556171,-1,0.0062632858,0.000163961"
2026-05-01T17:00:00.000-03:00,"CSV=1777665600000,0.006506,0.006701,0.006474,0.006645,146309877,0.0059447,0.0061216419,0.0057677581,2.8904326874,5.9529308335,32.7368366188,5.3875309961,30.4162202957,0.006701,12.0006741952,69873013.9,2.0939396891,15.8485342706,0.0060767054,-1,0.006267084,0.0001702649"
2026-05-01T18:00:00.000-03:00,"CSV=1777669200000,0.006642,0.007,0.006494,0.006754,269127456,0.00596392,0.0061726737,0.0057551663,3.3819010174,7.0005538363,37.744744622,4.3637704513,33.6733850167,0.007,14.591109603,95042748.7,2.8316463873,24.3379771119,0.0061354849,-1,0.0062719289,0.0002038384"
2026-05-01T19:00:00.000-03:00,"CSV=1777672800000,0.006754,0.006774,0.006516,0.006746,95705237,0.00598252,0.0062170995,0.0057479405,3.7731336765,7.8421626322,34.1949517424,3.9533694423,36.713405423,0.007,14.7083829281,102164384.3,0.9367769175,20.8181426147,0.0061354849,-1,0.0062766461,0.0002092545"
2026-05-01T20:00:00.000-03:00,"CSV=1777676400000,0.006746,0.006847,0.006553,0.006681,131364313,0.00600034,0.0062527805,0.0057478995,4.0372512496,8.4142050996,33.2303694714,3.5461786228,39.6468450714,0.007,12.2857142857,112631199.3,1.1663225981,18.6551304784,0.0061354849,-1,0.0062806695,0.0002177291"
2026-05-01T21:00:00.000-03:00,"CSV=1777680000000,0.00668,0.006891,0.00662,0.006866,174749888,0.00602156,0.0062999484,0.0057431716,4.4188992802,9.2463870931,31.6612913557,3.2187593301,42.4399779333,0.007,14.0152773165,126715884.5,1.3790685255,18.8794295936,0.0061354849,-1,0.0062864937,0.0002230562"
2026-05-01T22:00:00.000-03:00,"CSV=1777683600000,0.006867,0.007036,0.006701,0.007008,107935682,0.00604514,0.0063544356,0.0057358444,4.8673966896,10.2328676399,32.9276886423,2.868034316,45.2090159026,0.007036,14.2112125163,129960691.9,0.8305256029,16.5205450103,0.0061657483,-1,0.0062936728,0.0002342506"
2026-05-01T23:00:00.000-03:00,"CSV=1777687200000,0.007003,0.00733,0.006906,0.007091,448070643,0.00606772,0.0064096149,0.0057258251,5.3340942301,11.2693037408,37.6153307447,2.4988059632,48.0311828046,0.00733,12.7524248688,163374865.6,2.7425922669,22.6719306167,0.0063583235,-1,0.0063016064,0.0002532255"
2026-05-02T00:00:00.000-03:00,"CSV=1777690800000,0.00709,0.007103,0.006735,0.007074,237850015,0.00609196,0.0064603485,0.0057235715,5.7023013584,12.0942534984,33.5936046277,7.1998043193,49.1425132312,0.00733,11.9658119658,178151149.1,1.3351023342,20.4398149064,0.0063583235,-1,0.0063092919,0.000264703"
2026-05-02T01:00:00.000-03:00,"CSV=1777694400000,0.007072,0.007152,0.006706,0.006775,169162862,0.0061096,0.0064889918,0.0057302082,5.8466983697,12.4195291476,30.8375917834,6.3220804871,50.2645745147,0.00733,7.1993670886,187954555.5,0.9000200157,15.7864014311,0.0063583235,-1,0.0063139259,0.0002828327"
2026-05-02T02:00:00.000-03:00,"CSV=1777698000000,0.006778,0.006971,0.00655,0.00693,188192768,0.00613256,0.0065259118,0.0057392082,6.0275379352,12.8283069374,27.4527837219,9.6953590576,50.1003794521,0.00733,6.5334358186,196846874.1,0.956036355,12.6063350092,0.0063583235,-1,0.0063200559,0.0002966494"
2026-05-02T03:00:00.000-03:00,"CSV=1777701600000,0.006929,0.007045,0.006705,0.006797,195704870,0.00615212,0.006553625,0.005750615,6.1264567422,13.0525737702,26.959411621,8.8544036765,50.1305634436,0.00733,2.287434161,201786373.4,0.9698616745,9.1437215814,0.0063583235,-1,0.0063248017,0.0003009845"
2026-05-02T04:00:00.000-03:00,"CSV=1777705200000,0.006796,0.006942,0.006752,0.006789,91866607,0.00617124,0.0065797939,0.0057626861,6.2092198546,13.2405761952,25.6284390099,8.4172662142,50.1587351689,0.00733,0.5182114303,184060288.5,0.4991115017,6.1820294826,0.0063583235,-1,0.0063294205,0.000289886"
2026-05-02T05:00:00.000-03:00,"CSV=1777708800000,0.006784,0.007095,0.006754,0.007061,140761969,0.00619566,0.0066198757,0.0057714443,6.4082128729,13.6939641171,27.2965718811,7.6874630351,50.5515923538,0.00733,4.6694337385,188565961.7,0.7464866285,5.2832429379,0.0063583235,-1,0.0063366999,0.0002949974"
2026-05-02T06:00:00.000-03:00,"CSV=1777712400000,0.007063,0.00712,0.006807,0.006919,126276700,0.00621812,0.0066502362,0.0057860038,6.4977567755,13.898611523,25.779457175,7.0834674393,50.9742080266,0.00733,3.5623409669,188057200.4,0.6714802716,4.3195091853,0.0063583235,-1,0.006342494,0.0002967977"
2026-05-02T07:00:00.000-03:00,"CSV=1777716000000,0.00692,0.006945,0.006804,0.006834,58573622,0.00623778,0.0066750768,0.0058004832,6.5511875508,14.0209112971,24.8375721931,6.9024007485,51.3430324556,0.00733,-0.4660646665,176439573.8,0.3319755355,2.8280987678,0.0063583235,-1,0.0063473846,0.0002812179"
2026-05-02T08:00:00.000-03:00,"CSV=1777719600000,0.006836,0.006922,0.00678,0.006875,53040098,0.00625876,0.0067009342,0.0058165858,6.5986954693,14.1297715326,23.8955240071,7.2816466343,51.472736877,0.00733,-1.8978310502,170950015.4,0.310266705,1.6891212496,0.0063583235,-1,0.0063526345,0.0002672961"
2026-05-02T09:00:00.000-03:00,"CSV=1777723200000,0.006874,0.007089,0.006864,0.007045,104099479,0.00628228,0.0067342646,0.0058302954,6.7117143431,14.3891900163,26.9400441158,6.8411424807,52.0077092719,0.00733,-0.6487096319,136552899,0.7623381104,0.9612354747,0.0063583235,-1,0.0063595237,0.0002630665"
2026-05-02T10:00:00.000-03:00,"CSV=1777726800000,0.007044,0.00711,0.006851,0.00704,106050844,0.00630568,0.0067659254,0.0058454346,6.80240118,14.5978035188,25.6325350666,6.3661591493,52.5545207638,0.00733,-0.4806333051,123372981.9,0.8595953698,0.5031069286,0.0063583235,-1,0.0063662946,0.0002626598"
2026-05-02T11:00:00.000-03:00,"CSV=1777730400000,0.007041,0.007117,0.006876,0.006938,88033633,0.0063281,0.0067912885,0.0058649115,6.8203328922,14.6391012201,24.1611582412,5.9540229696,53.0814412988,0.00733,2.405904059,115260059,0.7637826474,0.9479338763,0.0063583235,-1,0.0063719832,0.0002604939"
2026-05-02T12:00:00.000-03:00,"CSV=1777734000000,0.006937,0.006949,0.006583,0.006611,147821249,0.00634098,0.0068029004,0.0058790596,6.7900509567,14.5693695286,21.8585892817,13.0158446764,51.2330753208,0.00733,-4.6031746032,111222907.1,1.3290539948,-1.4073332809,0.0063583235,-1,0.0063743615,0.0002710445"
2026-05-02T13:00:00.000-03:00,"CSV=1777737600000,0.006611,0.006716,0.006504,0.006561,82750818,0.00635596,0.0068125975,0.0058993225,6.702840329,14.3687982628,20.6379709402,14.3699086096,49.0111848745,0.00733,-3.472120053,99927501.9,0.828108543,-1.8966529466,0.0063583235,-1,0.0063762186,0.00026514"
2026-05-02T14:00:00.000-03:00,"CSV=1777741200000,0.006561,0.00667,0.006513,0.006535,45313395,0.00637046,0.0068210011,0.0059199189,6.6052043938,14.1446947892,19.7623360528,13.7602172139,46.937420458,0.00733,-3.7413462955,95272180.7,0.4756204242,-1.8575888685,0.0063583235,-1,0.0063777985,0.000254326"
2026-05-02T15:00:00.000-03:00,"CSV=1777744800000,0.006535,0.006586,0.006303,0.006367,122566111,0.00638106,0.0068251135,0.0059370065,6.5061705843,13.9178609433,18.2656165976,18.3380567359,43.821452695,0.00733,-9.8286361705,93452594.9,1.3115324527,-5.5352510134,0.0063583235,-1,0.0063776911,0.0002571934"
2026-05-02T16:00:00.000-03:00,"CSV=1777748400000,0.006366,0.006482,0.006341,0.006443,35686045,0.0063932,0.0068304312,0.0059559688,6.4012233192,13.6780063718,17.5558432004,17.6254684278,40.9132161162,0.00733,-6.8796068796,84393529.4,0.4228528568,-4.6598544831,0.0063583235,-1,0.0063783409,0.0002455741"
2026-05-02T17:00:00.000-03:00,"CSV=1777752000000,0.006444,0.006526,0.006433,0.006505,22724876,0.00640448,0.0068371509,0.0059718091,6.3282342313,13.5115083598,18.3511258826,17.1543958043,38.4103714675,0.00733,-4.8141644718,80808654.8,0.281218343,-3.5578467739,0.0063583235,-1,0.0063796012,0.0002303167"
2026-05-02T18:00:00.000-03:00,"CSV=1777755600000,0.006501,0.006511,0.006368,0.00644,24289796,0.00641432,0.0068420641,0.0059865759,6.2516828305,13.3371627763,17.5771763877,18.3479403675,35.9927116253,0.00733,-6.3272727273,77933624.6,0.3116728642,-3.0292442539,0.0063583235,-1,0.0063802022,0.000221585"
2026-05-02T19:00:00.000-03:00,"CSV=1777759200000,0.006436,0.006492,0.006357,0.006403,22901983,0.00642374,0.0068459085,0.0060015715,6.1667270151,13.1440091961,16.8580293962,17.9306293201,33.7987434167,0.007152,-9.1128459901,69813875,0.3280434298,-3.0159659204,0.0063583235,-1,0.006380429,0.0002129265"
2026-05-02T20:00:00.000-03:00,"CSV=1777762800000,0.006407,0.006477,0.006372,0.006381,19573303,0.00643272,0.0068490684,0.0060163716,6.0789050926,12.9447066148,16.3022098809,17.3394455309,31.7510397555,0.007152,-9.3607954545,61166120.9,0.3200023593,-3.0091361572,0.0063583235,-1,0.0063804347,0.0002021339"
2026-05-02T21:00:00.000-03:00,"CSV=1777766400000,0.006381,0.006413,0.006326,0.006357,34373517,0.00644116,0.0068515682,0.0060307518,5.989989333,12.7433010388,15.8386163153,18.3499458519,30.1240054687,0.00712,-8.3741712309,55800109.3,0.6160116428,-3.7256197639,0.0069413614,1,0.0063802015,0.0001906205"
2026-05-02T22:00:00.000-03:00,"CSV=1777770000000,0.006357,0.006369,0.006181,0.006275,84711474,0.00644848,0.0068525463,0.0060444137,5.8965867991,12.5321422434,14.8602132995,21.9808370373,29.4042691521,0.00712,-5.0824383603,49489131.8,1.7117187334,-5.3836481601,0.0068460753,1,0.0063791547,0.0001903584"
2026-05-02T23:00:00.000-03:00,"CSV=1777773600000,0.006274,0.00634,0.006116,0.006151,82684277,0.00645268,0.0068525189,0.0060528411,5.8349184584,12.3929557813,13.7740025512,22.4952096591,29.0470350958,0.00712,-6.2490474013,49482477.7,1.670980938,-7.0697784694,0.0068091677,1,0.0063768845,0.0001937226"
2026-05-03T00:00:00.000-03:00,"CSV=1777777200000,0.006151,0.006216,0.006064,0.006123,61600749,0.00645684,0.0068521192,0.0060615608,5.7687140409,12.2437340894,13.0789453142,23.0863824569,28.9553232568,0.00712,-6.3045141546,51111213.1,1.2052296407,-7.2459814227,0.006708651,1,0.0063743583,0.0001895503"
2026-05-03T01:00:00.000-03:00,"CSV=1777780800000,0.006123,0.006204,0.006105,0.006152,26830739,0.00646142,0.0068517833,0.0060710567,5.6972507137,12.0828942036,12.6340499998,22.3010726988,28.8697255404,0.00712,-3.3767865557,41537675.9,0.6459374151,-5.5577185415,0.0066959859,1,0.0063721458,0.0001804953"
2026-05-03T02:00:00.000-03:00,"CSV=1777784400000,0.006154,0.006202,0.006088,0.006152,27751625,0.00646512,0.0068516373,0.0060786027,5.6412392715,11.9570016136,12.1251807484,22.0034698673,28.874695237,0.007117,-4.516529567,40744233.9,0.6811178502,-4.7305753306,0.0066665373,1,0.0063699553,0.0001738458"
2026-05-03T03:00:00.000-03:00,"CSV=1777788000000,0.006149,0.006175,0.006078,0.006125,27042563,0.00646792,0.0068514445,0.0060843955,5.5977179523,11.8592852437,11.6957226609,21.5892768563,28.9312997193,0.007117,-5.8416602613,41176002.6,0.6567554229,-4.4325642388,0.0066249836,1,0.0063675179,0.0001661612"
2026-05-03T04:00:00.000-03:00,"CSV=1777791600000,0.006128,0.006138,0.006007,0.006068,60921783,0.00647002,0.0068510535,0.0060889865,5.5616769692,11.7784322946,11.1255369498,23.1790288015,29.3449929737,0.007117,-5.7763975155,44839201.3,1.3586723499,-5.5711200214,0.0065604352,1,0.0063645377,0.0001626451"
2026-05-03T05:00:00.000-03:00,"CSV=1777795200000,0.006068,0.006151,0.00604,0.006125,31263645,0.00647426,0.0068502173,0.0060983027,5.4882532863,11.6139072172,11.1503810318,22.1966226489,29.5970027679,0.007117,-4.3417148212,45675367.5,0.6844749525,-4.7046783629,0.0065604352,1,0.0063621542,0.0001574806"
2026-05-03T06:00:00.000-03:00,"CSV=1777798800000,0.006126,0.006163,0.006081,0.006124,31140631,0.00647868,0.0068491543,0.0061082057,5.4090519407,11.4367221211,11.2634565839,21.4761678715,29.7034515009,0.007117,-4.0275818837,46832100.3,0.664942012,-4.0291550424,0.0065604352,1,0.0063597845,0.0001499325"
2026-05-03T07:00:00.000-03:00,"CSV=1777802400000,0.006123,0.006166,0.006105,0.006137,29323027,0.00648218,0.0068485606,0.0061157994,5.3497453598,11.3042387051,11.1034391616,20.9345868622,29.7689462099,0.006949,-3.460751927,46327051.3,0.6329569048,-3.4162723043,0.0065586178,1,0.0063575677,0.0001410393"
2026-05-03T08:00:00.000-03:00,"CSV=1777806000000,0.006136,0.006188,0.006083,0.006094,29675938,0.0064849,0.0068478679,0.0061219321,5.3004511318,11.1942479033,10.6099879547,20.0042267275,29.830074605,0.006716,-2.8844621514,40823497.7,0.7269327635,-2.9764515505,0.006547806,1,0.0063549452,0.0001374353"
2026-05-03T09:00:00.000-03:00,"CSV=1777809600000,0.006092,0.006144,0.006088,0.006116,23599228,0.00648856,0.0068468367,0.0061302833,5.2327327131,11.0433335536,10.3472200401,19.5088002518,29.8871277737,0.00667,-0.5690131686,34914992.8,0.6759052804,-2.1125007021,0.0065038754,1,0.0063525676,0.0001292918"
2026-05-03T10:00:00.000-03:00,"CSV=1777813200000,0.006115,0.00625,0.006097,0.006209,49661698,0.00649486,0.0068453105,0.0061444095,5.1195699003,10.7916245634,14.3309725143,18.1900630015,28.6857488594,0.006586,1.404540258,33721087.7,1.4727193394,-0.7188359344,0.0065038754,1,0.0063511391,0.0001316626"
2026-05-03T11:00:00.000-03:00,"CSV=1777816800000,0.006207,0.006274,0.006157,0.006167,37082750,0.00650058,0.0068432112,0.0061579488,5.006877967,10.5415589251,14.6553816886,17.235490304,27.3127275897,0.006526,0.2438231469,34746288.8,1.0672434749,-0.3924844021,0.0065038754,1,0.0063493068,0.0001301964"
2026-05-03T12:00:00.000-03:00,"CSV=1777820400000,0.00617,0.00618,0.00609,0.006108,32453882,0.00650374,0.0068419793,0.0061655007,4.9435878227,10.4013768445,14.0478022592,19.6072459127,26.5931390641,0.006526,-0.7152145644,35216514.5,0.9215529265,-0.4813589597,0.0065038754,1,0.0063469058,0.0001261767"
2026-05-03T13:00:00.000-03:00,"CSV=1777824000000,0.00611,0.006178,0.006104,0.006131,24038555,0.00650592,0.0068413872,0.0061704528,4.9034974135,10.3126766602,13.552821761,18.9163759695,25.9215231069,0.006511,0.0979591837,34916113.7,0.6884659389,-0.2984254527,0.0065038754,1,0.0063447575,0.000120959"
2026-05-03T14:00:00.000-03:00,"CSV=1777827600000,0.006131,0.006135,0.006057,0.006104,28489700,0.00650528,0.0068414821,0.0061690779,4.9141703554,10.3362832796,13.0341546857,20.4984608709,25.6774108232,0.006492,0.593276203,31672905.4,0.8994975245,-0.0210668098,0.0064459894,1,0.0063423619,0.0001166631"
2026-05-03T15:00:00.000-03:00,"CSV=1777831200000,0.006105,0.006106,0.00602,0.006066,39119803,0.00650082,0.0068413134,0.0061603266,4.9770178495,10.4753981338,12.4703798244,21.4727406343,25.7337101694,0.006477,-0.9632653061,32458521.2,1.2052244389,-0.4010281692,0.0064037905,1,0.006339612,0.0001135968"
2026-05-03T16:00:00.000-03:00,"CSV=1777834800000,0.006067,0.006085,0.006027,0.006036,15629071,0.00649518,0.0068409496,0.0061494104,5.0544096325,10.6469602494,12.0924341892,20.8219562385,25.7862562258,0.006413,-1.4369693011,30907365.2,0.5056746474,-0.5095650944,0.0063801114,1,0.006336591,0.0001080371"
2026-05-03T17:00:00.000-03:00,"CSV=1777838400000,0.006036,0.006064,0.00601,0.006063,17775275,0.00649004,0.0068402571,0.0061398229,5.1199410152,10.7924490562,11.7375742332,21.1347665957,25.9729676689,0.006369,-1.2058008799,29752590,0.5974362232,-0.5798397708,0.0063449003,1,0.0063338687,0.0001026334"
2026-05-03T18:00:00.000-03:00,"CSV=1777842000000,0.006063,0.006067,0.005928,0.005975,54249678,0.00647944,0.0068369879,0.0061218921,5.2296119163,11.0363838791,10.8587400103,23.9693335827,26.7510199428,0.00634,-1.9527404004,32209964,1.6842514323,-1.4828617859,0.0063163103,1,0.0063302979,0.0001062701"
2026-05-03T19:00:00.000-03:00,"CSV=1777845600000,0.005975,0.005999,0.005945,0.005976,20390468,0.00646606,0.0068296289,0.0061024911,5.3234062065,11.2454535871,10.5305525733,23.2449001634,27.4772020652,0.006274,-2.2890778286,31889088,0.639418349,-1.4764673126,0.0062751292,1,0.0063267725,0.0001010431"
2026-05-03T20:00:00.000-03:00,"CSV=1777849200000,0.005975,0.005994,0.005917,0.005932,17964562,0.00644962,0.0068183452,0.0060808948,5.4078400605,11.4340132712,10.0657701303,23.8239161473,28.3518454405,0.006274,-4.4612659043,28719374.4,0.625520659,-1.9145162045,0.0062514163,1,0.0063228444,0.0000986388"
2026-05-03T21:00:00.000-03:00,"CSV=1777852800000,0.005931,0.00596,0.00586,0.005926,50537857,0.00643322,0.0068066046,0.0060598354,5.4856218617,11.6080155629,9.4833544804,25.7435179452,29.5389496045,0.006274,-3.9078968704,30064885.1,1.6809595923,-3.4660163797,0.0062063247,1,0.0063188957,0.0000987749"
2026-05-03T22:00:00.000-03:00,"CSV=1777856400000,0.005928,0.005963,0.005904,0.005958,29162295,0.00641876,0.0067962461,0.0060412739,5.5543321683,11.7619628212,9.3281460646,24.8351373885,30.5957403448,0.006274,-2.4557956778,29735726.4,0.9807157427,-3.1134900805,0.0062063247,1,0.0063153047,0.0000947974"
2026-05-03T23:00:00.000-03:00,"CSV=1777860000000,0.005959,0.006003,0.005919,0.005987,31137592,0.00640118,0.0067778955,0.0060244645,5.5580006287,11.7701884029,11.2839134578,23.5666440928,30.905624347,0.006274,-2.3487196216,30445630.1,1.0227277904,-2.8763603299,0.0062063247,1,0.006312038,0.0000937177"
2026-05-04T00:00:00.000-03:00,"CSV=1777863600000,0.005986,0.006008,0.005891,0.005947,40578399,0.00637996,0.0067517465,0.0060081735,5.5065240792,11.6548238395,10.4847262834,23.5924939194,31.4095758542,0.006274,-2.5720838794,31654500,1.2819156518,-3.0166384142,0.0062063247,1,0.0063084058,0.0000960459"
2026-05-04T01:00:00.000-03:00,"CSV=1777867200000,0.005946,0.006072,0.005937,0.005989,41672389,0.00635792,0.0067194237,0.0059964163,5.3799805024,11.3717594457,13.4573529177,21.6930740057,30.8775995901,0.006274,-1.2693702605,31909758.6,1.3059449782,-2.5636681819,0.0062063247,1,0.0063052276,0.0000999413"
2026-05-04T02:00:00.000-03:00,"CSV=1777870800000,0.005989,0.006079,0.005986,0.006041,29084540,0.00633726,0.0066865613,0.0059879587,5.2239309677,11.0237342,13.1247094006,20.4762970932,30.2776976097,0.006274,0.0828363154,33255305.5,0.8745834556,-1.6849630309,0.0062063247,1,0.0063025985,0.0000992472"
2026-05-04T03:00:00.000-03:00,"CSV=1777874400000,0.006041,0.006096,0.005986,0.005999,31671881,0.00632174,0.0066684771,0.0059750029,5.1996447842,10.9696736311,13.2793292523,19.1173851587,29.4605523342,0.006274,-1.0555830447,34644966.1,0.914184211,-1.4449744716,0.0062063247,1,0.0062995776,0.0001003225"
2026-05-04T04:00:00.000-03:00,"CSV=1777878000000,0.005999,0.006053,0.005952,0.005987,24789195,0.00630288,0.0066415721,0.0059641879,5.0995773998,10.747217473,12.4654855586,20.0088575234,29.0450963809,0.006274,0.2008368201,31698917.8,0.7820202304,-0.9109634956,0.0062063247,1,0.0062964674,0.0001003902"
2026-05-04T05:00:00.000-03:00,"CSV=1777881600000,0.005987,0.006019,0.005963,0.00601,20615002,0.00628714,0.0066207522,0.0059535278,5.038886248,10.6125255885,12.0275872613,19.3059691682,28.6573374913,0.006274,0.5689424364,31721371.2,0.6498773924,-0.4840613881,0.0062063247,1,0.006293617,0.0000959512"
2026-05-04T06:00:00.000-03:00,"CSV=1777885200000,0.00601,0.00615,0.00596,0.006134,58298043,0.00627404,0.0066004711,0.0059476089,4.9455722049,10.4057692411,18.4731712764,17.1197652909,27.0003454356,0.006274,3.4052596089,35754719.3,1.6304992499,1.528050154,0.0062063247,1,0.0062920287,0.0001053561"
2026-05-04T07:00:00.000-03:00,"CSV=1777888800000,0.006133,0.006168,0.005997,0.00615,62445374,0.00625582,0.0065626536,0.0059489864,4.6754504119,9.8095410513,17.6908376511,15.4343982843,25.6544453339,0.00618,3.7799527506,36945471,1.69020376,3.1483302199,0.0062063247,1,0.0062906155,0.0001119205"
2026-05-04T08:00:00.000-03:00,"CSV=1777892400000,0.006149,0.006155,0.00605,0.006071,25888989,0.00623886,0.0065316846,0.0059460354,4.4831403873,9.387118474,16.6147517294,14.495565481,24.3982719057,0.006178,1.8966096005,36618140.4,0.7069990097,2.5458538497,0.0062063247,1,0.0062884303,0.0001112284"
2026-05-04T09:00:00.000-03:00,"CSV=1777896000000,0.006071,0.006117,0.006019,0.006098,21140662,0.00622414,0.0065049292,0.0059433508,4.3165600542,9.0225854268,15.6620702545,15.4781974299,22.8110848735,0.006168,1.8540170369,35618447.4,0.593531261,2.0640415898,0.0062063247,1,0.0062865355,0.0001099056"
2026-05-04T10:00:00.000-03:00,"CSV=1777899600000,0.006097,0.006102,0.006011,0.00607,34433024,0.00620804,0.0064737206,0.0059423594,4.1039855631,8.5592411473,14.8168161352,15.1173125277,21.3572698036,0.006168,2.0682697158,35003909.9,0.9836907962,2.054207021,0.0062063247,1,0.0062843809,0.000108015"
2026-05-04T11:00:00.000-03:00,"CSV=1777903200000,0.006069,0.006117,0.006014,0.006108,21407653,0.0061893,0.0064268397,0.0059517603,3.6960570423,7.6758166464,14.8012313317,14.18868946,20.0743149983,0.006168,1.9869761229,32977436.3,0.6491606202,1.7994268981,0.0062063247,1,0.0062826258,0.0001075135"
2026-05-04T12:00:00.000-03:00,"CSV=1777906800000,0.00611,0.006115,0.006,0.006068,44362857,0.00616986,0.0063744758,0.0059652442,3.2099241004,6.632754589,13.788040469,14.050771674,18.7989445769,0.006168,0.4469458699,34505268,1.2856835947,1.3911615896,0.0062063247,1,0.0062804903,0.0001082622"
2026-05-04T13:00:00.000-03:00,"CSV=1777910400000,0.006068,0.006163,0.006007,0.006162,30523541,0.00615434,0.0063270456,0.0059816344,2.7296405191,5.6124816104,15.3246371317,12.7793432005,18.1494617817,0.006168,2.7171195199,34390434,0.887559052,1.7313090682,0.0062063247,1,0.0062793113,0.0001130359"
2026-05-04T14:00:00.000-03:00,"CSV=1777914000000,0.006161,0.006253,0.006144,0.006171,50089505,0.00614554,0.0063054918,0.0059855882,2.5367056978,5.2054585595,19.5908769442,11.9685704217,18.5496455285,0.006253,3.0733255387,36920465,1.3566867319,2.5440527058,0.0062063247,1,0.0062782335,0.0001126324"
2026-05-04T15:00:00.000-03:00,"CSV=1777917600000,0.006172,0.006263,0.006116,0.006158,44637841,0.00613748,0.0062860417,0.0059889183,2.3633580107,4.8411292371,17.9457261141,12.5630360373,18.4892088675,0.006263,2.462562396,39322748.9,1.1351658327,2.6278407015,0.0062063247,1,0.0062770372,0.0001160691"
2026-05-04T16:00:00.000-03:00,"CSV=1777921200000,0.006158,0.006218,0.00611,0.006191,27614028,0.0061306,0.0062681503,0.0059930497,2.1944317786,4.4873350639,16.833012662,12.1285416208,18.3395181856,0.006263,0.929246821,36254347.4,0.7616749433,1.9878218076,0.0062063247,1,0.0062761811,0.0001152622"
2026-05-04T17:00:00.000-03:00,"CSV=1777924800000,0.006191,0.006258,0.006104,0.006131,46164176,0.00612588,0.0062592221,0.0059925379,2.1303296328,4.3534010585,17.6240013091,11.0790366697,18.6370397163,0.006263,-0.3089430894,34626227.6,1.3332141327,1.187918774,0.0062063247,1,0.0062747365,0.000119136"
2026-05-04T18:00:00.000-03:00,"CSV=1777928400000,0.006131,0.006165,0.00606,0.006165,35654891,0.00612032,0.0062458927,0.0059947473,2.0104840896,4.1034677454,16.5761687938,12.9117758214,18.2230203601,0.006263,1.548344589,35602817.8,1.0014626146,1.3088155895,0.0062063247,1,0.0062736446,0.0001177224"
2026-05-04T19:00:00.000-03:00,"CSV=1777932000000,0.006166,0.006211,0.006125,0.006179,30257274,0.0061138,0.0062270929,0.0060005071,1.8193544991,3.7061367642,18.4065512976,12.2715136196,18.3413606495,0.006263,1.3283043621,36514479,0.8286377029,1.2394380848,0.0062063247,1,0.0062727029,0.0001145501"
2026-05-04T20:00:00.000-03:00,"CSV=1777935600000,0.006177,0.006185,0.006102,0.006144,23136615,0.00610788,0.0062112741,0.0060044859,1.6646202594,3.3855978668,17.5087703246,13.0245681307,18.0976865571,0.006263,1.2191103789,35384838.1,0.6538567432,1.0919999038,0.0062063247,1,0.0062714222,0.0001113951"
2026-05-04T21:00:00.000-03:00,"CSV=1777939200000,0.006145,0.00625,0.006129,0.006195,22061090,0.00610372,0.0061990244,0.0060084156,1.5374090725,3.1228287983,20.0721503016,12.1025383664,18.5424953427,0.006263,1.4243614931,35450181.8,0.6223124644,1.0234659062,0.0062063247,1,0.0062706618,0.0001123556"
2026-05-04T22:00:00.000-03:00,"CSV=1777942800000,0.006195,0.006216,0.006125,0.006148,19445309,0.00609906,0.006186024,0.006012096,1.4058140563,2.8517179647,18.9889664387,11.6866374099,18.8933293197,0.006263,1.3183915623,32958427,0.5899950565,0.9415921056,0.0062063247,1,0.0062694413,0.0001102201"
2026-05-04T23:00:00.000-03:00,"CSV=1777946400000,0.006149,0.00619,0.006112,0.006179,20684416,0.0060955,0.0061751694,0.0060158306,1.2901569887,2.6140391867,18.0923244312,11.9217899362,19.0043590881,0.006263,0.2758844531,31974514.5,0.6469032079,0.6872182496,0.0062063247,1,0.0062685414,0.0001069981"
2026-05-05T00:00:00.000-03:00,"CSV=1777950000000,0.006178,0.006264,0.006103,0.006141,43473968,0.00609282,0.0061685632,0.0060170768,1.2278899737,2.4863090874,20.7275550153,10.7945489964,19.838151185,0.006264,-0.4861448712,31312960.8,1.3883697641,0.233162553,0.0062063247,1,0.0062672723,0.0001123982"
2026-05-05T01:00:00.000-03:00,"CSV=1777953600000,0.006139,0.006167,0.006068,0.006104,27467183,0.00609188,0.0061671857,0.0060165743,1.2210704356,2.472329759,19.5120658735,12.2347179517,20.0438146323,0.006264,-0.876908087,29595895,0.9280740792,-0.1158368531,0.0062063247,1,0.0062656477,0.0001110584"
2026-05-05T02:00:00.000-03:00,"CSV=1777957200000,0.006101,0.006133,0.006064,0.006111,19302082,0.00609164,0.0061668652,0.0060164148,1.2198288027,2.4697847511,18.6934690955,11.9646382912,20.1707580174,0.006264,-1.2921983524,28764700.4,0.6710336535,-0.3662607626,0.0062063247,1,0.0062641089,0.0001068526"
2026-05-05T03:00:00.000-03:00,"CSV=1777960800000,0.006112,0.006116,0.006032,0.006059,18920822,0.00608978,0.0061646386,0.0060149214,1.2143227763,2.4584996741,17.7236020852,13.3203634687,19.7716327722,0.006264,-1.1743598108,26040365,0.726595883,-0.5286021763,0.0062063247,1,0.006262068,0.0001045673"
2026-05-05T04:00:00.000-03:00,"CSV=1777964400000,0.006059,0.006093,0.006031,0.00604,16609463,0.00608754,0.0061621787,0.0060129013,1.2112380442,2.4521777987,17.0250692942,12.8589423174,19.3829232332,0.006264,-2.0275750203,24135822.2,0.6881664466,-0.8175044832,0.0062063247,1,0.0062598584,0.0001003106"
2026-05-05T05:00:00.000-03:00,"CSV=1777968000000,0.006041,0.006113,0.006024,0.006076,15898141,0.00608656,0.0061610218,0.0060120982,1.2085957027,2.4467628763,17.3363716002,12.124017518,19.2702452635,0.006264,-1.6669363975,22699908.9,0.7003614451,-0.9341556502,0.0062063247,1,0.006258029,0.0000991795"
2026-05-05T06:00:00.000-03:00,"CSV=1777971600000,0.006075,0.006107,0.006025,0.006084,14436947,0.00608688,0.0061612958,0.0060124642,1.2077940201,2.445120054,16.4105085282,11.476524469,19.1650791585,0.006264,-0.9765625,21829942.1,0.661336935,-0.8380493836,0.0062063247,1,0.0062562973,0.0000974616"
2026-05-05T07:00:00.000-03:00,"CSV=1777975200000,0.006085,0.006107,0.006042,0.006049,18377047,0.00608536,0.0061597578,0.0060109622,1.2078037402,2.4451399724,15.6984619753,10.9785618573,19.0669241271,0.006264,-2.3567393059,21461537.8,0.856278202,-1.2313744209,0.0062063247,1,0.0062542347,0.0000942154"
2026-05-05T08:00:00.000-03:00,"CSV=1777978800000,0.006049,0.0061,0.006042,0.006068,12449185,0.00608424,0.006158469,0.006010011,1.2053155811,2.440041361,15.0731894209,10.5412837706,18.9753127645,0.006264,-1.3012361744,20761925.4,0.5996161127,-1.0809970061,0.0062063247,1,0.0062523816,0.0000905939"
2026-05-05T09:00:00.000-03:00,"CSV=1777982400000,0.006067,0.006097,0.006045,0.006068,14553593,0.00608286,0.0061567358,0.0060089842,1.1999190214,2.4289838824,14.5177334338,10.1528311998,18.8898088261,0.006264,-1.7964071856,20148843.1,0.7223041506,-1.1531821262,0.0062063247,1,0.006250547,0.0000867345"
2026-05-05T10:00:00.000-03:00,"CSV=1777986000000,0.006068,0.006098,0.006024,0.006081,22471393,0.0060826,0.0061564591,0.0060087409,1.1997002547,2.4285356578,13.7454191241,11.1223937663,18.3336797807,0.006264,-0.9770395701,18048585.6,1.245050083,-1.1742758167,0.0062063247,1,0.0062488599,0.000085461"
2026-05-05T11:00:00.000-03:00,"CSV=1777989600000,0.006081,0.00616,0.006062,0.006126,18287403,0.0060828,0.0061567627,0.0060088373,1.2013244132,2.4318633951,17.2210102457,10.341760058,18.7753335336,0.006264,0.3604193971,17130607.6,1.0675279842,-0.654597947,0.0062063247,1,0.0062476374,0.0000867149"
2026-05-05T12:00:00.000-03:00,"CSV=1777993200000,0.006126,0.006179,0.00611,0.006122,30630054,0.00608106,0.0061530298,0.0060090902,1.1696648932,2.3670159409,17.739699954,9.8217358941,19.4388723922,0.006264,0.1800032728,18263404.8,1.6771272572,-0.3357691663,0.0062063247,1,0.0062463873,0.0000849434"
2026-05-05T13:00:00.000-03:00,"CSV=1777996800000,0.006123,0.006124,0.00604,0.006086,22040837,0.00607944,0.0061503611,0.0060085189,1.1531213622,2.3331467379,16.6478082867,14.346429147,18.6379598286,0.006264,0.4456180888,18575406.3,1.1865601562,-0.0475952212,0.0062063247,1,0.0062447914,0.0000848491"
2026-05-05T14:00:00.000-03:00,"CSV=1778000400000,0.006086,0.006195,0.00606,0.006191,19413008,0.0060811,0.0061536234,0.0060085766,1.1785486249,2.3852080868,20.0923940451,12.971612008,18.8311862372,0.006264,2.5,18855760.8,1.0295531539,0.8262308141,0.0062063247,1,0.0062442562,0.0000898642"
2026-05-05T15:00:00.000-03:00,"CSV=1778004000000,0.006192,0.006222,0.006142,0.006214,16784807,0.00608276,0.0061573277,0.0060081923,1.2110400332,2.4517720069,20.875721692,12.2276293258,19.3174086509,0.006264,2.2712310731,18944427.4,0.8860023397,1.2215925576,0.0059153667,-1,0.0062439551,0.0000888778"
2026-05-05T16:00:00.000-03:00,"CSV=1778007600000,0.006214,0.006226,0.006136,0.006174,13574678,0.00608416,0.0061597633,0.0060085567,1.2273729762,2.4852492298,19.5258439499,11.8680432081,19.655758016,0.006264,1.4792899408,18858200.5,0.7198289147,1.1693402626,0.0059153667,-1,0.0062432591,0.00008899"
2026-05-05T17:00:00.000-03:00,"CSV=1778011200000,0.006175,0.00629,0.006171,0.006285,14053256,0.00608854,0.0061691428,0.0060079372,1.306547513,2.6476883321,22.4005101717,10.8721010978,20.6552638011,0.00629,3.9014713176,18425821.4,0.7626935969,1.7714359059,0.005954527,-1,0.0062436744,0.000091991"
2026-05-05T18:00:00.000-03:00,"CSV=1778014800000,0.00629,0.006312,0.006216,0.006251,20750363,0.00609284,0.0061762125,0.0060094675,1.3498969442,2.7367370179,22.4354171891,10.1368345146,21.7954363647,0.006312,3.0158206987,19255939.2,1.0776084607,2.2642485709,0.0059868243,-1,0.0062437473,0.0000923919"
2026-05-05T19:00:00.000-03:00,"CSV=1778018400000,0.006252,0.0063,0.006171,0.006227,33276680,0.00609612,0.0061814569,0.0060107831,1.3805304505,2.7997117746,20.4447659022,12.3325780069,21.9923656347,0.006312,2.6203032301,21128247.9,1.5749853068,2.8851454095,0.0059868243,-1,0.0062435806,0.0000960527"
2026-05-05T20:00:00.000-03:00,"CSV=1778022000000,0.006224,0.00623,0.006164,0.006187,13194070,0.00610036,0.006184836,0.006015884,1.3658563561,2.7695406593,19.4964895733,12.252498069,22.0473045112,0.006312,1.7431343529,20200515.6,0.6531551106,2.3029426433,0.0059868243,-1,0.0062430176,0.0000930474"
2026-05-05T21:00:00.000-03:00,"CSV=1778025600000,0.006185,0.006211,0.006148,0.006187,18989108,0.00610458,0.0061880018,0.0060211582,1.3481224376,2.7330902786,18.6135289736,12.8477807786,21.7992490258,0.006312,0.995755795,20270686.1,0.9367767774,1.8462287304,0.0059868243,-1,0.0062424603,0.0000900427"
2026-05-05T22:00:00.000-03:00,"CSV=1778029200000,0.006188,0.006235,0.006181,0.006215,6541247,0.00611024,0.0061913285,0.0060291515,1.3097105928,2.6541833055,19.644968659,12.3347633062,21.8698904234,0.006312,1.5191114015,17861805.4,0.3662142126,1.4162592155,0.0059868243,-1,0.006242187,0.0000864384"
2026-05-05T23:00:00.000-03:00,"CSV=1778032800000,0.006216,0.006234,0.006153,0.00619,12263761,0.00611552,0.0061929526,0.0060380874,1.2503343416,2.532331291,18.4602990343,13.6755098161,21.4045161168,0.006312,1.7088399606,16884097.8,0.7263497964,1.3579113295,0.0059868243,-1,0.0062416677,0.0000858946"
2026-05-06T00:00:00.000-03:00,"CSV=1778036400000,0.006189,0.006202,0.006158,0.006192,7819717,0.0061202,0.0061949973,0.0060454027,1.2073827028,2.4442771855,17.8343568151,13.2118077414,20.970166764,0.006312,0.0161524794,15724768.7,0.4972866151,0.9079516903,0.0059868243,-1,0.0062411735,0.0000817051"
2026-05-06T01:00:00.000-03:00,"CSV=1778040000000,0.006192,0.00621,0.006067,0.00612,25323253,0.00612286,0.0061951975,0.0060505225,1.1676390359,2.362867839,15.9510100652,18.5367501793,20.0719929018,0.006312,-1.5127132282,16578613.3,1.5274650866,-0.1649044205,0.0059868243,-1,0.0062399678,0.0000878346"
2026-05-06T02:00:00.000-03:00,"CSV=1778043600000,0.00612,0.006151,0.006088,0.006129,13209024,0.0061265,0.0061943358,0.0060586642,1.0951256145,2.2145028167,15.193649523,17.6566176291,19.2336972971,0.006312,-0.7288629738,16542047.9,0.7985120149,-0.3039382276,0.0059868243,-1,0.0062388637,0.0000853511"
2026-05-06T03:00:00.000-03:00,"CSV=1778047200000,0.00613,0.006216,0.006124,0.006158,22028329,0.00612988,0.0061949337,0.0060648263,1.0501115299,2.1225118009,19.0287092805,16.4356297923,18.4389037575,0.006312,-2.0206841687,17339555.2,1.2704091164,-1.0583240148,0.0059868243,-1,0.0062380591,0.000086016"
2026-05-06T04:00:00.000-03:00,"CSV=1778050800000,0.006158,0.006227,0.006014,0.006096,68890641,0.00613098,0.006194978,0.006066982,1.0330620375,2.0876912204,16.2425111385,21.5907480046,18.1520659482,0.006312,-2.4796032635,22153583,3.1096839279,-3.2758101485,0.0059868243,-1,0.0062366455,0.0000987144"
2026-05-06T05:00:00.000-03:00,"CSV=1778054400000,0.006095,0.006162,0.006091,0.006141,18001077,0.00613382,0.0061949862,0.0060726538,0.987350528,1.9943927029,15.4353484576,20.5178076264,17.8843506595,0.006312,-1.3810823832,20626022.7,0.8727362159,-2.58564697,0.0059868243,-1,0.0062356938,0.000095943"
2026-05-06T06:00:00.000-03:00,"CSV=1778058000000,0.006143,0.006182,0.006097,0.006159,13915041,0.00613726,0.0061948016,0.0060797184,0.9288686716,1.8751550711,15.9203706727,19.2883148332,17.3297714743,0.006312,-0.4525618232,20698119.8,0.6722852672,-1.8251815287,0.0059868243,-1,0.0062349307,0.0000948487"
2026-05-06T07:00:00.000-03:00,"CSV=1778061600000,0.006162,0.006166,0.0061,0.006128,15024084,0.00613962,0.0061942394,0.0060850006,0.8817768724,1.7792426955,15.1643941125,18.3724119186,16.8121642348,0.006312,-0.9536124131,20301617.4,0.7400436972,-1.4520259711,0.0059868243,-1,0.0062338667,0.0000919638"
2026-05-06T08:00:00.000-03:00,"CSV=1778065200000,0.006126,0.00614,0.006081,0.00611,13720072,0.00613914,0.0061939119,0.0060843681,0.8842859761,1.7843507153,14.5047107561,18.9740888378,16.5813449892,0.006312,-1.6894609815,21019499.9,0.652730658,-1.3356049734,0.0059868243,-1,0.0062326342,0.0000886674"
2026-05-06T09:00:00.000-03:00,"CSV=1778068800000,0.006115,0.006129,0.006065,0.006095,15501353,0.00613804,0.0061931341,0.0060829459,0.8895994504,1.7951687117,13.8066549844,19.264092695,16.5760760724,0.006312,-1.534733441,21343259.1,0.7262880016,-1.2619561436,0.0059868243,-1,0.0062312647,0.0000862007"
2026-05-06T10:00:00.000-03:00,"CSV=1778072400000,0.006094,0.00611,0.006033,0.006057,32109253,0.00613776,0.0061932284,0.0060822916,0.89562967,1.8074473749,13.0001564144,20.5663893409,16.9737372401,0.006312,-2.1802325581,23772212.7,1.3507052711,-1.8229212986,0.0059868243,-1,0.0062295308,0.0000852806"
2026-05-06T11:00:00.000-03:00,"CSV=1778076000000,0.006059,0.006079,0.005875,0.006039,60485330,0.00613658,0.0061934905,0.0060796695,0.9188758378,1.8547949382,11.1511535243,28.6570437841,18.7738608621,0.006312,-1.3235294118,27288420.4,2.2165200152,-2.193157343,0.0059868243,-1,0.0062276349,0.0000971526"
2026-05-06T12:00:00.000-03:00,"CSV=1778079600000,0.006039,0.006081,0.00601,0.006032,18115994,0.00613582,0.0061938571,0.0060777829,0.9370110006,1.891747887,10.7313913062,27.2137056062,20.418088156,0.006312,-1.5826399086,27779117.4,0.6521443334,-1.8061414448,0.0059868243,-1,0.0062256883,0.0000945373"
2026-05-06T13:00:00.000-03:00,"CSV=1778083200000,0.006036,0.006143,0.00603,0.00614,20221832,0.00613646,0.0061943631,0.0060785569,0.9347707588,1.8871823464,14.2222126904,25.0613022317,20.8963459085,0.006312,-0.2923026957,27598467.7,0.7327157515,-1.275485893,0.0059868243,-1,0.0062248357,0.0000963836"
2026-05-06T14:00:00.000-03:00,"CSV=1778086800000,0.006141,0.006235,0.006133,0.006198,35763684,0.00613906,0.006196749,0.006081371,0.9309552944,1.879407028,19.6207238371,23.2805093481,20.0719710704,0.0063,1.6732283465,24285772,1.4726187827,-0.0289814317,0.0059868243,-1,0.0062245687,0.0000969452"
2026-05-06T15:00:00.000-03:00,"CSV=1778090400000,0.006197,0.006495,0.006197,0.006459,101376461,0.006145,0.006218003,0.006071997,1.1740588333,2.3760134625,31.9259566466,19.04448597,20.4186684953,0.006495,5.1783097215,32623310.4,3.1074854071,5.3445196766,0.0059948479,-1,0.0062269013,0.0001170507"
2026-05-06T16:00:00.000-03:00,"CSV=1778094000000,0.006459,0.006526,0.006355,0.006411,75499526,0.0061498,0.0062317024,0.0060678976,1.3142858229,2.6635786828,30.5377645724,17.1283573601,20.9328869299,0.006526,4.0915733074,38781758.9,1.9467793143,6.2181432104,0.0060731631,-1,0.0062287331,0.0001224456"
2026-05-06T17:00:00.000-03:00,"CSV=1778097600000,0.006411,0.006478,0.006352,0.006392,36215491,0.00615448,0.0062431252,0.0060658348,1.4198848604,2.8806719456,28.2905983832,16.0431479379,21.3790658496,0.006526,4.3080939948,40900899.6,0.8854448522,5.416955357,0.0060731631,-1,0.0062303577,0.0001228011"
2026-05-06T18:00:00.000-03:00,"CSV=1778101200000,0.00639,0.006399,0.006321,0.006358,26974342,0.00615782,0.0062508176,0.0060648224,1.4877664674,3.0204704817,26.9740657112,17.1460728585,21.4388298467,0.006526,4.0589198036,42226326.6,0.6388038973,4.4755881678,0.0060731631,-1,0.0062316278,0.000118321"
2026-05-06T19:00:00.000-03:00,"CSV=1778104800000,0.006358,0.006377,0.006306,0.006322,32535749,0.00616164,0.0062573409,0.0060659391,1.5294187004,3.1063464442,25.8029860333,17.318894506,21.3212197829,0.006526,3.724364233,43929766.2,0.740631053,3.9031853798,0.0060731631,-1,0.006232527,0.0001135889"
2026-05-06T20:00:00.000-03:00,"CSV=1778108400000,0.006322,0.006322,0.006235,0.006288,33420785,0.0061641,0.0062614228,0.0060667772,1.5543242528,3.1577298667,24.4115613046,20.7857457598,20.4346180477,0.006526,3.8137691927,44060919.4,0.7585131099,3.5663882301,0.0060731631,-1,0.006233079,0.00011093"
2026-05-06T21:00:00.000-03:00,"CSV=1778112000000,0.006288,0.006354,0.006241,0.006302,23291510,0.00616656,0.0062657647,0.0060673553,1.5832811234,3.2175043864,24.6842908149,19.3347979154,19.8824879218,0.006526,4.3550256665,40341537.4,0.5773580161,3.2157284797,0.0060731631,-1,0.0062337647,0.000111137"
2026-05-06T22:00:00.000-03:00,"CSV=1778115600000,0.006301,0.006316,0.006208,0.006226,18228988,0.0061682,0.0062676955,0.0060687045,1.5874339636,3.2260798138,23.037529591,20.0833674701,19.0137142471,0.006526,3.2161803714,40352836.8,0.4517399381,2.6281113605,0.0060731631,-1,0.0062336875,0.0001108233"
2026-05-06T23:00:00.000-03:00,"CSV=1778119200000,0.006227,0.006392,0.006177,0.006372,40658955,0.00617174,0.006275196,0.006068284,1.6486503407,3.3525728856,24.5711364027,17.5816032296,18.8515629379,0.006526,3.7785016287,42396549.1,0.9590156714,2.9599549991,0.0060731631,-1,0.0062350637,0.000121241"
2026-05-07T00:00:00.000-03:00,"CSV=1778122800000,0.006372,0.006443,0.006322,0.006385,25047151,0.00617648,0.0062840858,0.0060688742,1.7123541888,3.4843731878,25.7992136762,16.3532479383,19.088728669,0.006526,3.0171022911,41324895.8,0.6061031859,2.5828617696,0.0060731631,-1,0.0062365556,0.0001212169"
2026-05-07T01:00:00.000-03:00,"CSV=1778126400000,0.00639,0.006626,0.006382,0.006612,45620209,0.00618514,0.0063088228,0.0060614572,1.9604738516,3.9993539925,32.2520222286,14.2084777824,20.4052341821,0.006626,2.368787738,35749270.6,1.2761157986,2.7295236651,0.0061035145,-1,0.0062402914,0.0001334952"
2026-05-07T02:00:00.000-03:00,"CSV=1778130000000,0.00661,0.006927,0.006593,0.006866,127796017,0.00619964,0.0063555875,0.0060436925,2.4537074488,5.030857421,41.5873300173,11.9163454593,22.7419501945,0.006927,7.0971767275,40978919.7,3.1185794534,9.1973856166,0.006299363,-1,0.0062465173,0.0001535457"
2026-05-07T03:00:00.000-03:00,"CSV=1778133600000,0.006867,0.007098,0.006748,0.007023,202548213,0.00621802,0.0064113004,0.0060247396,3.0146827361,6.2167817174,42.7021494405,10.0889843342,25.3443356436,0.007098,9.8717146433,57612191.9,3.5157178771,17.7003116273,0.0064034267,-1,0.0062542435,0.0001731911"
2026-05-07T04:00:00.000-03:00,"CSV=1778137200000,0.007024,0.007165,0.006915,0.006962,137276397,0.00623504,0.0064539205,0.0060161595,3.3914348852,7.0209817963,41.031906771,9.0293129866,27.9165076515,0.007165,9.4998427178,68642397.4,1.9998776587,18.1330488224,0.0064973841,-1,0.0062612859,0.000180872"
2026-05-07T05:00:00.000-03:00,"CSV=1778140800000,0.006962,0.007224,0.006667,0.007135,185147451,0.00625656,0.0065076065,0.0060055135,3.8577388487,8.0250636974,32.8064292951,16.1448170132,28.3245509036,0.007224,12.8598544764,83903567.6,2.2066695886,21.547849144,0.0064973841,-1,0.0062699796,0.0002184848"
2026-05-07T06:00:00.000-03:00,"CSV=1778144400000,0.007141,0.007192,0.006832,0.006975,140141573,0.00627526,0.0065436996,0.0060068204,4.102259718,8.5554877642,28.8074046531,14.1768027409,28.7053912723,0.007224,10.9255725191,94575646.4,1.4817934461,19.7617133474,0.0064973841,-1,0.0062769947,0.0002326363"
2026-05-07T07:00:00.000-03:00,"CSV=1778148000000,0.006972,0.007357,0.006923,0.007305,177164174,0.00629984,0.0066029387,0.0059967413,4.5903604728,9.6224249365,30.0604046266,12.2482956902,29.5983882092,0.007357,15.9155823548,109962912.8,1.6111266016,21.7218149355,0.0064973841,-1,0.0062872236,0.0002527727"
2026-05-07T08:00:00.000-03:00,"CSV=1778151600000,0.007311,0.007337,0.006879,0.007,183510419,0.00631816,0.006635029,0.006001291,4.7756981437,10.0304188123,26.0531883274,11.8961947864,30.1121581424,0.007357,12.4317378734,126491055.9,1.4507778253,20.4931065026,0.0064973841,-1,0.0062943159,0.0002732954"
2026-05-07T09:00:00.000-03:00,"CSV=1778155200000,0.007,0.007187,0.006915,0.007023,139953142,0.00633764,0.0066670539,0.0060082261,4.9409213526,10.3954749466,24.0160687149,10.9660218107,30.5916767467,0.007357,10.2165725047,136420474.6,1.025895434,17.1557826964,0.0064973841,-1,0.0063015665,0.0002731659"
2026-05-07T10:00:00.000-03:00,"CSV=1778158800000,0.007023,0.007265,0.006969,0.007236,145533154,0.006361,0.006711221,0.006010779,5.2184388053,11.01150633,24.2111832273,10.0498029492,31.3078207825,0.007357,13.3281127643,148469074.9,0.9802253708,15.7920398899,0.0064973841,-1,0.0063108643,0.0002754493"
2026-05-07T11:00:00.000-03:00,"CSV=1778162400000,0.007235,0.007777,0.007111,0.007436,748827927,0.00638836,0.0067669121,0.0060098079,5.5941626987,11.8513067805,33.0405578356,8.3649590057,33.1936296822,0.007777,12.4621899577,218789846.7,3.4225899341,24.7456818952,0.0065004869,-1,0.0063220597,0.0003145044"
2026-05-07T12:00:00.000-03:00,"CSV=1778166000000,0.007433,0.007659,0.007215,0.007511,577414796,0.00641696,0.0068241463,0.0060097737,5.9668465927,12.69094224,29.5070948105,7.4703835115,34.9537179885,0.007777,9.3941159336,263751724.6,2.1892360965,23.3524338289,0.0065004869,-1,0.00633389,0.0003274539"
2026-05-07T13:00:00.000-03:00,"CSV=1778169600000,0.007512,0.00775,0.007231,0.007301,396404671,0.00644046,0.0068637635,0.0060171565,6.1672214489,13.1451323177,28.0928373984,6.5880053797,36.7573242999,0.007777,3.9584223266,283137370.4,1.400043627,17.4156105364,0.0065004869,-1,0.006343513,0.0003466085"
2026-05-07T14:00:00.000-03:00,"CSV=1778173200000,0.007306,0.007453,0.007285,0.007405,101592772,0.00646612,0.0069078279,0.0060244121,6.3943088984,13.6622225062,26.9872927033,6.3287459003,38.4406901906,0.007777,6.3631140477,279569007.9,0.3633906804,12.381172472,0.0065004869,-1,0.006354075,0.0003287477"
2026-05-07T15:00:00.000-03:00,"CSV=1778176800000,0.007405,0.007433,0.006859,0.007005,269719091,0.0064845,0.0069291189,0.0060398811,6.4166736417,13.7132839606,23.5890322762,14.8771640901,37.3878518094,0.007777,-1.8220042046,288026171.9,0.9364395229,7.685382732,0.0065004869,-1,0.0063605519,0.0003532729"
2026-05-07T16:00:00.000-03:00,"CSV=1778180400000,0.007005,0.007169,0.006923,0.00713,117242109,0.00650328,0.0069548815,0.0060516785,6.4933020876,13.8884213271,22.2996496424,14.0639744351,36.4052026535,0.007777,2.2222222222,285736225.5,0.4103158737,5.4275261722,0.0065004869,-1,0.0063682081,0.0003425456"
2026-05-07T17:00:00.000-03:00,"CSV=1778184000000,0.007134,0.007143,0.006963,0.00697,77486961,0.0065184,0.0069727106,0.0060640894,6.5155527873,13.9393299774,21.3833286742,13.4860678367,35.4880634414,0.007777,-4.5859000684,275768504.2,0.2809855361,3.1888269183,0.0065004869,-1,0.0063741961,0.0003262911"
2026-05-07T18:00:00.000-03:00,"CSV=1778187600000,0.00697,0.006976,0.006722,0.006755,89143323,0.00653002,0.0069828009,0.0060772391,6.4842297704,13.8676712055,20.1325707751,18.247088386,33.4497067252,0.007777,-3.5,266331794.6,0.3347077773,1.7353922053,0.0065004869,-1,0.0063779852,0.0003190619"
2026-05-07T19:00:00.000-03:00,"CSV=1778191200000,0.006752,0.006875,0.006605,0.006682,95998571,0.00653796,0.0069898546,0.0060860654,6.4650069903,13.8237183375,18.8751473017,19.8139043484,31.3814872931,0.007777,-4.8554748683,261936337.5,0.3664958131,0.5637577336,0.0065004869,-1,0.0063810102,0.0003141558"
2026-05-07T20:00:00.000-03:00,"CSV=1778194800000,0.00668,0.006775,0.006653,0.006665,45535965,0.00654624,0.006996591,0.006095889,6.4367203852,13.759073884,18.3211664679,19.2323712311,29.4511491565,0.007777,-7.8911000553,251936618.6,0.1807437333,-0.0995838056,0.0065004869,-1,0.006383836,0.0002949402"
2026-05-07T21:00:00.000-03:00,"CSV=1778198400000,0.006666,0.006964,0.006661,0.006964,113557337,0.00656098,0.0070127,0.00610926,6.4414559375,13.7698934973,21.5126111222,17.8391366557,28.1100706506,0.007777,-6.3474986552,188409559.6,0.6027153677,-1.3416341991,0.0065004869,-1,0.0063896087,0.0002957462"
2026-05-07T22:00:00.000-03:00,"CSV=1778202000000,0.006964,0.006999,0.006717,0.006819,107963819,0.00657362,0.0070235371,0.0061237029,6.405848419,13.6885656013,20.8994537954,16.6373038312,26.9930395017,0.007777,-9.2131540407,141464461.9,0.7631868637,-3.2382088451,0.0065004869,-1,0.0063938813,0.0002943715"
2026-05-07T23:00:00.000-03:00,"CSV=1778205600000,0.006818,0.007087,0.006815,0.006861,98671874,0.0065871,0.0070353254,0.0061388746,6.3710679118,13.6091863268,21.6449753824,15.5543612529,26.285030908,0.007777,-6.0265717025,111691182.2,0.8834347713,-3.9335002279,0.0065004869,-1,0.0063985292,0.0002921344"
2026-05-08T00:00:00.000-03:00,"CSV=1778209200000,0.006861,0.006889,0.00668,0.006826,98380934,0.00659932,0.0070455587,0.0061530813,6.3336163568,13.5237768567,20.544071015,18.0485744577,24.9637787817,0.007777,-7.8190411884,111369998.4,0.8833701662,-4.9247027234,0.0065004869,-1,0.0064027827,0.000283821"
2026-05-08T01:00:00.000-03:00,"CSV=1778212800000,0.006824,0.006948,0.006768,0.00688,48694753,0.00661312,0.0070571507,0.0061690893,6.2919260492,13.4287810729,21.0925007019,17.2394677634,23.9696434075,0.007777,-1.7844396859,89267564.6,0.5454921193,-3.6076010776,0.0065004869,-1,0.0064075311,0.0002734389"
2026-05-08T02:00:00.000-03:00,"CSV=1778216400000,0.006881,0.007043,0.006876,0.006907,58211250,0.00662742,0.0070691657,0.0061856743,6.248908254,13.3308490336,22.619513035,16.5040070497,23.4137523459,0.007777,-3.1276297335,83364478.7,0.698274024,-3.1330482516,0.0065004869,-1,0.0064125009,0.000262795"
2026-05-08T03:00:00.000-03:00,"CSV=1778220000000,0.006907,0.006981,0.006876,0.006919,34018175,0.0066434,0.0070809326,0.0062058674,6.1790248191,13.1719475463,21.987611046,16.0429487208,22.8949206883,0.007777,-0.7317073171,79017600.1,0.4305138976,-2.1937022241,0.0065004869,-1,0.0064175407,0.0002470155"
2026-05-08T04:00:00.000-03:00,"CSV=1778223600000,0.006918,0.006982,0.006877,0.006896,32444958,0.00665874,0.007091387,0.006226093,6.1010209467,12.9948610906,21.3762910729,15.5767130325,22.4148906238,0.007777,2.0873427091,73347763.6,0.4423442026,-1.1546935007,0.0065004869,-1,0.0064223015,0.0002328139"
2026-05-08T05:00:00.000-03:00,"CSV=1778227200000,0.006894,0.006925,0.006805,0.00687,32918550,0.00667298,0.0071005995,0.0062453605,6.0223017095,12.8164486236,20.6417387018,17.1032281169,21.5455504427,0.007777,2.8135288836,67039761.5,0.4910302373,-0.3092864153,0.0065004869,-1,0.0064267562,0.0002215325"
2026-05-08T06:00:00.000-03:00,"CSV=1778230800000,0.006867,0.007017,0.006846,0.006856,51245823,0.00668818,0.0071084647,0.0062678953,5.9124538998,12.5679840635,22.2947200876,16.2506405738,21.1545426237,0.007777,2.8657164291,67610747.3,0.7579538024,0.5178359445,0.0065004869,-1,0.0064310273,0.0002164793"
2026-05-08T07:00:00.000-03:00,"CSV=1778234400000,0.006854,0.006978,0.006837,0.006908,30746436,0.00670352,0.0071175033,0.0062895367,5.8164123647,12.3512227783,21.3542780916,15.8344001559,20.7337663793,0.00775,-0.8041355543,59329657.2,0.5182304677,0.2063147815,0.0065004869,-1,0.0064357733,0.0002089314"
2026-05-08T08:00:00.000-03:00,"CSV=1778238000000,0.006909,0.006934,0.006782,0.006845,36667366,0.00671724,0.0071242587,0.0063102213,5.7131382191,12.118630552,20.3622075608,16.779805432,19.994525155,0.00775,0.3812875788,52200011.9,0.7024398016,0.2268203781,0.0065004869,-1,0.0064398452,0.0002032382"
2026-05-08T09:00:00.000-03:00,"CSV=1778241600000,0.006844,0.007123,0.006842,0.007101,84619372,0.0067367,0.0071383054,0.0063350946,5.6260613116,11.9229130197,24.3140837011,15.365836646,20.1649615522,0.007453,3.4980323568,50794761.7,1.6659074512,2.0936796413,0.0065004869,-1,0.0064464239,0.0002110144"
2026-05-08T10:00:00.000-03:00,"CSV=1778245200000,0.007101,0.007294,0.007071,0.007184,81769917,0.00675818,0.007154377,0.006361983,5.5378261172,11.7249601392,27.8153399541,14.3384876194,20.9520073948,0.007433,5.2446527981,49133660,1.664234193,4.3052299333,0.0065458611,-1,0.0064537629,0.000212213"
2026-05-08T11:00:00.000-03:00,"CSV=1778248800000,0.007187,0.007584,0.007164,0.007349,127723474,0.00678326,0.0071763608,0.0063901592,5.4777177886,11.5903206321,32.7169906827,12.6339430288,22.5074500731,0.007584,6.8168604651,57036532.1,2.2393274853,7.9585476233,0.006675025,-1,0.0064626708,0.0002329917"
2026-05-08T12:00:00.000-03:00,"CSV=1778252400000,0.007347,0.007537,0.007229,0.007377,120780520,0.00680966,0.0071973877,0.0064219323,5.3870610522,11.387577877,29.9221181589,11.5546793343,23.9591965728,0.007584,6.8046908933,63293459.1,1.908262271,9.6340767146,0.006675025,-1,0.0064717686,0.0002404925"
2026-05-08T13:00:00.000-03:00,"CSV=1778256000000,0.00738,0.007508,0.007242,0.007316,69821939,0.0068352,0.0072132605,0.0064571395,5.2411870174,11.0621626683,27.730146375,10.7082308663,25.3141599725,0.007584,5.7378233849,66873835.5,1.0440845583,8.4196420746,0.006675025,-1,0.0064801689,0.0002430432"
2026-05-08T14:00:00.000-03:00,"CSV=1778259600000,0.00732,0.007564,0.007258,0.007356,78899594,0.00686168,0.0072287639,0.0064945961,5.0781003435,10.6995337469,26.9492535242,9.8214407575,26.7318868782,0.007584,6.6705336427,71519299.1,1.1031930541,8.0660568436,0.006675025,-1,0.0064888836,0.0002493389"
2026-05-08T15:00:00.000-03:00,"CSV=1778263200000,0.007362,0.007653,0.007292,0.007588,108855239,0.00689064,0.0072567633,0.0065245167,5.0452699687,10.6266848783,26.7317347984,8.8907788837,28.2886525289,0.007653,10.4512372635,79112968,1.3759468486,10.1708202211,0.0066909849,-1,0.0064998201,0.000260505"
2026-05-08T16:00:00.000-03:00,"CSV=1778266800000,0.007588,0.007738,0.007512,0.007586,58785004,0.0069184,0.0072835728,0.0065532272,5.0136490978,10.556567444,27.3818700591,8.3594552211,29.9509067869,0.007738,10.6476079347,79866886.1,0.7360372599,9.3928922036,0.0068538364,-1,0.0065106279,0.0002570545"
2026-05-08T17:00:00.000-03:00,"CSV=1778270400000,0.007589,0.007666,0.007356,0.007554,62590494,0.0069403,0.0073100706,0.0065705294,5.058373073,10.6557539337,25.1711259841,11.7474535828,30.3781935489,0.007738,9.3514765489,83051291.9,0.753636609,8.6111331609,0.0068538364,-1,0.0065210097,0.0002623491"
2026-05-08T18:00:00.000-03:00,"CSV=1778274000000,0.007555,0.007665,0.007452,0.007625,63294015,0.00696458,0.0073386307,0.0065905293,5.0970094018,10.741514824,23.7589655927,11.0883933302,30.7769945268,0.007738,11.3951789627,85713956.8,0.7384330086,8.5456142023,0.0068538364,-1,0.0065319947,0.0002574142"
2026-05-08T19:00:00.000-03:00,"CSV=1778277600000,0.007624,0.007751,0.007567,0.00766,54525925,0.00698994,0.0073672807,0.0066125993,5.1218452386,10.7966797024,24.8933255217,10.5410417704,31.4254517041,0.007751,7.8721306858,82704612.1,0.6592851791,7.4270691645,0.0069087818,-1,0.0065432186,0.0002500727"
2026-05-08T20:00:00.000-03:00,"CSV=1778281200000,0.007659,0.007849,0.007607,0.007783,66711695,0.00701844,0.0074007562,0.0066361238,5.1659073964,10.8946208154,25.9080515201,9.8554952123,32.3227713944,0.007849,8.3379732739,81198789.9,0.8215848424,7.2348302623,0.0069802036,-1,0.0065555547,0.0002492655"
2026-05-08T21:00:00.000-03:00,"CSV=1778284800000,0.007783,0.0079,0.007636,0.00773,102280986,0.0070466,0.0074284357,0.0066647643,5.1401895143,10.8374441989,25.4425047804,9.1592456851,33.3051907471,0.0079,5.1843788271,78654541.1,1.3003824645,7.0704452802,0.0070157832,-1,0.0065672407,0.0002507389"
2026-05-08T22:00:00.000-03:00,"CSV=1778288400000,0.007729,0.007752,0.007611,0.007664,70294650,0.00707412,0.0074498264,0.0066984136,5.0431565538,10.6219970479,24.4539212292,9.4922866964,34.023147274,0.0079,3.8904703809,73605954.1,0.9550130945,5.9521135727,0.0070157832,-1,0.0065781538,0.000239765"
2026-05-08T23:00:00.000-03:00,"CSV=1778292000000,0.007663,0.00785,0.007625,0.007795,54679759,0.00710398,0.0074764497,0.0067315103,4.981905747,10.4862253576,25.643840032,8.9009733968,34.9860769474,0.0079,6.5472936031,72091736.1,0.7584747151,5.6233945986,0.0070226344,-1,0.0065902617,0.0002382885"
2026-05-09T00:00:00.000-03:00,"CSV=1778295600000,0.007792,0.00781,0.007558,0.007658,65705365,0.00713262,0.0074912775,0.0067739625,4.7876679391,10.0568231772,23.8602194314,10.1311206474,35.3463378029,0.0079,4.1054921153,70772313.2,0.9284049373,5.019449449,0.0070226344,-1,0.006600886,0.0002396597"
2026-05-09T01:00:00.000-03:00,"CSV=1778299200000,0.007661,0.007677,0.007483,0.007589,70872828,0.00715696,0.0075042892,0.0068096308,4.6284087735,9.7060533728,22.5656321457,11.6790048848,35.1092986772,0.0079,0.0131787032,66974072.1,1.058212914,3.3509482573,0.0070226344,-1,0.0066107179,0.0002350937"
2026-05-09T02:00:00.000-03:00,"CSV=1778302800000,0.007589,0.0077,0.007532,0.007596,31643120,0.00718118,0.0075158255,0.0068465345,4.4525451551,9.3200706651,22.1402560566,11.1192435185,34.9777744481,0.0079,0.131821777,64259883.7,0.4924241716,2.2556029147,0.0070226344,-1,0.0066205217,0.0002283843"
2026-05-09T03:00:00.000-03:00,"CSV=1778306400000,0.007599,0.007619,0.007485,0.007547,40296758,0.00719988,0.0075282626,0.0068714974,4.3619966389,9.1218898045,21.2690827077,12.0618383774,34.4875049549,0.0079,-0.0926661371,62030510.1,0.6496280288,1.4836691031,0.0070226344,-1,0.0066297404,0.0002189459"
2026-05-09T04:00:00.000-03:00,"CSV=1778310000000,0.007547,0.007766,0.007496,0.007674,45969623,0.00721604,0.0075474615,0.0068846185,4.3911656921,9.1856902635,23.8665589325,11.1174526414,34.6178489864,0.0079,0.6426229508,60298070.9,0.7623730297,1.1524188707,0.0070226344,-1,0.0066401311,0.0002240513"
2026-05-09T05:00:00.000-03:00,"CSV=1778313600000,0.007674,0.007738,0.007601,0.007651,36311196,0.0072286,0.0075643395,0.0068928605,4.438450748,9.289197973,22.8921472737,10.6635549722,34.7395034159,0.0079,-0.1174934726,58476598,0.6209526074,0.7439599544,0.0070234615,-1,0.0066501895,0.0002153462"
2026-05-09T06:00:00.000-03:00,"CSV=1778317200000,0.007653,0.007679,0.007407,0.007496,50149739,0.00723928,0.0075748623,0.0069036977,4.430209935,9.2711513376,21.0628613455,15.5108257993,33.4355638339,0.0079,-3.687524091,56820402.4,0.8826009124,-0.5888974061,0.0070234615,-1,0.0066586055,0.0002210116"
2026-05-09T07:00:00.000-03:00,"CSV=1778320800000,0.007496,0.007577,0.007403,0.007453,38637948,0.00724564,0.0075821977,0.0069090823,4.4387879607,9.2899365045,19.9691607633,14.8247867679,32.1922099363,0.0079,-3.5834411384,50456098.6,0.7657735947,-1.3072998047,0.0070234615,-1,0.0066665099,0.0002163104"
2026-05-09T08:00:00.000-03:00,"CSV=1778324400000,0.007453,0.007455,0.007293,0.007298,50926299,0.0072521,0.0075864939,0.0069177061,4.4077522637,9.221986862,18.9857438326,17.4386310854,30.3292269718,0.0079,-4.7755741127,48519263.5,1.0496098936,-2.5423631486,0.0070234615,-1,0.0066727934,0.0002108794"
2026-05-09T09:00:00.000-03:00,"CSV=1778328000000,0.007299,0.007357,0.00716,0.007205,59851547,0.0072501,0.0075844705,0.0069157295,4.4086205724,9.2238873397,17.8409921149,20.4578630873,28.7627962083,0.0079,-7.568954458,49036442.3,1.2205523931,-4.7743439248,0.0070234615,-1,0.006678089,0.0002094914"
2026-05-09T10:00:00.000-03:00,"CSV=1778331600000,0.007204,0.007436,0.007122,0.007342,66045536,0.00725694,0.0075896182,0.0069242618,4.3833323262,9.1685527906,18.524201033,18.5479793288,26.8495524969,0.0079,-4.1264037608,49070459.4,1.3459327018,-5.0341832041,0.0070234615,-1,0.0066846951,0.0002199423"
2026-05-09T11:00:00.000-03:00,"CSV=1778335200000,0.007345,0.007365,0.007253,0.007301,35498487,0.0072625,0.007593541,0.006931459,4.3595073792,9.1164469353,17.8860652806,17.9090244436,25.0638583663,0.0079,-3.7949663987,45533025.3,0.7796206548,-4.3423335323,0.0070234615,-1,0.0066908275,0.0002091481"
2026-05-09T12:00:00.000-03:00,"CSV=1778338800000,0.007301,0.007415,0.00726,0.007315,30424863,0.00726408,0.0075951793,0.0069329807,4.3593342496,9.1160683907,18.5845098146,17.0386890067,23.6822255101,0.0079,-3.6993154292,45411199.6,0.6699858904,-3.7210520688,0.0070234615,-1,0.0066970381,0.0002037333"
2026-05-09T13:00:00.000-03:00,"CSV=1778342400000,0.007315,0.007523,0.007303,0.007422,39639353,0.0072638,0.0075947596,0.0069328404,4.3577367936,9.1125756491,20.6839058126,15.8661168133,22.9821676155,0.0079,-1.6562872665,45345459.1,0.8741636712,-2.9633234317,0.0070234615,-1,0.0067042517,0.0002053599"
2026-05-09T14:00:00.000-03:00,"CSV=1778346000000,0.007423,0.007516,0.007397,0.007426,29461542,0.0072621,0.0075920021,0.0069321979,4.3453902746,9.0855846614,19.8906032212,15.2575938536,22.3287802472,0.0079,-3.2316914256,43694651,0.6742596937,-2.7018820447,0.0070234615,-1,0.0067114333,0.0001967239"
2026-05-09T15:00:00.000-03:00,"CSV=1778349600000,0.007427,0.007497,0.007365,0.007378,27988231,0.00726364,0.0075938996,0.0069333804,4.3490124509,9.0935024558,19.0234691837,15.6492889754,21.4889617079,0.0079,-3.5681610247,42862354.5,0.6529793178,-2.5778998137,0.0070234615,-1,0.0067180658,0.0001902515"
2026-05-09T16:00:00.000-03:00,"CSV=1778353200000,0.007378,0.007417,0.007285,0.007373,38107961,0.007263,0.007593016,0.006932984,4.3463098146,9.0875946472,18.1745522001,17.6554723165,20.1529461806,0.0079,-1.6408751334,41658176.7,0.9147774583,-2.2189450705,0.0070234615,-1,0.0067245825,0.0001844264"
2026-05-09T17:00:00.000-03:00,"CSV=1778356800000,0.007375,0.007497,0.007323,0.00736,50571799,0.0072701,0.0075983028,0.0069418972,4.3194219542,9.0288374975,19.8229184289,16.6087057693,19.3975890701,0.00785,-1.2478196699,42851561.8,1.1801623296,-1.9701733032,0.0070234615,-1,0.0067309051,0.0001833837"
2026-05-09T18:00:00.000-03:00,"CSV=1778360400000,0.007361,0.00739,0.007266,0.007293,23535375,0.00727336,0.007600964,0.006945756,4.3100316694,9.0083249991,18.964408246,17.8802153907,18.3005903344,0.00785,-0.0685119211,40112469.4,0.5867346327,-1.3268483077,0.0070234615,-1,0.0067364981,0.0001774454"
2026-05-09T19:00:00.000-03:00,"CSV=1778364000000,0.007294,0.007332,0.007232,0.007266,14984704,0.00727928,0.0076040104,0.0069545496,4.2705151106,8.9220476126,18.2803335732,18.461680219,17.11345548,0.00781,0.8466342817,35625785.1,0.4206140007,-0.765863461,0.0070234615,-1,0.0067417667,0.0001697008"
2026-05-09T20:00:00.000-03:00,"CSV=1778367600000,0.007265,0.007269,0.007163,0.007182,18025777,0.00728782,0.0076041565,0.0069714835,4.1600473326,8.681238287,17.5609169107,20.2968935675,16.4543571613,0.007766,-2.1792427132,30823809.2,0.5848004341,-0.9353830022,0.0070234615,-1,0.0067461472,0.0001633308"
2026-05-09T21:00:00.000-03:00,"CSV=1778371200000,0.007182,0.007216,0.007037,0.007149,46536707,0.00729716,0.0076021626,0.0069921574,4.0120510535,8.3594890765,16.3936192649,23.6267199392,16.5623041265,0.007766,-2.0819065881,31927631.2,1.4575684212,-1.6350957677,0.0070234615,-1,0.0067501557,0.0001648977"
2026-05-09T22:00:00.000-03:00,"CSV=1778374800000,0.00715,0.007179,0.007001,0.00703,44814322,0.00730446,0.0075984129,0.0070105071,3.8686087841,8.0485858681,15.3093867882,23.4017202162,16.851778696,0.007766,-3.8961038961,33366577.1,1.3430901787,-2.8343368045,0.0070234615,-1,0.0067529402,0.0001662079"
2026-05-09T23:00:00.000-03:00,"CSV=1778378400000,0.007029,0.007141,0.007009,0.007071,21383951,0.0073066,0.0075984485,0.0070147515,3.8408953564,7.9886254571,14.5450580677,22.2333777399,17.1219549609,0.007766,-4.7291835085,31541036.9,0.6779723529,-2.9583097598,0.0070234615,-1,0.0067561049,0.0001627871"
2026-05-10T00:00:00.000-03:00,"CSV=1778382000000,0.007069,0.007156,0.007068,0.007121,13161396,0.00731264,0.0075973731,0.0070279069,3.7477829403,7.7874215364,14.6311545832,21.4678126108,17.2430681439,0.007738,-4.1071909507,29911022.3,0.4400182604,-2.5746195124,0.0070234615,-1,0.0067597357,0.0001553084"
2026-05-10T01:00:00.000-03:00,"CSV=1778385600000,0.007117,0.007167,0.007073,0.007096,19157879,0.00731734,0.0075964635,0.0070382165,3.6743868886,7.6290962911,14.5201036063,20.6538830616,17.2560900714,0.007679,-3.8221740309,29027987.1,0.6599795891,-2.5572652904,0.0070234615,-1,0.0067630817,0.0001491776"
2026-05-10T02:00:00.000-03:00,"CSV=1778389200000,0.007097,0.007138,0.007084,0.007084,13225169,0.0073225,0.0075947938,0.0070502062,3.5852695458,7.4371821172,14.1889880595,20.1828931865,17.2682438703,0.007577,-3.9197070392,26539707.9,0.4983162983,-2.3559281611,0.0070234615,-1,0.0067662749,0.0001396598"
2026-05-10T03:00:00.000-03:00,"CSV=1778392800000,0.007084,0.007113,0.006954,0.00699,49013756,0.0073247,0.0075938358,0.0070555642,3.544135363,7.3487192849,13.2367248892,24.315574739,18.0838578658,0.007523,-5.027173913,26383903.6,1.8577143376,-4.6836364594,0.0074582815,1,0.006768501,0.0001415938"
2026-05-10T04:00:00.000-03:00,"CSV=1778396400000,0.00699,0.007064,0.006967,0.007019,29667572,0.00732694,0.007593039,0.007060841,3.5045119773,7.2635768762,12.6804639783,23.2937355857,18.8450975949,0.007523,-3.7570272864,26997123.3,1.0989160464,-4.4986434968,0.0074269033,1,0.0067709935,0.0001371344"
2026-05-10T05:00:00.000-03:00,"CSV=1778400000000,0.007019,0.007102,0.006994,0.007033,25588035,0.00732922,0.007592285,0.007066155,3.4648983605,7.1785253273,13.7548072651,22.181725878,19.1520542813,0.007523,-3.2067162125,28057456.4,0.9119869825,-3.9739234787,0.0074269033,1,0.0067736006,0.000134221"
2026-05-10T06:00:00.000-03:00,"CSV=1778403600000,0.007033,0.007139,0.007017,0.007017,22128636,0.00733164,0.0075912423,0.0070720377,3.4197603335,7.0816977579,14.660074099,20.9700981621,19.0559024646,0.007523,-2.2974101921,28467742.3,0.777323181,-3.244559052,0.0074269033,1,0.0067760224,0.0001329989"
2026-05-10T07:00:00.000-03:00,"CSV=1778407200000,0.007017,0.007049,0.006929,0.007007,30854673,0.00733438,0.0075897845,0.0070789755,3.3651081457,6.9645820078,13.8621021953,23.820315028,19.5472878135,0.007523,-1.9862917891,26899538.9,1.1470335278,-2.9224871273,0.007384097,1,0.0067783207,0.000131699"
2026-05-10T08:00:00.000-03:00,"CSV=1778410800000,0.007008,0.007027,0.00697,0.006982,12652267,0.0073369,0.00758816,0.00708564,3.3112107037,6.8492132911,13.488447676,23.178235765,20.0059141391,0.007523,-0.6827880512,23683333.4,0.5342266136,-2.069912601,0.0073711873,1,0.0067803474,0.0001242291"
2026-05-10T09:00:00.000-03:00,"CSV=1778414400000,0.006982,0.007028,0.006956,0.006972,13174222,0.00733818,0.0075874065,0.0070889535,3.2847394883,6.7925981296,13.013700052,23.0468189703,20.5270533279,0.007516,-1.4000848536,22862360.5,0.576240673,-1.6488703468,0.0073490186,1,0.0067822544,0.0001190062"
2026-05-10T10:00:00.000-03:00,"CSV=1778418000000,0.006972,0.007026,0.006935,0.006943,16579050,0.00734014,0.0075858407,0.0070944393,3.2389384691,6.6947146257,12.4216580518,23.048188519,21.1558721642,0.007497,-2.4996489257,23204125.9,0.7144871594,-1.6945692513,0.0073291167,1,0.0067838538,0.0001162056"
2026-05-10T11:00:00.000-03:00,"CSV=1778421600000,0.006943,0.006981,0.006902,0.006907,17126435,0.00733626,0.0075871828,0.0070853372,3.3071927974,6.8406180212,11.9173673356,23.8083383205,21.9644190796,0.007497,-2.6634723788,23000981.5,0.7445958339,-1.7907829798,0.0072789551,1,0.0067850792,0.000112485"
2026-05-10T12:00:00.000-03:00,"CSV=1778425200000,0.006906,0.006967,0.006852,0.006952,28017114,0.00733162,0.0075874132,0.0070758268,3.371283239,6.9778081548,11.2077045223,24.9796551206,23.03728123,0.007497,-1.8633540373,24480176,1.1444817227,-1.9047135327,0.0072477096,1,0.0067867401,0.0001127365"
2026-05-10T13:00:00.000-03:00,"CSV=1778428800000,0.006952,0.006968,0.006861,0.006875,36226310,0.00732214,0.0075857766,0.0070585034,3.4754074236,7.2010817779,10.632028188,23.5798672103,24.0245301399,0.00739,-1.6452074392,23201431.4,1.5613825447,-2.1260750811,0.0072477096,1,0.0067876183,0.0001121629"
2026-05-10T14:00:00.000-03:00,"CSV=1778432400000,0.006875,0.007008,0.006856,0.006994,33708883,0.00731448,0.0075819476,0.0070470124,3.5276902024,7.3133735675,11.8645743664,21.7267865183,24.3801861746,0.007332,-0.3561760935,23605562.5,1.4280059202,-1.5869239108,0.0072477096,1,0.0067896718,0.0001161466"
2026-05-10T15:00:00.000-03:00,"CSV=1778436000000,0.006994,0.007056,0.006927,0.006944,32670418,0.00730704,0.0075794893,0.0070345907,3.5945605288,7.4571736792,13.5549142518,20.2777414193,24.0795619714,0.007269,-1.2654628181,24313800.8,1.3436985138,-1.6247494432,0.0072477096,1,0.0067912074,0.0001174319"
2026-05-10T16:00:00.000-03:00,"CSV=1778439600000,0.006944,0.007005,0.006926,0.006985,16204547,0.00729962,0.0075756632,0.0070235768,3.6438153414,7.5632204706,12.9866076145,19.4806430867,23.8077113625,0.007216,-0.4560353427,23721391.9,0.6831195685,-1.1870085177,0.0072477096,1,0.0067931357,0.0001135887"
2026-05-10T17:00:00.000-03:00,"CSV=1778443200000,0.006985,0.00702,0.00668,0.006838,61820348,0.00728462,0.0075649295,0.0070043105,3.7053819738,7.6959274563,10.8826553656,28.0464513231,25.1598558584,0.007179,-2.4118738404,26817959.4,2.3051846368,-2.6446105194,0.0072477096,1,0.0067935821,0.0001362299"
2026-05-10T18:00:00.000-03:00,"CSV=1778446800000,0.006836,0.006921,0.006794,0.006888,23300073,0.00727066,0.0075529862,0.0069883338,3.7379419034,7.7661790686,10.2200123739,26.338707782,26.4218573879,0.007167,-1.3463191063,27882740,0.8356450263,-2.1380886346,0.0072477096,1,0.0067945216,0.0001353069"
2026-05-10T19:00:00.000-03:00,"CSV=1778450400000,0.006887,0.006979,0.006875,0.00697,21723307,0.00725898,0.0075414229,0.0069765371,3.7452200072,7.7818888734,12.5300296918,25.002946747,26.875859493,0.007167,-0.0286861733,28737648.5,0.7559180425,-1.432620555,0.0072477096,1,0.0067962677,0.0001321762"
2026-05-10T20:00:00.000-03:00,"CSV=1778454000000,0.00697,0.006979,0.006924,0.006943,14470552,0.00724534,0.007526241,0.006964439,3.7322884238,7.7539776581,12.1800240647,24.3045308397,27.2995947911,0.007167,0,28526798.7,0.5072616858,-0.95508037,0.0072477096,1,0.0067977277,0.0001244586"
2026-05-10T21:00:00.000-03:00,"CSV=1778457600000,0.006944,0.00704,0.006914,0.007002,18371425,0.00723218,0.0075087259,0.0069556341,3.6829935083,7.6476494493,14.5048690194,22.7450471164,26.9543773574,0.007139,1.3754162444,28651297.7,0.6412074312,-0.342744541,0.0072477096,1,0.0067997602,0.0001246127"
2026-05-10T22:00:00.000-03:00,"CSV=1778461200000,0.007001,0.007073,0.006977,0.007015,19608320,0.00721682,0.0074834977,0.0069501423,3.5635433601,7.3904485592,15.4938457119,21.6129800208,26.2567915004,0.007139,0.9062140391,27810418.3,0.7050710201,-0.0155146084,0.0072477096,1,0.0068019019,0.0001217514"
2026-05-10T23:00:00.000-03:00,"CSV=1778464800000,0.007015,0.00707,0.006954,0.007064,24183691,0.0072035,0.0074606761,0.0069463239,3.4470889881,7.140310845,14.555906762,21.5048990169,25.7910192624,0.007139,2.7490909091,26606156.4,0.9089509449,0.8225865209,0.0072477096,1,0.0068045099,0.0001211763"
2026-05-11T00:00:00.000-03:00,"CSV=1778468400000,0.007067,0.007096,0.006867,0.006909,34045166,0.0071884,0.0074402034,0.0069365966,3.3843619768,7.0058264812,12.9036800241,23.3762504486,25.9960190246,0.007139,-1.2153274235,26639784.7,1.2779820251,0.0306688133,0.0072477096,1,0.0068055496,0.0001319587"
2026-05-11T01:00:00.000-03:00,"CSV=1778472000000,0.006909,0.006977,0.006844,0.006945,20632152,0.0071714,0.0074100243,0.0069327757,3.2202904786,6.6548876712,12.052380122,22.9749329889,26.3418150573,0.007139,0.0144009217,25435958.1,0.811141138,0.0243396022,0.0072477096,1,0.0068069371,0.0001320628"
2026-05-11T02:00:00.000-03:00,"CSV=1778475600000,0.006945,0.007115,0.006933,0.007048,42401135,0.0071592,0.0073880267,0.0069303733,3.0972647303,6.3925228151,17.6768514158,20.9486163445,25.1503931356,0.007115,0.901932713,28055616.9,1.5113242796,0.4705973374,0.0072477096,1,0.0068093358,0.0001370565"
2026-05-11T03:00:00.000-03:00,"CSV=1778479200000,0.007043,0.007065,0.006945,0.007044,23706123,0.0071483,0.0073692383,0.0069273617,2.998115758,6.1815618973,16.6400832928,19.7199553608,24.0383993421,0.007115,3.0125767768,24244194.4,0.9778061753,1.2956369502,0.0072477096,1,0.0068116707,0.0001353509"
2026-05-11T04:00:00.000-03:00,"CSV=1778482800000,0.007043,0.007147,0.007011,0.007078,37793042,0.00713794,0.0073495919,0.0069262881,2.8797778838,5.9303362802,19.5423920564,18.4088875498,22.6349551151,0.007147,2.7584204413,25693491.3,1.4709189016,2.2162288887,0.0072477096,1,0.0068143208,0.0001354158"
2026-05-11T05:00:00.000-03:00,"CSV=1778486400000,0.007079,0.007086,0.006926,0.007003,28618099,0.00712706,0.0073312553,0.0069228647,2.7852711356,5.7301422699,18.0313011508,21.0932673152,21.6477046355,0.007147,0.4734576758,26382970.5,1.0847186066,1.6486753759,0.0072477096,1,0.0068161982,0.0001378742"
2026-05-11T06:00:00.000-03:00,"CSV=1778490000000,0.007001,0.007014,0.006884,0.006897,22189760,0.00711152,0.007302648,0.006920392,2.6172430036,5.3751671946,16.8941067882,21.8005363455,21.04984884,0.007147,-0.6625378079,27154891.3,0.8171551768,0.9186515174,0.0072477096,1,0.0068170022,0.0001370868"
2026-05-11T07:00:00.000-03:00,"CSV=1778493600000,0.006899,0.006945,0.006808,0.006822,37909898,0.00709494,0.0072741346,0.0069157454,2.4634487447,5.0513345265,15.7710331961,24.0390853562,21.0311069351,0.007147,-2.5706940874,29108738.6,1.3023545445,-0.5035506974,0.0072477096,1,0.0068170519,0.0001370781"
2026-05-11T08:00:00.000-03:00,"CSV=1778497200000,0.006826,0.006893,0.006757,0.006825,33104910,0.00708152,0.0072552179,0.0069078221,2.3941103915,4.9056678876,14.7295684626,24.9279978141,21.3434482031,0.007147,-2.7084818247,30458397.6,1.0868894167,-1.3169738751,0.0072359109,1,0.006817131,0.0001369703"
2026-05-11T09:00:00.000-03:00,"CSV=1778500800000,0.006828,0.006858,0.006713,0.00674,23343707,0.00706726,0.0072391332,0.0068953868,2.3742233018,4.863927094,13.6963733888,25.3079574749,21.905217432,0.007147,-4.5866364666,30374399.2,0.768532304,-2.0529753472,0.0071988198,1,0.0068163635,0.0001377733"
2026-05-11T10:00:00.000-03:00,"CSV=1778504400000,0.006742,0.006774,0.00666,0.006723,39599909,0.00705576,0.007231013,0.006880507,2.4236303179,4.9676583087,12.9322450585,26.4897839869,22.7375875339,0.007147,-2.6921406861,30929873.5,1.2803126725,-2.5175775103,0.0071231878,1,0.0068154345,0.0001353959"
2026-05-11T11:00:00.000-03:00,"CSV=1778508000000,0.006721,0.006769,0.006587,0.006681,47579573,0.00704528,0.0072268488,0.0068637112,2.5124205375,5.1543397659,11.805620313,27.6763334627,23.9015740628,0.007147,-3.8012958963,33624615.6,1.415022065,-3.4713575298,0.007098169,1,0.0068140969,0.0001400563"
2026-05-11T12:00:00.000-03:00,"CSV=1778511600000,0.006681,0.00671,0.006572,0.006623,35092703,0.0070309,0.0072168194,0.0068449806,2.5761953412,5.2886362839,11.0253104284,26.5654653301,25.0641585286,0.007147,-6.0300794552,32893772.4,1.0668494502,-4.4586340036,0.0070605521,1,0.0068121954,0.0001398507"
2026-05-11T13:00:00.000-03:00,"CSV=1778515200000,0.006623,0.006722,0.006623,0.006675,23172951,0.00701838,0.0072067506,0.0068300094,2.6138074074,5.3679219565,11.0782947676,25.2810858685,25.9973644321,0.007147,-5.2385008518,32840455.2,0.7056221011,-4.2045566617,0.0070605521,1,0.0068108303,0.0001357656"
2026-05-11T14:00:00.000-03:00,"CSV=1778518800000,0.006675,0.006719,0.00665,0.006683,13078344,0.00700574,0.0071949849,0.0068164951,2.6302334641,5.4025670548,10.6922633162,24.4001475585,26.8683566086,0.007147,-5.5806725064,30368985.4,0.4306480387,-3.6041396643,0.0070605521,1,0.0068095584,0.0001290891"
2026-05-11T15:00:00.000-03:00,"CSV=1778522400000,0.006682,0.006741,0.006654,0.006663,21487073,0.00699056,0.0071762134,0.0068049066,2.5870656436,5.3115444282,11.3484275544,23.3031689898,27.377121412,0.007147,-4.8550621162,29655882.8,0.7245467331,-3.575332908,0.0070605521,1,0.0068081001,0.0001248802"
2026-05-11T16:00:00.000-03:00,"CSV=1778526000000,0.006664,0.006808,0.006636,0.006725,38077055,0.00697654,0.0071551146,0.0067979654,2.4957615876,5.1192884088,13.7487031471,21.2769453155,26.9848808251,0.007147,-2.4938379005,31244612.3,1.2186758675,-3.3966152943,0.0070605521,1,0.0068072732,0.0001295922"
2026-05-11T17:00:00.000-03:00,"CSV=1778529600000,0.006725,0.00677,0.006683,0.006691,17138102,0.0069628,0.0071363147,0.0067892853,2.4314332015,4.9840502556,13.1299879855,20.3194463778,26.6187896106,0.007147,-1.9202579889,29167432.7,0.5875766365,-2.6405097729,0.0070605521,1,0.0068061162,0.0001253329"
2026-05-11T18:00:00.000-03:00,"CSV=1778533200000,0.00669,0.006762,0.006665,0.006711,20026534,0.00694956,0.0071163978,0.0067827222,2.3444134201,4.8013913022,12.4601525952,20.2295187085,26.4286727371,0.007147,-1.6703296703,27859595.1,0.7188379418,-2.1605719627,0.0070605521,1,0.0068051698,0.0001224996"
2026-05-11T19:00:00.000-03:00,"CSV=1778536800000,0.006727,0.00684,0.006704,0.006757,26296114,0.0069375,0.0070958091,0.0067791909,2.2310224844,4.5638658419,15.6556741347,18.7895577524,25.2733054745,0.007147,0.2522255193,28154835.8,0.9339821474,-1.3618565978,0.0070605521,1,0.0068046905,0.0001238497"
2026-05-11T20:00:00.000-03:00,"CSV=1778540400000,0.006757,0.006792,0.006719,0.006791,8562265,0.00692746,0.0070786639,0.0067762561,2.1360509076,4.365347868,15.0399873767,18.0506255417,24.1949626961,0.007147,1.0114532203,25051071.4,0.3417923674,-0.7926687349,0.0070605521,1,0.0068045543,0.0001187647"
2026-05-11T21:00:00.000-03:00,"CSV=1778544000000,0.006792,0.00688,0.006761,0.006833,18352153,0.0069188,0.0070625841,0.0067750159,2.0358574262,4.1563318428,18.8262506071,16.8904677996,22.9432866955,0.007147,2.2751085167,22128329.4,0.8293510399,0.1005087148,0.0070605521,1,0.0068048373,0.0001187882"
2026-05-11T22:00:00.000-03:00,"CSV=1778547600000,0.006834,0.006886,0.006802,0.006838,18797078,0.00691192,0.007051102,0.006772738,1.9739044445,4.027304022,18.2846544345,16.1074921392,21.8357612742,0.007147,3.2462630228,20498766.9,0.916985792,1.0592648328,0.0070605521,1,0.0068051673,0.0001153094"
2026-05-11T23:00:00.000-03:00,"CSV=1778551200000,0.006838,0.006943,0.006695,0.006818,47825652,0.0069053,0.0070408732,0.0067697268,1.9255167207,3.9266415815,15.9463385395,19.5651791174,21.0594179138,0.007147,2.1423220974,22964037,2.0826325964,2.1933998325,0.0070605521,1,0.006805295,0.0001285785"
2026-05-12T00:00:00.000-03:00,"CSV=1778554800000,0.006819,0.006844,0.006762,0.006806,30405545,0.00690082,0.0070358986,0.0067657414,1.9198485592,3.9148564333,15.2552081988,18.7172045885,20.3348307774,0.007086,1.8404907975,24696757.1,1.2311553649,2.2175765948,0.0070605521,1,0.006805302,0.0001239206"
2026-05-12T01:00:00.000-03:00,"CSV=1778558400000,0.006807,0.006821,0.006745,0.006787,11488862,0.00689514,0.0070289079,0.0067613721,1.903110167,3.8800621921,14.6257316665,18.8678649432,19.8235424168,0.007014,1.861023563,23696936,0.4848247892,1.7791411821,0.0070605521,1,0.0068051199,0.0001191286"
2026-05-12T02:00:00.000-03:00,"CSV=1778562000000,0.006786,0.006816,0.00674,0.006805,18074504,0.00688882,0.0070191893,0.0067584507,1.8573266641,3.7849522556,14.0064985032,18.3475692427,19.3964654426,0.006945,1.1895910781,21696680.9,0.8330538705,1.516425272,0.0070605521,1,0.0068051187,0.0001148157"
2026-05-12T03:00:00.000-03:00,"CSV=1778565600000,0.006801,0.006873,0.006769,0.006873,12742321,0.00688436,0.0070113356,0.0067573844,1.8110037594,3.6888120436,16.3912168551,17.2752039267,18.2784159698,0.006943,2.7200717382,21257102.8,0.5994382734,1.5544552168,0.0070605521,1,0.0068057941,0.0001137341"
2026-05-12T04:00:00.000-03:00,"CSV=1778569200000,0.006872,0.006906,0.006807,0.006828,13939325,0.00687924,0.0070031875,0.0067552925,1.7698726271,3.6035230218,17.3443429161,16.3033391014,17.266110582,0.006943,1.7434063478,20648381.9,0.6750807433,1.4286168289,0.0070605521,1,0.0068060151,0.0001122607"
2026-05-12T05:00:00.000-03:00,"CSV=1778572800000,0.006828,0.006829,0.006686,0.00674,29977575,0.00687424,0.0069986602,0.0067498198,1.7777714816,3.6198964499,15.9551939051,21.7746106813,17.1432982124,0.006943,-0.2515909427,21016528,1.4263809417,0.8327897106,0.0070605521,1,0.0068053582,0.0001153347"
2026-05-12T06:00:00.000-03:00,"CSV=1778576400000,0.006739,0.006787,0.006697,0.006763,24347517,0.00686912,0.0069927426,0.0067454974,1.7678699273,3.5993720711,15.137635618,20.6588603172,17.0286733341,0.006943,-0.4123104108,22595053.2,1.0775596227,0.4070967902,0.0070605521,1,0.0068049368,0.0001128012"
2026-05-12T07:00:00.000-03:00,"CSV=1778580000000,0.006764,0.006776,0.006517,0.006614,62823735,0.00686074,0.0069871398,0.0067343402,1.8090351004,3.6847282278,13.0723062105,27.3223220034,18.2452289069,0.006943,-3.2050343919,27042211.4,2.3231729858,-2.2105519125,0.0070287632,1,0.0068030369,0.0001274211"
2026-05-12T08:00:00.000-03:00,"CSV=1778583600000,0.006614,0.006671,0.006568,0.006653,36671742,0.00685346,0.0069811263,0.0067257937,1.8287352331,3.7256018602,12.3541094991,25.821224837,19.3806807748,0.006943,-2.7054694355,28829677.8,1.2720135915,-2.6208325728,0.0069944369,1,0.006801544,0.000124979"
2026-05-12T09:00:00.000-03:00,"CSV=1778587200000,0.006652,0.006657,0.006545,0.006623,18445653,0.00684578,0.0069755122,0.0067160478,1.8598237104,3.7901372928,11.6109163182,25.5032613772,20.5840600356,0.006943,-2.8600762687,25891677.9,0.7124162857,-2.4264100192,0.0069720432,1,0.0067997674,0.0001236811"
2026-05-12T10:00:00.000-03:00,"CSV=1778590800000,0.006623,0.006707,0.006579,0.006601,28900708,0.00683816,0.0069708235,0.0067054965,1.9031257583,3.8800945962,13.4943274329,23.753521672,21.0479927958,0.006943,-3.0120481928,25741194.2,1.1227415393,-2.744857221,0.0069720432,1,0.0067977896,0.000124113"
2026-05-12T11:00:00.000-03:00,"CSV=1778594400000,0.006603,0.006658,0.006392,0.006536,67804675,0.00682944,0.006967249,0.006691631,1.9779545851,4.035734159,11.706092527,29.9218455285,22.5620252846,0.006943,-3.698246648,31372775.5,2.1612584134,-4.4941937082,0.006939905,1,0.0067951848,0.0001383017"
2026-05-12T12:00:00.000-03:00,"CSV=1778598000000,0.006534,0.006555,0.006454,0.00649,28056986,0.00682038,0.0069651409,0.0066756191,2.0783627121,4.2449509009,11.1072889911,28.3912488019,23.9751222741,0.006943,-4.628949302,32371023.7,0.8667315022,-4.3334811995,0.0069082145,1,0.0067921481,0.0001345715"
2026-05-12T13:00:00.000-03:00,"CSV=1778601600000,0.00649,0.006519,0.006388,0.006442,30123014,0.00681108,0.0069646463,0.0066575137,2.2049397192,4.5093069381,10.3701163988,29.8507176908,25.6057211685,0.006943,-6.2709151753,34109093,0.8831373499,-4.7350139362,0.006856143,1,0.006788664,0.0001342143"
2026-05-12T14:00:00.000-03:00,"CSV=1778605200000,0.006442,0.006525,0.006414,0.006417,28215072,0.00680038,0.0069621728,0.0066385872,2.3238839534,4.7583463541,10.0879790191,28.1543443709,27.0481270202,0.006943,-6.0193321617,35536667.7,0.7939706738,-4.749733695,0.006856143,1,0.0067849659,0.0001318929"
2026-05-12T15:00:00.000-03:00,"CSV=1778608800000,0.006416,0.00655,0.006416,0.006501,21707131,0.0067929,0.0069596398,0.0066261602,2.3958111542,4.9092383894,10.6746908097,26.2265824348,28.0545581224,0.006943,-3.5459940653,34709623.3,0.6253922957,-3.9057015864,0.006856143,1,0.0067821404,0.0001321036"
2026-05-12T16:00:00.000-03:00,"CSV=1778612400000,0.006503,0.006551,0.006487,0.006546,15178455,0.00678394,0.0069516667,0.0066162133,2.4127556427,4.9448176523,10.3662210091,25.3387488915,28.9798553313,0.006943,-3.2086352211,33792717.1,0.4491634974,-3.0842016635,0.006856143,1,0.0067797907,0.0001252933"
2026-05-12T17:00:00.000-03:00,"CSV=1778616000000,0.006544,0.00655,0.006456,0.006471,10163530,0.00677448,0.0069462036,0.0066027564,2.472194193,5.0697217528,9.8419198999,25.7251623307,30.0250077785,0.006943,-2.1620804354,28526696.6,0.3562813509,-2.3129040884,0.006856143,1,0.0067767182,0.0001221639"
2026-05-12T18:00:00.000-03:00,"CSV=1778619600000,0.006469,0.006518,0.006465,0.006488,6236174,0.00676454,0.0069381639,0.0065909161,2.5024469546,5.1333533538,9.550123102,24.9624534212,31.0004833959,0.006943,-2.4800841726,25483139.8,0.2447176466,-1.7442428463,0.0068372426,1,0.0067738453,0.0001152475"
2026-05-12T19:00:00.000-03:00,"CSV=1778623200000,0.006488,0.006545,0.006468,0.006485,11009151,0.00675748,0.0069351041,0.0065798559,2.5612322656,5.2571113636,10.6757044179,23.8612393025,31.478988462,0.006906,-2.0836478937,24739489.6,0.445003158,-1.4719051952,0.0068372426,1,0.0067709713,0.0001114228"
2026-05-12T20:00:00.000-03:00,"CSV=1778626800000,0.006482,0.006537,0.006471,0.006477,8083913,0.00674926,0.0069301341,0.0065683859,2.6099650713,5.359819561,10.2600334306,22.9321741551,31.9255931905,0.006906,-1.8785032571,22657810.1,0.3567826266,-1.2046759055,0.0068246415,1,0.0067680462,0.0001068805"
2026-05-12T21:00:00.000-03:00,"CSV=1778630400000,0.006477,0.006563,0.006473,0.00655,10483525,0.00674086,0.0069210389,0.0065606811,2.6033506599,5.3458731436,11.2627368181,21.6978434278,31.9078438766,0.006906,0.2141982864,16925695.1,0.6193851974,-0.758893521,0.0068246415,1,0.0067658766,0.0001051925"
2026-05-12T22:00:00.000-03:00,"CSV=1778634000000,0.006553,0.006637,0.006537,0.006607,19747274,0.00673414,0.0069129148,0.0065553652,2.586099148,5.3095074222,15.0407132483,20.3912205868,30.7873746374,0.006906,1.8027734977,16094723.9,1.2269408362,0.2313697936,0.0068246415,1,0.0067642957,0.0001046732"
2026-05-12T23:00:00.000-03:00,"CSV=1778637600000,0.006609,0.006654,0.006592,0.006608,17108346,0.00672626,0.0069017068,0.0065508132,2.5420789458,5.2167723636,15.5168449922,19.6068932154,29.5111952426,0.006906,2.5768394908,14793257.1,1.1564962256,1.1476149107,0.0068246415,1,0.0067627405,0.0001004059"
2026-05-13T00:00:00.000-03:00,"CSV=1778641200000,0.006609,0.006638,0.006581,0.006593,10241334,0.00671782,0.0068892788,0.0065463612,2.4887766839,5.1045953466,14.9504055183,19.5956260934,28.4402133278,0.006829,2.7427146642,12995883.3,0.7880444725,1.4855369841,0.0068246415,1,0.0067610516,0.0000960653"
2026-05-13T01:00:00.000-03:00,"CSV=1778644800000,0.006593,0.006673,0.006585,0.006631,17292751,0.00670916,0.0068737111,0.0065446089,2.3939189125,4.9052659134,16.3639204687,18.4797469779,26.9490218785,0.006787,1.999692355,12554445.3,1.377420554,1.9084971065,0.0068246415,1,0.0067597575,0.0000952588"
2026-05-13T02:00:00.000-03:00,"CSV=1778648400000,0.006628,0.006667,0.006543,0.006593,20769263,0.00670284,0.0068656536,0.0065400264,2.371421101,4.8580469525,15.0684464129,19.6982158176,26.0401999013,0.006776,0.7179957226,13113526.1,1.5838046031,1.6513863812,0.0068246415,1,0.0067580982,0.0000981329"
2026-05-13T03:00:00.000-03:00,"CSV=1778652000000,0.006593,0.006614,0.00656,0.006597,11156829,0.00669588,0.0068556017,0.0065361583,2.3297986038,4.7707459808,14.5316714769,18.9965171656,25.191966056,0.006707,1.9471488178,13212856,0.8443919316,1.6489765046,0.0068246415,1,0.0067564953,0.0000937196"
2026-05-13T04:00:00.000-03:00,"CSV=1778655600000,0.006596,0.006596,0.006549,0.00657,10467379,0.00668632,0.0068388217,0.0065338183,2.2299415872,4.5616042853,14.054844841,19.1251487343,24.5312488644,0.006707,1.2638717633,13635976.5,0.7676295863,1.4227127893,0.0068246415,1,0.0067546396,0.0000891476"
2026-05-13T05:00:00.000-03:00,"CSV=1778659200000,0.006572,0.006608,0.006535,0.006602,25331422,0.00667748,0.0068215707,0.0065333893,2.112280376,4.3157208772,13.3415079232,19.127835309,24.0838919034,0.006707,1.8041634541,15068203.6,1.6811175819,1.9594788273,0.0068246415,1,0.0067531208,0.0000875329"
2026-05-13T06:00:00.000-03:00,"CSV=1778662800000,0.006602,0.006604,0.0065,0.00653,24229511,0.00666652,0.0068001938,0.0065328462,1.9657354115,4.0103027646,12.3822366319,20.1722738583,24.0735797861,0.006673,0.8182800679,16682763.4,1.4523679572,1.7024671351,0.0068195388,1,0.0067509007,0.0000891796"
2026-05-13T07:00:00.000-03:00,"CSV=1778666400000,0.00653,0.00656,0.006446,0.006466,26287453,0.00665578,0.0067834246,0.0065281354,1.8817125599,3.8356000884,11.4180457031,22.2900074473,24.6188949095,0.006673,-1.2824427481,18263156.2,1.4393707589,0.5196745596,0.0067779849,1,0.0067480659,0.0000916616"
2026-05-13T08:00:00.000-03:00,"CSV=1778670000000,0.006464,0.006469,0.006353,0.006387,40651605,0.00664558,0.0067739163,0.0065172437,1.8945656476,3.8623052028,10.5245663643,26.8193932541,25.8865977793,0.006673,-3.3298017254,20353589.3,1.9972695922,-1.8703875383,0.0066932864,1,0.0067444732,0.0000940955"
2026-05-13T09:00:00.000-03:00,"CSV=1778673600000,0.006386,0.006435,0.006165,0.006211,101849419,0.00663336,0.006772915,0.006493805,2.0604861163,4.2076707033,8.8060857229,33.8095684233,28.0722953436,0.006673,-6.0078692494,28827696.6,3.5330404789,-8.3222734422,0.0066350578,1,0.006739165,0.0001116859"
2026-05-13T10:00:00.000-03:00,"CSV=1778677200000,0.006214,0.006281,0.006104,0.006154,64014837,0.00661994,0.0067721132,0.0064677668,2.2470569997,4.5974206622,7.9000543466,33.8768264936,30.3461275822,0.006673,-6.6585772789,34205046.9,1.8715026817,-9.702030706,0.006547152,1,0.0067333424,0.0001182173"
2026-05-13T11:00:00.000-03:00,"CSV=1778680800000,0.006152,0.006156,0.006017,0.00606,44790861,0.00660634,0.0067764991,0.0064361809,2.51101719,5.1513865826,7.2706385464,36.1644664269,32.7578412593,0.006673,-8.6110692203,36954857.9,1.2120425715,-9.9470146312,0.0064473868,1,0.0067266425,0.0001202956"
2026-05-13T12:00:00.000-03:00,"CSV=1778684400000,0.006059,0.00608,0.005775,0.005796,133031956,0.0065878,0.0067914448,0.0063841552,2.9985488378,6.1824824308,6.1236341985,42.9764421955,35.5777530855,0.006673,-12.0885787957,48181127.2,2.7610801932,-17.7571882465,0.0063437981,1,0.0067173824,0.000138766"
2026-05-13T13:00:00.000-03:00,"CSV=1778688000000,0.005796,0.005834,0.0057,0.005789,69183513,0.00656996,0.0068017807,0.0063381393,3.408235479,7.0569897878,5.7003226378,43.8746647601,38.3394516209,0.006673,-12.2479915113,53983795.6,1.2815607393,-17.0703071831,0.0061818683,1,0.0067081447,0.0001382894"
2026-05-13T14:00:00.000-03:00,"CSV=1778691600000,0.00579,0.005998,0.005772,0.005943,82371957,0.00655636,0.0068040719,0.0063086481,3.6406421531,7.5563852531,13.1254405948,39.0026173485,39.0929249493,0.006673,-9.5433789954,61174253.4,1.3465134827,-15.6636342848,0.0061818683,1,0.0067005314,0.0001470605"
2026-05-13T15:00:00.000-03:00,"CSV=1778695200000,0.005945,0.005994,0.005885,0.005919,36330571,0.00654124,0.0068038721,0.0062786079,3.8600388224,8.0300403185,12.4131441515,36.8860083542,39.7961667223,0.006673,-10.345349894,62274168.3,0.583397129,-12.4542386656,0.0061818683,1,0.0066927549,0.0001432544"
2026-05-13T16:00:00.000-03:00,"CSV=1778698800000,0.005918,0.005992,0.005893,0.005956,21673671,0.0065267,0.0068009488,0.0062524512,4.0325080814,8.4039042821,11.7904848643,35.0357587002,40.4525257106,0.006673,-8.7901990812,62018584.3,0.349470586,-9.3267977851,0.0061818683,1,0.006685424,0.000138829"
2026-05-13T17:00:00.000-03:00,"CSV=1778702400000,0.005956,0.006033,0.005955,0.005982,17601662,0.00651308,0.0067969626,0.0062291974,4.1766092892,8.7173064077,13.4468630494,33.6124739959,40.6124543737,0.006673,-7.4853077637,61150005.2,0.2878439984,-6.9360654955,0.0061818683,1,0.0066784248,0.0001327461"
2026-05-13T18:00:00.000-03:00,"CSV=1778706000000,0.005982,0.005992,0.005836,0.005893,53819594,0.00649644,0.0067915742,0.0062013058,4.3455936451,9.0860291976,12.3700394629,37.0294499166,41.2328474758,0.006673,-7.7344606231,62466804.1,0.8615711141,-6.8453062822,0.0061818683,1,0.0066706096,0.0001350715"
2026-05-13T19:00:00.000-03:00,"CSV=1778709600000,0.005896,0.005959,0.005875,0.005931,23935162,0.00648124,0.0067853955,0.0061770845,4.4825015656,9.3857180916,11.8237813753,35.3942379552,41.8118810377,0.006673,-4.5081307358,54675378.4,0.437768566,-5.2213768307,0.0061818683,1,0.0066632503,0.0001299643"
2026-05-13T20:00:00.000-03:00,"CSV=1778713200000,0.005931,0.005954,0.0059,0.005903,14697975,0.00646508,0.0067779391,0.0061522209,4.6158444554,9.6784301943,11.4747630595,34.3494590533,42.3523123622,0.006673,-4.0786480338,49743692.2,0.2954741466,-3.8826295695,0.0061818683,1,0.0066556856,0.0001223679"
2026-05-13T21:00:00.000-03:00,"CSV=1778716800000,0.005902,0.00593,0.005865,0.005892,16201545,0.00644778,0.0067678513,0.0061277087,4.7292892217,9.9281073545,11.0539472609,35.0644644216,42.9996754182,0.006667,-2.7722772277,46884760.6,0.3455610052,-2.9077500148,0.0061818683,1,0.0066480868,0.0001166311"
2026-05-13T22:00:00.000-03:00,"CSV=1778720400000,0.005891,0.005909,0.005857,0.005876,9616591,0.00642948,0.0067555066,0.0061034534,4.8260871731,10.141617655,10.7170655705,34.464698505,43.6370448115,0.006614,1.3802622498,34543224.1,0.2783929772,-1.8104149042,0.0061818683,1,0.0066404043,0.000110168"
2026-05-13T23:00:00.000-03:00,"CSV=1778724000000,0.005874,0.005905,0.005843,0.005853,8672834,0.00640988,0.0067404843,0.0060792757,4.9047563577,10.3154609419,10.3154595906,34.0193614063,44.292285397,0.006608,1.1055449991,28492156.2,0.3043937405,-1.0947696103,0.0061818683,1,0.0066325695,0.0001053512"
2026-05-14T00:00:00.000-03:00,"CSV=1778727600000,0.005851,0.005863,0.005762,0.005769,30725525,0.0063885,0.0067252357,0.0060517643,5.0070467815,10.5419330842,9.6821870471,36.8542982506,45.2320553115,0.006608,-2.9278142352,23327513,1.3171367646,-2.0152903299,0.0061272482,1,0.0066239767,0.0001049161"
2026-05-14T01:00:00.000-03:00,"CSV=1778731200000,0.005773,0.00588,0.00576,0.00585,21523564,0.00636914,0.0067084428,0.0060298372,5.0578467847,10.6545862158,10.0072431438,34.1829260172,45.8638038348,0.006604,-1.1657374557,21846812.3,0.9852038689,-1.7263565704,0.0061272482,1,0.0066162755,0.0001064245"
2026-05-14T02:00:00.000-03:00,"CSV=1778734800000,0.00585,0.005967,0.005837,0.005905,29725761,0.00635112,0.0066906686,0.0060115714,5.074957134,10.6925569498,14.424185429,31.5301666473,45.2878072219,0.00656,-0.8562793821,22652021.3,1.3122785206,-1.5254633939,0.0061272482,1,0.0066091981,0.000108782"
2026-05-14T03:00:00.000-03:00,"CSV=1778738400000,0.005904,0.005928,0.00583,0.005874,15194466,0.00633286,0.0066730259,0.0059926941,5.0976259694,10.7428839826,13.5733941502,30.091713825,44.7905909625,0.006469,-1.8054162487,22411301.7,0.6779823057,-1.4249890196,0.0061272482,1,0.0066018827,0.0001077038"
2026-05-14T04:00:00.000-03:00,"CSV=1778742000000,0.005872,0.005883,0.005833,0.005866,10897515,0.00631408,0.0066535811,0.0059745789,5.1025318589,10.7537787021,13.1494142276,29.1517659862,44.3265224537,0.006435,-0.458170711,18119093.8,0.6014381911,-1.0418464676,0.0061272482,1,0.0065945605,0.0001019334"
2026-05-14T05:00:00.000-03:00,"CSV=1778745600000,0.005864,0.005947,0.005857,0.005938,14182561,0.00629538,0.0066292845,0.0059614755,5.0368101149,10.6079210713,16.4426970887,27.4954133179,43.0484337864,0.006281,0.118023942,17143833.7,0.8272689323,-0.6620184649,0.0061272482,1,0.0065880275,0.0001007401"
2026-05-14T06:00:00.000-03:00,"CSV=1778749200000,0.005937,0.006277,0.005937,0.006277,114204878,0.00628436,0.0066094813,0.0059592387,4.919013193,10.3469965094,31.5161211499,22.3543820754,41.3123360462,0.006277,6.3357614772,27094524,4.2150538611,8.4605129825,0.0057330017,-1,0.0065849327,0.0001246661"
2026-05-14T07:00:00.000-03:00,"CSV=1778752800000,0.006277,0.006775,0.006113,0.006749,202689157,0.00628454,0.0066099159,0.0059591641,4.9225415899,10.3548026467,43.7815834535,16.0815860536,41.6429927387,0.006775,14.5451459606,45743285.2,4.4310144344,27.1235925559,0.0059088016,-1,0.0065865652,0.0001783995"
2026-05-14T08:00:00.000-03:00,"CSV=1778756400000,0.006746,0.006762,0.006288,0.006434,189819261,0.00627796,0.0065968557,0.0059590643,4.8340553608,10.1592126872,36.0262403874,13.2329404119,41.9516056518,0.006775,9.4962559564,63763552.2,2.9769241902,27.5056063951,0.0059088016,-1,0.0065850472,0.0002079595"
2026-05-14T09:00:00.000-03:00,"CSV=1778760000000,0.006433,0.006659,0.006264,0.006454,128261112,0.00627476,0.0065910598,0.0059584602,4.7989212338,10.0816530569,31.1064952135,12.2555813599,42.0530501304,0.006775,10.2682385102,75722380,1.6938336064,24.134633419,0.0059088016,-1,0.0065837432,0.0002266636"
2026-05-14T10:00:00.000-03:00,"CSV=1778763600000,0.006455,0.006717,0.006441,0.006602,74978258,0.00627374,0.0065888986,0.0059585814,4.7831750445,10.0469114502,30.170438649,11.1188478494,42.3256287406,0.006775,14.4392442364,80147653.3,0.9355016013,20.5924009808,0.0059088016,-1,0.0065839249,0.0002315972"
2026-05-14T11:00:00.000-03:00,"CSV=1778767200000,0.006602,0.006757,0.006374,0.006508,154643934,0.00627144,0.0065844536,0.0059584264,4.7538283084,9.9821929302,26.5140397913,11.8913977905,42.0422138513,0.006775,11.2478632479,93459690.3,1.6546591745,19.9320606927,0.0059088016,-1,0.0065831694,0.0002467375"
2026-05-14T12:00:00.000-03:00,"CSV=1778770800000,0.006501,0.006533,0.006404,0.006464,41874086,0.0062687,0.0065794079,0.0059579921,4.7224297596,9.912993683,25.4030453565,11.3931230323,41.7776932879,0.006775,9.466553768,94674522.8,0.4422951895,14.6837108593,0.0059088016,-1,0.0065819837,0.0002349637"
2026-05-14T13:00:00.000-03:00,"CSV=1778774400000,0.006467,0.006479,0.006325,0.006373,37773097,0.00626544,0.0065741751,0.0059567049,4.6961801616,9.8551771997,24.1108088847,13.4230939644,40.8908357161,0.006775,8.4950629894,96932385.9,0.3896850021,10.8926067857,0.0059088016,-1,0.0065799042,0.0002268674"
2026-05-14T14:00:00.000-03:00,"CSV=1778778000000,0.006372,0.006475,0.006349,0.006457,29693132,0.00626478,0.0065730693,0.0059564907,4.6901878642,9.8419832316,23.0815282116,12.8500675157,40.0631019825,0.006775,10.0750085237,98811947.6,0.3005014345,8.2709226952,0.0059088016,-1,0.0065786813,0.0002167806"
2026-05-14T15:00:00.000-03:00,"CSV=1778781600000,0.006456,0.006477,0.006302,0.006333,32384601,0.0062626,0.0065700126,0.0059551874,4.6790254055,9.8174099151,21.7028302365,13.6867333652,38.9022964684,0.006775,6.6520714045,100632151.6,0.3218116724,6.2275198712,0.0059088016,-1,0.0065762367,0.0002126026"
2026-05-14T16:00:00.000-03:00,"CSV=1778785200000,0.006334,0.006398,0.006314,0.006394,20340547,0.00626214,0.0065693383,0.0059549417,4.6762442964,9.8112884074,21.0560078065,13.2788194647,37.8188779885,0.006775,1.8639477457,91245718.5,0.2229205637,4.2901840082,0.0059088016,-1,0.0065744234,0.0001997423"
2026-05-14T17:00:00.000-03:00,"CSV=1778788800000,0.006395,0.006414,0.0063,0.006372,15699442,0.00625956,0.0065652796,0.0059538404,4.6566113839,9.7680845027,20.7643813209,12.7272599247,36.8974457802,0.006775,-5.5860127426,72546747,0.216404493,2.4571765871,0.0059088016,-1,0.0065724092,0.0001911681"
2026-05-14T18:00:00.000-03:00,"CSV=1778792400000,0.006372,0.006399,0.006301,0.006308,13707962,0.0062548,0.006557864,0.005951736,4.6213821419,9.6906041327,19.9992582959,12.2582876273,36.0374423858,0.006775,-1.9583462854,54935617.1,0.2495277695,1.4752304646,0.0059088016,-1,0.0065697783,0.0001818513"
2026-05-14T19:00:00.000-03:00,"CSV=1778796000000,0.006306,0.00634,0.006288,0.006319,8339859,0.00625176,0.006553399,0.005950121,4.6027874302,9.6497314885,19.5889003715,12.5197304551,35.1027073312,0.006775,-2.0917260614,42943491.8,0.1942054232,0.8480787947,0.0059088016,-1,0.006567283,0.0001688661"
2026-05-14T20:00:00.000-03:00,"CSV=1778799600000,0.006319,0.006349,0.0063,0.006313,9920067,0.00624826,0.0065481478,0.0059483722,4.5797342552,9.599080907,19.5641083202,12.2656361266,34.2911750341,0.006775,-4.3774613753,36437672.7,0.2722475467,0.1681348231,0.0059088016,-1,0.0065647528,0.0001568795"
2026-05-14T21:00:00.000-03:00,"CSV=1778803200000,0.006316,0.006436,0.006217,0.006378,43984054,0.00624612,0.0065446896,0.0059475504,4.5620136248,9.5601631973,21.350029109,11.1791594642,34.089556859,0.006775,-1.9975414874,25371684.7,1.7335882311,-1.0422149225,0.0059088016,-1,0.0065628946,0.0001630916"
2026-05-14T22:00:00.000-03:00,"CSV=1778806800000,0.006377,0.006389,0.006221,0.006267,22062080,0.00624192,0.0065386839,0.0059451561,4.5385871896,9.5087366842,19.9011352652,10.4204993591,33.9013798955,0.006775,-3.0476485149,23390484.1,0.9432074986,-1.6529982592,0.0059088016,-1,0.0065599503,0.0001635824"
2026-05-14T23:00:00.000-03:00,"CSV=1778810400000,0.006268,0.006318,0.006234,0.006292,17393334,0.00623676,0.0065303483,0.0059431717,4.4957518618,9.4147683467,19.202998714,10.054945767,33.7257480629,0.006775,-1.2709869763,21352507.8,0.8145803839,-1.4471058591,0.0059088016,-1,0.0065572842,0.0001556242"
2026-05-15T00:00:00.000-03:00,"CSV=1778814000000,0.006289,0.006338,0.006251,0.006281,14503442,0.00623024,0.0065191157,0.0059413643,4.4312091939,9.2733394585,19.3448404981,9.678190042,33.6978199654,0.006775,-2.7257240204,19833538.8,0.7312584076,-1.6291401083,0.0059088016,-1,0.0065545351,0.0001487618"
2026-05-15T01:00:00.000-03:00,"CSV=1778817600000,0.006283,0.006295,0.006223,0.006277,13272835,0.00622362,0.0065075126,0.0059397274,4.3625359796,9.1230691325,18.7227878943,10.6174891424,33.2929760304,0.006775,-0.8842570662,17922362.2,0.7405739741,-1.3043793288,0.0059088016,-1,0.0065517735,0.0001410856"
2026-05-15T02:00:00.000-03:00,"CSV=1778821200000,0.006278,0.006301,0.00612,0.006172,42774627,0.0062152,0.0064942135,0.0059361865,4.296340827,8.9784254105,17.2304477427,14.3070208046,31.691423918,0.006775,-3.4720050047,20165770.2,2.1211501756,-3.3244675609,0.0059088016,-1,0.0065479947,0.000145077"
2026-05-15T03:00:00.000-03:00,"CSV=1778824800000,0.006172,0.006312,0.006166,0.006277,20430476,0.00620812,0.0064809148,0.0059353252,4.2092026861,8.7883237306,16.6055559919,13.38497524,30.2945728947,0.006762,-1.4908976773,20638873.6,0.989902666,-2.7082595691,0.0059088016,-1,0.0065452982,0.0001451693"
2026-05-15T04:00:00.000-03:00,"CSV=1778828400000,0.006279,0.006412,0.006264,0.00635,37246821,0.00620326,0.0064712774,0.0059352426,4.1416466856,8.6411805386,19.9393559149,12.509365584,29.8014438085,0.006757,0.6658211795,22992759.5,1.6199369632,-1.4459769329,0.0059088016,-1,0.006543355,0.0001454524"
2026-05-15T05:00:00.000-03:00,"CSV=1778832000000,0.00635,0.006373,0.006172,0.006269,38295975,0.0061967,0.006458952,0.005934448,4.0602877035,8.4642482374,18.2063012563,15.4003556826,28.3713058405,0.006757,-0.7912644406,25988371.1,1.4735811972,-1.3526487558,0.0059088016,-1,0.0065406251,0.0001510072"
2026-05-15T06:00:00.000-03:00,"CSV=1778835600000,0.006268,0.00635,0.006267,0.006313,12182160,0.00619156,0.0064489181,0.0059342019,3.9907167208,8.3131892761,17.5321137911,14.8300736349,27.0365104037,0.006757,0,26214580.4,0.4647093264,-0.9017658372,0.0059088016,-1,0.0065383601,0.0001442064"
2026-05-15T07:00:00.000-03:00,"CSV=1778839200000,0.006313,0.006405,0.006278,0.006359,24551837,0.0061867,0.0064384957,0.0059349043,3.9107838991,8.1399017658,19.0073109432,13.9812935977,26.2497841574,0.006533,-0.2978990279,24271358.7,1.0115559373,-0.7016244016,0.0059140426,-1,0.0065365755,0.0001424858"
2026-05-15T08:00:00.000-03:00,"CSV=1778842800000,0.00636,0.006398,0.00627,0.006302,17402651,0.00618214,0.0064297062,0.0059345738,3.8503506279,8.0090788746,17.9009486445,13.5312766657,25.4265909148,0.006479,0.5584809319,23805415.8,0.7310374726,-0.3316594381,0.0059140426,-1,0.0065342414,0.0001410372"
2026-05-15T09:00:00.000-03:00,"CSV=1778846400000,0.0063,0.006338,0.006242,0.00627,24658825,0.00617822,0.0064227942,0.0059336458,3.8079094119,7.917302532,17.1010693701,14.2299225675,24.3424128041,0.006477,-0.3496503497,24531964.9,1.0051712164,-0.3382591145,0.0059140426,-1,0.0065316121,0.0001365335"
2026-05-15T10:00:00.000-03:00,"CSV=1778850000000,0.00627,0.006278,0.005732,0.00577,215057882,0.00616588,0.0064151296,0.0059166304,3.8853395301,8.0848010306,13.4411636425,31.1750120719,25.3694236956,0.006477,-8.1356471899,44587408.9,4.8232872756,-13.305693933,0.0065374404,1,0.0065240339,0.0001774801"
2026-05-15T11:00:00.000-03:00,"CSV=1778853600000,0.005769,0.005854,0.005708,0.005792,98190652,0.0061575,0.0064120783,0.0059029217,3.9702936278,8.2688863223,12.6646261299,30.3236299724,26.4167067794,0.006436,-7.7266209973,53079190.6,1.8498897758,-13.6349283502,0.0063039964,1,0.00651675,0.0001743321"
2026-05-15T12:00:00.000-03:00,"CSV=1778857200000,0.005787,0.005863,0.005753,0.00579,27561980,0.00615022,0.0064099468,0.0058904932,4.0519338129,8.4460979234,12.4648779814,28.9724480763,27.3114223579,0.006436,-6.1892417369,51557925.9,0.5345827924,-10.1928396104,0.0063039964,1,0.0065095186,0.0001678989"
2026-05-15T13:00:00.000-03:00,"CSV=1778860800000,0.005794,0.005897,0.005787,0.005873,27563281,0.00614648,0.0064088123,0.0058841477,4.0933064235,8.5360182296,13.3053085551,27.652287045,27.8259181466,0.006436,-6.4361956349,52271206.4,0.5273128917,-7.9265227175,0.0063039964,1,0.0065031851,0.000162109"
2026-05-15T14:00:00.000-03:00,"CSV=1778864400000,0.005878,0.006002,0.005854,0.005977,22083914,0.0061501,0.0064087946,0.0058914054,4.0365560903,8.412695347,16.8581302528,25.9478706844,27.3865058696,0.006436,-5.874015748,50754915.7,0.4351088697,-6.1362939292,0.0063039964,1,0.0064979494,0.0001606981"
2026-05-15T15:00:00.000-03:00,"CSV=1778868000000,0.005976,0.006014,0.005864,0.005907,24576626,0.00615246,0.0064083729,0.0058965471,3.9934144987,8.3190428613,16.3024275616,24.3200664912,26.8765350827,0.006436,-5.7744456851,49382980.8,0.4976740084,-5.0487931295,0.0063039964,1,0.0064920693,0.0001596283"
2026-05-15T16:00:00.000-03:00,"CSV=1778871600000,0.005907,0.005981,0.005863,0.005917,27069676,0.00615194,0.006408304,0.005895576,4.0004967357,8.3344113243,15.4837183578,23.1412702142,26.4064582666,0.006436,-6.2727704736,50871732.4,0.5321162603,-4.4784764751,0.0063039964,1,0.0064863472,0.0001554655"
2026-05-15T17:00:00.000-03:00,"CSV=1778875200000,0.005916,0.005962,0.00588,0.00591,15516655,0.00615176,0.0064082906,0.0058952294,4.0031047928,8.3400713828,14.9256273112,22.3071723951,25.9677199048,0.006412,-7.0608586256,49968214.2,0.3105305092,-3.7165216582,0.0063039964,1,0.0064806125,0.0001481189"
2026-05-15T18:00:00.000-03:00,"CSV=1778878800000,0.00591,0.006081,0.005909,0.006003,21001951,0.0061527,0.0064085969,0.0058968031,3.9930249757,8.3181976615,18.9915898027,20.6356017072,24.513118344,0.006412,-4.7445255474,50328144.2,0.4173003264,-3.1376451253,0.0063039964,1,0.0064758601,0.000150507"
2026-05-15T19:00:00.000-03:00,"CSV=1778882400000,0.006005,0.006068,0.005976,0.006032,15246833,0.0061537,0.0064090249,0.0058983751,3.9838339562,8.2982566798,18.2095962997,19.7859147334,23.1554902206,0.006412,-3.7958532695,49386945,0.3087219305,-2.4823844666,0.0063039964,1,0.0064714436,0.0001446563"
2026-05-15T20:00:00.000-03:00,"CSV=1778886000000,0.006032,0.006053,0.005997,0.006041,7396208,0.00615666,0.0064097939,0.0059035261,3.9491741661,8.22309258,17.7333879973,19.2684833357,21.8883706388,0.006412,4.6967071057,28620777.6,0.2584209312,-1.2503471697,0.0063039964,1,0.0064671605,0.0001357907"
2026-05-15T21:00:00.000-03:00,"CSV=1778889600000,0.006042,0.006049,0.005982,0.006024,10411711,0.00615852,0.0064103272,0.0059067128,3.9281484535,8.1775221154,17.1581890371,19.3696697013,20.8327612779,0.006412,4.0055248619,19842883.5,0.5247075608,-0.1329883865,0.0063039964,1,0.006462751,0.0001289116"
2026-05-15T22:00:00.000-03:00,"CSV=1778893200000,0.006024,0.00605,0.005924,0.00596,19897032,0.00615966,0.0064104347,0.0059088853,3.9119763433,8.1424847643,16.1055922465,21.0052977921,20.3241023943,0.006412,2.9360967185,19076388.7,1.0430187974,0.9321424317,0.0063039964,1,0.0064577485,0.0001286205"
2026-05-15T23:00:00.000-03:00,"CSV=1778896800000,0.005965,0.006043,0.005946,0.006014,9818301,0.0061621,0.0064108438,0.0059133562,3.8800481009,8.0733459062,15.3298917084,19.993610637,19.849354103,0.006412,2.4008172995,17301890.7,0.5674698315,1.0755587506,0.0063039964,1,0.0064533331,0.0001254584"
2026-05-16T00:00:00.000-03:00,"CSV=1778900400000,0.006017,0.006035,0.005995,0.006005,4373632,0.00616468,0.0064111011,0.0059182589,3.8436632549,7.9946124926,15.0104709101,19.5770144084,19.4062556977,0.006405,0.4684624394,15530862.5,0.2816090864,0.7610135936,0.0063039964,1,0.0064488721,0.0001169126"
2026-05-16T01:00:00.000-03:00,"CSV=1778904000000,0.006005,0.006009,0.005879,0.005909,16476148,0.0061658,0.0064109258,0.0059206742,3.8235638837,7.9511448711,13.9950520925,24.2889074454,19.9050498504,0.006405,0.0338581344,14720814.7,1.1192415865,0.5199742064,0.006298664,1,0.0064435002,0.0001182213"
2026-05-16T02:00:00.000-03:00,"CSV=1778907600000,0.00591,0.005962,0.005892,0.00593,8586428,0.00616902,0.0064099336,0.0059281064,3.7584407104,7.8104318718,13.4693782695,23.37658195,20.3705910596,0.006405,0.2197059321,12872489.9,0.6670370742,0.3955001383,0.0062671976,1,0.0064383907,0.0001133992"
2026-05-16T03:00:00.000-03:00,"CSV=1778911200000,0.00593,0.005931,0.005759,0.005882,59839076,0.00616966,0.0064097664,0.0059295536,3.7459455944,7.7834551855,12.2573009843,28.231323979,21.6427591948,0.006398,-0.4737732657,17304732,3.4579602851,-0.28242962,0.0062027778,1,0.0064328545,0.0001192593"
2026-05-16T04:00:00.000-03:00,"CSV=1778914800000,0.005876,0.005886,0.005555,0.005704,108651852,0.00616564,0.0064117513,0.0059195287,3.8384417058,7.9833184359,10.3389727319,33.4586042584,23.7190730525,0.006338,-4.9808429119,26069722.1,4.16774109,-7.1079076355,0.0061418,1,0.0064256022,0.0001404333"
2026-05-16T05:00:00.000-03:00,"CSV=1778918400000,0.0057,0.005741,0.005688,0.005714,17129348,0.00616244,0.0064133166,0.0059115634,3.911806846,8.142117606,10.0686331188,32.5837411202,25.6569659863,0.006278,-5.2718832891,26257973.6,0.6523484356,-5.8849733625,0.00610957,1,0.0064185216,0.00013169"
2026-05-16T06:00:00.000-03:00,"CSV=1778922000000,0.00571,0.005757,0.0056,0.005628,37443720,0.00615768,0.006416275,0.005899085,4.0302980566,8.3991050822,9.2970799326,34.3820193716,27.7751732461,0.006081,-6.8366164542,29262724.8,1.2795705204,-6.8392931996,0.006081163,1,0.0064106557,0.000134221"
2026-05-16T07:00:00.000-03:00,"CSV=1778925600000,0.005628,0.005668,0.005582,0.005653,19706444,0.00615198,0.0064183777,0.0058855823,4.1505458468,8.6605518695,8.8969522184,33.803081388,29.8120367264,0.006081,-6.1586985392,30192198.1,0.6526998775,-5.8994560604,0.0060131967,1,0.0064031169,0.0001293989"
2026-05-16T08:00:00.000-03:00,"CSV=1778929200000,0.005652,0.005727,0.005651,0.005699,21240894,0.00614042,0.0064135964,0.0058672436,4.2593319653,8.8976441313,11.5882359195,32.4795318713,30.9850477838,0.006081,-4.3791946309,30326584.3,0.7004050898,-4.9553741098,0.0060131967,1,0.0063961107,0.000124059"
2026-05-16T09:00:00.000-03:00,"CSV=1778932800000,0.005697,0.005746,0.005676,0.005712,13107886,0.00611968,0.0063851205,0.0058542395,4.157172874,8.6749796488,12.1668995346,31.2712270814,31.8514146828,0.006081,-5.0216162288,30655542.8,0.4275861656,-4.0193072826,0.0060131967,1,0.0063893037,0.0001186531"
2026-05-16T10:00:00.000-03:00,"CSV=1778936400000,0.005715,0.005747,0.005674,0.00568,9326770,0.0061046,0.0063731548,0.0058360452,4.2138439651,8.7984404835,11.6813346782,30.1325726383,32.6697894413,0.006081,-5.4121565362,31150856.6,0.2994065338,-3.2196831981,0.0060131967,1,0.0063822459,0.0001140878"
2026-05-16T11:00:00.000-03:00,"CSV=1778940000000,0.005679,0.005693,0.00565,0.005682,12976864,0.00608916,0.0063593701,0.0058189499,4.2490071992,8.8751188366,11.3943454957,30.7635175345,33.5547626589,0.006081,-3.841597563,30800928.2,0.4213140564,-2.6859618161,0.0059924371,1,0.0063752783,0.000106979"
2026-05-16T12:00:00.000-03:00,"CSV=1778943600000,0.005683,0.005738,0.00568,0.005708,14273373,0.00607128,0.0063364957,0.0058060643,4.1855262254,8.7367306013,13.6639385793,29.7086950057,33.7839658907,0.006081,-3.7436762226,31369622.7,0.4550062057,-2.3584398486,0.0059924371,1,0.0063686387,0.0001020811"
2026-05-16T13:00:00.000-03:00,"CSV=1778947200000,0.005708,0.00578,0.005703,0.00574,8221537,0.00605592,0.0063176142,0.0057942258,4.142295288,8.6425922683,15.5650839395,28.3271281452,33.4700930864,0.006081,-2.4141448487,26207868.8,0.3137049053,-1.8247362594,0.0059924371,1,0.0063623836,0.000099573"
2026-05-16T14:00:00.000-03:00,"CSV=1778950800000,0.005741,0.005801,0.005718,0.005774,17442868,0.00604212,0.0063000976,0.0057841424,4.0948186156,8.5393063367,16.0613386081,26.8832810766,32.9187377608,0.006068,1.2272089762,17086970.4,1.0208285958,-0.7989008343,0.0059924371,1,0.006356529,0.0000979157"
2026-05-16T15:00:00.000-03:00,"CSV=1778954400000,0.005774,0.005788,0.005731,0.005761,7936184,0.00602988,0.0062863825,0.0057733775,4.0802882179,8.5077157596,15.4807472658,25.9114940651,32.4041394569,0.006053,0.8225411271,16167654,0.490868001,-0.3980141833,0.0059924371,1,0.0063506034,0.0000938241"
2026-05-16T16:00:00.000-03:00,"CSV=1778958000000,0.005761,0.005766,0.005733,0.005737,4596769,0.00601548,0.0062677757,0.0057631843,4.0252831288,8.3882156886,15.1412373275,25.3432262935,31.9238477065,0.00605,1.9367448472,12882958.9,0.3568100338,-0.0349927908,0.0059924371,1,0.0063444979,0.0000877417"
2026-05-16T17:00:00.000-03:00,"CSV=1778961600000,0.005738,0.005753,0.005678,0.005711,14458288,0.00600304,0.0062547068,0.0057513732,4.0236380417,8.3846438011,14.3736325713,27.7761473035,31.9154147952,0.00605,1.0260038917,12358143.3,1.1699401479,0.3767925211,0.0059749027,1,0.0063381944,0.0000864676"
2026-05-16T18:00:00.000-03:00,"CSV=1778965200000,0.005712,0.005764,0.005706,0.005717,5801043,0.0059895,0.0062379597,0.0057410403,3.9830279089,8.296508049,14.558741429,26.6564303967,31.7445547239,0.006043,0.3158448851,10814158.2,0.5364303807,0.307671278,0.0059749027,1,0.0063320134,0.0000836208"
2026-05-16T19:00:00.000-03:00,"CSV=1778968800000,0.005722,0.005723,0.005677,0.005709,6704844,0.00597624,0.0062216048,0.0057308752,3.9437534767,8.2113420406,14.0765435252,27.8616003828,31.8195826532,0.006035,-0.0525210084,10173854,0.6590269528,0.1935765987,0.0059395761,1,0.0063258142,0.0000798587"
2026-05-16T20:00:00.000-03:00,"CSV=1778972400000,0.005708,0.005754,0.005707,0.005728,9915287,0.00596464,0.0062077459,0.0057215341,3.9161700186,8.1515693522,15.8918265073,26.8867390017,31.4117384468,0.006009,0.8450704225,10232705.7,0.9689799835,0.4020031738,0.0059395761,1,0.0063198658,0.0000765728"
2026-05-16T21:00:00.000-03:00,"CSV=1778976000000,0.005728,0.005748,0.005675,0.005693,17869729,0.00595212,0.0061927609,0.0057114791,3.885842672,8.0858903205,15.0174067214,27.8193211547,31.309980521,0.005962,0.193593805,10721992.2,1.666642604,0.375552677,0.0059395761,1,0.0063136284,0.0000762156"
2026-05-16T22:00:00.000-03:00,"CSV=1778979600000,0.005693,0.005695,0.005619,0.005644,13234824,0.00593874,0.0061775351,0.0056999449,3.865540568,8.0419458139,14.1489949383,30.4715507375,31.6613689683,0.005931,-1.1212333567,10618137.3,1.2464355683,-0.2154799274,0.005885582,1,0.0063069654,0.000076194"
2026-05-16T23:00:00.000-03:00,"CSV=1778983200000,0.005644,0.00573,0.00564,0.005678,15898635,0.00592474,0.0061578233,0.0056916567,3.7851575866,7.8681365405,15.8401015444,28.3886541473,31.4420731876,0.005886,-1.0801393728,11385847.1,1.3963506501,-0.6464043901,0.005885582,1,0.006300707,0.0000775746"
2026-05-17T00:00:00.000-03:00,"CSV=1778986800000,0.005679,0.005872,0.005677,0.005838,26996620,0.00591616,0.0061443307,0.0056879893,3.7135154621,7.7134718958,23.6436060556,24.5008094346,29.4646338758,0.005872,1.1084170419,12341222.3,2.1875158995,0.3772903741,0.005885582,1,0.006296103,0.0000893171"
2026-05-17T01:00:00.000-03:00,"CSV=1778990400000,0.005839,0.0059,0.005798,0.005888,26572315,0.00590808,0.0061298621,0.0056862979,3.6180606707,7.5077565277,23.9150015003,22.7543544021,27.6661221247,0.0059,2.2044783892,14204835.4,1.8706527919,1.6261314672,0.0055772437,-1,0.0062920422,0.0000905854"
2026-05-17T02:00:00.000-03:00,"CSV=1778994000000,0.005886,0.0059,0.005794,0.005804,12524898,0.00589854,0.0061142518,0.0056828282,3.5280158496,7.3140733668,22.1564838449,21.3586606459,25.9439431837,0.0059,1.1678577654,14997648.3,0.8351241308,1.4091897119,0.0055772437,-1,0.0062871861,0.0000921269"
2026-05-17T03:00:00.000-03:00,"CSV=1778997600000,0.005804,0.005813,0.005778,0.005809,7503911,0.00588918,0.0060983203,0.0056800397,3.4294739456,7.1025272114,21.5947256534,21.976176132,24.2727116848,0.0059,1.7159866923,14302210.6,0.5246679139,1.2395675273,0.0055772437,-1,0.006282428,0.0000864142"
2026-05-17T04:00:00.000-03:00,"CSV=1779001200000,0.005806,0.00581,0.005753,0.005786,11522862,0.00588146,0.0060871132,0.0056758068,3.3785016986,6.9932711828,20.6798420877,22.9032927863,22.9946396359,0.0059,1.2069267098,14874392.5,0.774677823,1.1380381369,0.0055772437,-1,0.0062774884,0.0000834728"
2026-05-17T05:00:00.000-03:00,"CSV=1779004800000,0.005786,0.005804,0.00574,0.005764,6378308,0.0058712,0.0060695302,0.0056728698,3.2676372332,6.7560372553,19.6769718536,22.7776521282,21.9485647299,0.0059,0.9633911368,14841738.9,0.4297547641,0.8966994015,0.0055772437,-1,0.0062723791,0.0000815255"
2026-05-17T06:00:00.000-03:00,"CSV=1779008400000,0.005764,0.00578,0.005716,0.005748,9978706,0.00585916,0.0060459982,0.0056723218,3.0902779927,6.3776428798,18.7050749482,23.5048272466,21.2434039066,0.0059,0.3491620112,14848080.8,0.6720535896,0.6760181287,0.0055772437,-1,0.0062671614,0.0000797729"
2026-05-17T07:00:00.000-03:00,"CSV=1779012000000,0.005748,0.005764,0.005712,0.005725,7482605,0.00584828,0.0060265795,0.0056699805,2.9585526407,6.097503121,17.9339504623,22.8529495585,20.6311931536,0.0059,0.5620937994,13809368.4,0.5418499082,0.5522022436,0.0055772437,-1,0.0062617668,0.0000769957"
2026-05-17T08:00:00.000-03:00,"CSV=1779015600000,0.005724,0.005736,0.005669,0.005686,17520847,0.00583574,0.0060025958,0.0056688842,2.7797280965,5.7184125122,16.9682619113,25.0782369957,20.5416542964,0.0059,0.7441530829,14237970.7,1.2305719241,0.6733794595,0.0055772437,-1,0.0062560377,0.0000759961"
2026-05-17T09:00:00.000-03:00,"CSV=1779019200000,0.005688,0.00574,0.005683,0.005735,10954793,0.00582326,0.0059729666,0.0056735534,2.5064031091,5.1416773799,16.5027087519,23.9049294611,20.3934683458,0.0059,1.0038746037,13743586.5,0.7970840071,0.7156437702,0.0055772437,-1,0.0062508533,0.0000740965"
2026-05-17T10:00:00.000-03:00,"CSV=1779022800000,0.005735,0.005798,0.005707,0.00575,15037503,0.00581222,0.0059456879,0.0056787521,2.2447855238,4.5926665617,20.0026442403,22.1336100887,19.3710585559,0.0059,-1.5073655361,12547674.8,1.1984294493,-0.1250612363,0.0055772437,-1,0.0062458697,0.0000757868"
2026-05-17T11:00:00.000-03:00,"CSV=1779026400000,0.005748,0.005848,0.0057,0.005802,26371713,0.00580286,0.0059192083,0.0056865117,1.9656053084,4.0100320191,21.5785783195,19.6025341698,18.3995495474,0.0059,-1.4605978261,12527614.6,2.1050865502,-1.1082691038,0.0055772437,-1,0.0062414531,0.0000830081"
2026-05-17T12:00:00.000-03:00,"CSV=1779030000000,0.005806,0.005821,0.005706,0.005748,24138573,0.00580242,0.0059189332,0.0056859068,1.9684829498,4.01602058,19.7028051181,17.8985336684,17.4928078062,0.0059,-0.9648518263,13688982.1,1.7633577737,-1.305972392,0.0055772437,-1,0.0062365431,0.0000862073"
2026-05-17T13:00:00.000-03:00,"CSV=1779033600000,0.005753,0.005778,0.005698,0.005719,25122845,0.00580096,0.0059180506,0.0056838694,1.978532547,4.0369372106,18.503922485,17.4179211472,16.5281695427,0.0059,-1.5493200207,15450875.5,1.6259819711,-1.7103704017,0.0055772437,-1,0.0062313934,0.0000855866"
2026-05-17T14:00:00.000-03:00,"CSV=1779037200000,0.005717,0.005717,0.005661,0.005683,17702847,0.00579882,0.0059170634,0.0056805766,1.998346421,4.0781891897,17.6687876696,19.5109654378,15.7566107414,0.0059,-1.7801590045,16068874,1.1016855941,-1.7939721113,0.0055772437,-1,0.0062259367,0.0000828279"
2026-05-17T15:00:00.000-03:00,"CSV=1779040800000,0.005682,0.005714,0.005619,0.005688,18554057,0.00579512,0.0059138777,0.0056763623,2.0081185724,4.0985407019,16.3720429201,21.3237115346,15.581895278,0.0059,-1.3185287994,17286448.9,1.0733295836,-1.6677200633,0.0055772437,-1,0.0062205841,0.0000840451"
2026-05-17T16:00:00.000-03:00,"CSV=1779044400000,0.005685,0.005707,0.005677,0.005691,6682485,0.0057894,0.0059061299,0.0056726701,1.9764201912,4.0325403235,15.9753459432,20.8070349084,15.4188275122,0.0059,-0.9916492693,16956826.8,0.3940881793,-1.2420791272,0.0055772437,-1,0.0062153146,0.0000786406"
2026-05-17T17:00:00.000-03:00,"CSV=1779048000000,0.005691,0.005705,0.005635,0.005657,9694382,0.0057844,0.0059013396,0.0056674604,1.9815779066,4.0432764868,15.0629050055,23.0455633226,15.7873858949,0.0059,-1.1877729258,17178004.5,0.564348554,-1.0514920625,0.0055772437,-1,0.0062097593,0.0000777766"
2026-05-17T18:00:00.000-03:00,"CSV=1779051600000,0.005657,0.005681,0.005624,0.00566,15228004,0.00577926,0.0058959061,0.0056626139,1.9784253173,4.0367140066,14.3479411037,22.8676961125,16.2610897725,0.0059,-0.4572634541,16948720.2,0.8984751545,-0.8379413259,0.0055772437,-1,0.006204289,0.0000756989"
2026-05-17T19:00:00.000-03:00,"CSV=1779055200000,0.005659,0.005661,0.00552,0.005593,45027710,0.00577292,0.0058908951,0.0056549449,2.0026677421,4.0871882856,12.7446552843,28.5544416335,17.7290965495,0.0059,-2.4760244115,20356011.9,2.2120103988,-2.3842914659,0.0055772437,-1,0.0061982066,0.000082229"
2026-05-17T20:00:00.000-03:00,"CSV=1779058800000,0.005594,0.005594,0.00502,0.005302,257380204,0.0057589,0.0058896598,0.0056281402,2.2201590928,4.5411386892,8.5684642396,47.741379125,21.1849385651,0.0059,-7.7913043478,44590282,5.7721142916,-16.5802940361,0.0057012184,1,0.0061892891,0.0001314061"
2026-05-17T21:00:00.000-03:00,"CSV=1779062400000,0.005302,0.00537,0.005257,0.005362,38823105,0.0057455,0.0058817993,0.0056092007,2.3173056432,4.7445571777,8.0145277482,44.6549809904,24.4103911129,0.0059,-7.5835918649,45835421.2,0.8470109794,-13.1946578816,0.0057012184,1,0.0061810573,0.0001295655"
2026-05-17T22:00:00.000-03:00,"CSV=1779066000000,0.005362,0.005398,0.005304,0.005346,21892249,0.0057316,0.0058724186,0.0055907814,2.3979660878,4.9137625349,9.2007131584,42.222160457,27.0640639876,0.005848,-6.993736952,45610788.8,0.4799796183,-9.9153889853,0.0057012184,1,0.0061727483,0.000126009"
2026-05-17T23:00:00.000-03:00,"CSV=1779069600000,0.005345,0.005422,0.005344,0.00538,17948409,0.00571872,0.0058616412,0.0055757988,2.4382461623,4.9983647616,10.1971468938,40.2715588523,29.2324742792,0.005848,-5.927609722,44893345.2,0.3998011046,-7.4002142951,0.0057012184,1,0.0061648603,0.0001212081"
2026-05-18T00:00:00.000-03:00,"CSV=1779073200000,0.00538,0.005421,0.005328,0.00534,16391059,0.00570632,0.0058545663,0.0055580737,2.5321489637,5.1958649684,9.6288761533,38.9860573494,31.3094538097,0.005848,-6.0355446067,44762166.4,0.3661810926,-5.6701769696,0.0057012184,1,0.0061566527,0.0001183873"
2026-05-18T01:00:00.000-03:00,"CSV=1779076800000,0.005343,0.005396,0.005201,0.005394,179947973,0.00569392,0.0058418414,0.0055459986,2.5321030267,5.1957682586,8.557507809,41.8947944789,33.6272795043,0.005848,-5.1687763713,60901558,2.9547351317,-8.8709063572,0.0056766456,1,0.0061490641,0.0001260485"
2026-05-18T02:00:00.000-03:00,"CSV=1779080400000,0.005392,0.005401,0.005302,0.005308,18168642,0.00567998,0.0058307437,0.0055292163,2.5856687982,5.3086004211,8.3573637714,39.5038658426,35.7239065984,0.005848,-6.7299244421,62050173.7,0.292805659,-6.5707908918,0.0056766456,1,0.0061406953,0.0001233437"
2026-05-18T03:00:00.000-03:00,"CSV=1779084000000,0.005307,0.005321,0.005223,0.005236,25646321,0.00566652,0.0058260251,0.0055070149,2.7378038354,5.6297388778,7.8803756392,41.8500852342,37.8961562172,0.005848,-7.4421071239,63645367.6,0.402956601,-5.3801426583,0.0056344279,1,0.0061316934,0.0001208093"
2026-05-18T04:00:00.000-03:00,"CSV=1779087600000,0.005237,0.005254,0.005185,0.005223,21946391,0.00565238,0.0058190765,0.0054856835,2.8646552097,5.8982756809,7.555090533,42.3958768313,40.0197440092,0.005848,-7.7208480565,64317206.3,0.3412211485,-4.4649339859,0.0055663851,1,0.0061226517,0.0001156284"
2026-05-18T05:00:00.000-03:00,"CSV=1779091200000,0.005221,0.005291,0.005215,0.00528,12654142,0.00564034,0.0058116922,0.0054689878,2.9484049848,6.0759536912,9.4655496335,40.4265765222,41.4888236106,0.005848,-5.5962810656,61079849.5,0.2071737587,-3.3630901849,0.0055663851,1,0.0061142671,0.0001116655"
2026-05-18T06:00:00.000-03:00,"CSV=1779094800000,0.005281,0.005286,0.005217,0.005227,10491968,0.0056308,0.0058113728,0.0054502272,3.1072306496,6.4137513469,9.0563454823,38.6788995703,42.8599645718,0.005848,-1.4145605432,36391025.9,0.2883119599,-2.3780050308,0.0055663851,1,0.0061054385,0.000107399"
2026-05-18T07:00:00.000-03:00,"CSV=1779098400000,0.005227,0.00524,0.00515,0.005191,22498254,0.00562034,0.0058106743,0.0054300057,3.2755974045,6.773052749,8.5403717293,40.7165959512,44.3575131551,0.005821,-3.1891085416,34758540.8,0.6472726841,-2.2734109691,0.0055119773,1,0.0060963397,0.0001056591"
2026-05-18T08:00:00.000-03:00,"CSV=1779102000000,0.005193,0.00532,0.005184,0.005307,20346089,0.00561392,0.0058092361,0.0054186039,3.3621655749,6.9582800461,12.7869335719,37.2779586282,44.6615830415,0.005778,-0.7295173962,34603924.8,0.5879705588,-1.6585855631,0.0055119773,1,0.0060884855,0.0001086932"
2026-05-18T09:00:00.000-03:00,"CSV=1779105600000,0.005308,0.005411,0.005296,0.005375,28702124,0.00560836,0.0058064221,0.0054102979,3.4110866254,7.0631017707,17.5023064783,34.6284229101,43.8742940296,0.005717,-0.092936803,35679296.3,0.8044475922,-1.1306446378,0.0055119773,1,0.0060813862,0.0001093239"
2026-05-18T10:00:00.000-03:00,"CSV=1779109200000,0.005372,0.005374,0.005291,0.005319,15148734,0.00560076,0.0058024556,0.0053990644,3.4760381399,7.2024356915,16.5800571475,33.117395747,43.1677429957,0.005714,-0.393258427,35555063.8,0.4260640365,-0.8096141828,0.0055119773,1,0.0060738002,0.0001067915"
2026-05-18T11:00:00.000-03:00,"CSV=1779112800000,0.005316,0.005322,0.005263,0.005277,19479250,0.00559206,0.0057981045,0.0053860155,3.5536527667,7.3691806246,15.9476654917,33.6643566278,42.6705921159,0.005707,-2.1690767519,19508191.5,0.9985164437,-1.2616957234,0.0055119773,1,0.0060658719,0.0001020123"
2026-05-18T12:00:00.000-03:00,"CSV=1779116400000,0.005276,0.005299,0.005241,0.005285,14201898,0.00558416,0.0057942147,0.0053741053,3.6252487167,7.523233354,15.3317364823,33.8291437978,42.3343042144,0.005705,-0.433308214,19111517.1,0.7431067835,-0.9484619067,0.0055119773,1,0.006058102,0.0000976111"
2026-05-18T13:00:00.000-03:00,"CSV=1779120000000,0.005285,0.005314,0.005259,0.005275,8634077,0.00557602,0.0057899753,0.0053620647,3.6952709573,7.6741214976,15.7826111935,32.5518037758,41.8249575866,0.005681,0.7448433919,17410292.7,0.4959179693,-0.5091808637,0.0055119773,1,0.0060503099,0.00009335"
2026-05-18T14:00:00.000-03:00,"CSV=1779123600000,0.005275,0.005282,0.005221,0.005227,13992692,0.0055664,0.0057849686,0.0053478314,3.7782161102,7.8531408533,15.1048715064,33.8290448995,41.5875739861,0.005661,0.0765843385,16614922.8,0.8421761671,-0.3179547409,0.0055119773,1,0.0060421178,0.000090115"
2026-05-18T15:00:00.000-03:00,"CSV=1779127200000,0.005226,0.005226,0.005165,0.005171,15458088,0.00555502,0.0057789995,0.0053310405,3.8757488528,8.0640396289,14.4300677254,36.352869846,41.6930438446,0.005594,-2.0643939394,16895317.4,0.9149332702,-0.8415640599,0.0054574105,1,0.00603345,0.0000873035"
2026-05-18T16:00:00.000-03:00,"CSV=1779130800000,0.005171,0.005302,0.005166,0.005284,13465478,0.00554522,0.0057701217,0.0053203183,3.8976941068,8.1115516856,18.3688217594,32.8986570805,40.8029230813,0.005422,1.0904916778,17192668.4,0.7832104759,-0.2763478713,0.0054574105,1,0.0060259928,0.0000921731"
2026-05-18T17:00:00.000-03:00,"CSV=1779134400000,0.005281,0.005338,0.005258,0.005262,14531167,0.00553524,0.005761413,0.005309067,3.9256514418,8.1721114964,19.8735426347,31.0398096938,39.5448550775,0.005422,1.3677518783,16395959.7,0.8862651083,0.2198316747,0.0054574105,1,0.0060183908,0.0000909558"
2026-05-18T18:00:00.000-03:00,"CSV=1779138000000,0.005266,0.005327,0.005257,0.005317,14832574,0.00552684,0.005753163,0.005300517,3.9338879746,8.1899597926,18.8737825617,29.5501843022,38.3783823124,0.005422,0.188430375,15844608.2,0.9361275339,0.2053527372,0.0054574105,1,0.0060114118,0.0000888602"
2026-05-18T19:00:00.000-03:00,"CSV=1779141600000,0.005317,0.005363,0.005288,0.005317,14690637,0.00551896,0.0057455927,0.0052923273,3.9444608164,8.2128752801,20.4639698344,27.9368499554,36.8491283881,0.005421,-1.0790697674,14443459.5,1.0171134554,-0.2289436351,0.0054574105,1,0.0060045023,0.0000874742"
2026-05-18T20:00:00.000-03:00,"CSV=1779145200000,0.005318,0.005338,0.005271,0.005281,7514146,0.00551024,0.0057374721,0.0052830079,3.9604914106,8.2476294783,19.4476996436,27.8095321481,35.5721392843,0.005411,-0.7144200038,13680000.7,0.5492796503,-0.2834345467,0.0054574105,1,0.0059973032,0.0000854268"
2026-05-18T21:00:00.000-03:00,"CSV=1779148800000,0.005287,0.005328,0.005276,0.005304,13918951,0.00550214,0.005729361,0.005274919,3.9659053969,8.2593695776,18.6764322333,26.7066466534,34.3802827874,0.005411,0.5116543491,13123970.8,1.06057467,-0.008073817,0.0054574105,1,0.0059904047,0.0000820841"
2026-05-18T22:00:00.000-03:00,"CSV=1779152400000,0.005302,0.005315,0.005256,0.005259,12714406,0.00549276,0.005720144,0.005265376,3.975145381,8.279409319,17.8174311286,27.0374187442,33.4586081514,0.005411,-0.4919583728,12975221.6,0.9798989483,-0.1660723754,0.0054574105,1,0.005983127,0.0000797757"
2026-05-18T23:00:00.000-03:00,"CSV=1779156000000,0.005256,0.00529,0.005225,0.005231,11596648,0.00548352,0.0057119638,0.0052550762,3.9993915869,8.3320130009,16.8999246437,28.1010397801,32.8874231759,0.005411,-0.8341232227,13271478.7,0.8738022539,-0.3536678342,0.0054574105,1,0.0059756432,0.0000782981"
2026-05-19T00:00:00.000-03:00,"CSV=1779159600000,0.005235,0.005338,0.005222,0.005236,23194382,0.00547536,0.0057052083,0.0052455117,4.0287447146,8.39573204,19.0941796373,25.5821511276,31.6630727831,0.005411,0.1721828965,14191647.7,1.6343685025,-0.1419751219,0.0054574105,1,0.0059682835,0.0000820683"
2026-05-19T01:00:00.000-03:00,"CSV=1779163200000,0.005236,0.005319,0.005229,0.005312,11200824,0.00546804,0.005697145,0.005238935,4.0214008314,8.3797864653,17.7700713737,23.8081268777,30.5203457499,0.005411,2.7267453104,13765921.3,0.8136632308,0.6449007183,0.0054574105,1,0.0059617534,0.0000828615"
2026-05-19T02:00:00.000-03:00,"CSV=1779166800000,0.00531,0.005395,0.005282,0.005372,16309951,0.00545872,0.0056819896,0.0052354504,3.9294266878,8.1802919506,21.9926207522,21.7766464196,28.5185519206,0.005411,1.6654049962,14050368.6,1.160820151,1.0743457053,0.0054574105,1,0.0059558852,0.0000858753"
2026-05-19T03:00:00.000-03:00,"CSV=1779170400000,0.005372,0.005406,0.005328,0.005334,16253472,0.00544764,0.0056629352,0.0052323448,3.8018308282,7.9041646237,21.5242706882,20.4839948966,26.7824057776,0.005411,1.3683010262,14222599.1,1.1427919669,1.2374582772,0.0054574105,1,0.0059496973,0.0000850878"
2026-05-19T04:00:00.000-03:00,"CSV=1779174000000,0.005335,0.005444,0.005315,0.005434,30756005,0.00544024,0.0056494316,0.0052310484,3.7028793989,7.6905298431,22.2792879319,18.5344692709,25.6086042789,0.005444,2.2004889976,15814942.2,1.9447434338,2.2514343612,0.0054574105,1,0.0059445659,0.000089479"
2026-05-19T05:00:00.000-03:00,"CSV=1779177600000,0.005433,0.005469,0.005311,0.005325,19877166,0.00543056,0.0056335708,0.0052275492,3.6035893263,7.4766047846,21.5624346361,16.4766223014,24.7926956484,0.005469,0.1504607862,16333595.1,1.2169498435,1.5619906509,0.0054574105,1,0.0059384011,0.0000963311"
2026-05-19T06:00:00.000-03:00,"CSV=1779181200000,0.005324,0.00534,0.005264,0.005306,21317312,0.00542096,0.0056182029,0.0052237171,3.5107826414,7.2770465706,20.3953971244,18.9319674999,23.387925836,0.005469,0.4733951903,17713911.7,1.2034220539,1.2312251713,0.0054574105,1,0.0059321086,0.000094298"
2026-05-19T07:00:00.000-03:00,"CSV=1779184800000,0.005306,0.005306,0.005226,0.00525,12913065,0.00541068,0.0056031121,0.0052182479,3.4343782107,7.1130452992,19.2220504402,20.5754856919,22.055450888,0.005469,-1.0180995475,17613323.1,0.7331418908,0.5720129718,0.0054574105,1,0.0059253214,0.0000928682"
2026-05-19T08:00:00.000-03:00,"CSV=1779188400000,0.00525,0.005268,0.005226,0.005239,8797991,0.0054005,0.0055882239,0.0052127761,3.359276057,6.9520920788,18.6195116686,19.9305218306,20.8118076032,0.005469,-0.3803004373,17221681.6,0.5108671269,0.3165809839,0.0054574105,1,0.0059184923,0.0000877814"
2026-05-19T09:00:00.000-03:00,"CSV=1779192000000,0.005236,0.005269,0.005216,0.005249,13667623,0.00539098,0.0055740173,0.0052079427,3.2837593979,6.7905025619,17.8624753247,19.8873185076,19.781943916,0.005469,0.3441024661,17428779.1,0.7841985329,0.3010022056,0.0054574105,1,0.0059118307,0.0000843032"
2026-05-19T10:00:00.000-03:00,"CSV=1779195600000,0.005249,0.005377,0.005248,0.005308,24069957,0.00538342,0.0055618646,0.0052049754,3.2083597036,6.6294148828,24.1759791763,17.9808258306,19.4428476653,0.005469,1.3750954927,17516336.6,1.374143324,0.8305275675,0.0054574105,1,0.0059058225,0.0000887729"
2026-05-19T11:00:00.000-03:00,"CSV=1779199200000,0.005306,0.00532,0.005242,0.005277,16802516,0.00537426,0.0055460532,0.0052024668,3.0975762171,6.3931862511,22.7623235679,17.3792195312,19.0406782665,0.005469,-0.6588855422,18076505.8,0.9295223416,0.3495354343,0.0054574105,1,0.0058995655,0.0000876956"
2026-05-19T12:00:00.000-03:00,"CSV=1779202800000,0.005272,0.005311,0.005178,0.005234,38609924,0.00536394,0.0055281845,0.0051996955,2.9710387168,6.1240245747,20.5653907569,20.3462316544,17.8070123222,0.005469,-2.5688756515,20306503.1,1.9013576001,-1.3950934583,0.0054574105,1,0.005892943,0.0000922261"
2026-05-19T13:00:00.000-03:00,"CSV=1779206400000,0.005236,0.00533,0.005234,0.005326,7445789,0.00535442,0.0055063295,0.0052025105,2.7588152816,5.6741704446,20.5116498086,18.9330330771,16.8866850162,0.005469,-0.1499812523,19425734.8,0.3832951019,-0.9492246654,0.0054574105,1,0.0058873017,0.0000926035"
2026-05-19T14:00:00.000-03:00,"CSV=1779210000000,0.005327,0.00534,0.005276,0.00533,9162754,0.00534606,0.0054871997,0.0052049203,2.5721627212,5.2801392149,20.2806703328,18.0381168816,16.1510633616,0.005469,-1.9138755981,17266409.7,0.5306693261,-0.9713614682,0.0054574105,1,0.0058817565,0.0000897431"
2026-05-19T15:00:00.000-03:00,"CSV=1779213600000,0.00533,0.005357,0.005284,0.005292,17492984,0.00533752,0.0054683797,0.0052066603,2.393024339,4.903387945,20.444885194,17.0530400698,15.6773538562,0.005469,-0.6197183099,17027991.5,1.0273075365,-0.8597880756,0.0054574105,1,0.0058758882,0.0000880688"
2026-05-19T16:00:00.000-03:00,"CSV=1779217200000,0.005294,0.005372,0.005248,0.005276,18798036,0.00532938,0.0054508154,0.0052079446,2.2278391025,4.5572054091,18.5965786583,18.1360134738,14.7157857669,0.005469,-0.565397663,16776063.9,1.1205272054,-0.7843732048,0.0054574105,1,0.0058699192,0.0000916619"
2026-05-19T17:00:00.000-03:00,"CSV=1779220800000,0.005275,0.0053,0.005248,0.005292,11671492,0.00532146,0.0054316399,0.0052112801,2.0284829866,4.1409647385,17.8706811413,17.4280936252,13.8183222169,0.005469,0.8,16651906.6,0.7009102489,-0.3360060702,0.0054574105,1,0.0058641688,0.0000876957"
2026-05-19T18:00:00.000-03:00,"CSV=1779224400000,0.005291,0.005352,0.00525,0.005269,15133757,0.00531302,0.0054099335,0.0052161065,1.7913984549,3.648149809,20.3809263979,16.1067655915,13.678032711,0.005469,0.5726283642,17285483.2,0.8755183078,-0.056888508,0.0054574105,1,0.0058582467,0.0000891262"
2026-05-19T19:00:00.000-03:00,"CSV=1779228000000,0.00527,0.005318,0.00526,0.005271,12648981,0.0053053,0.0053889749,0.0052216251,1.5527054418,3.1543892572,19.4810870161,15.3956349142,13.5470958388,0.005469,0.4191274528,17183619,0.7361069283,0.064915202,0.0054574105,1,0.0058524034,0.0000860135"
2026-05-19T20:00:00.000-03:00,"CSV=1779231600000,0.00527,0.005343,0.005262,0.005297,10730030,0.00529804,0.0053646277,0.0052314523,1.2412357124,2.5136720196,20.186493128,14.4415745148,13.7499796407,0.005469,-0.2072343632,15849626.3,0.6769894632,-0.0034883588,0.0054574105,1,0.005846877,0.0000855122"
2026-05-19T21:00:00.000-03:00,"CSV=1779235200000,0.0053,0.005332,0.005262,0.005304,16361020,0.00529226,0.0053438467,0.0052406733,0.9653485365,1.949516704,19.0910631433,13.6578953661,13.9393378559,0.005469,0.5116543491,15805476.7,1.0351487849,0.1742205534,0.0054574105,1,0.0058414753,0.000083961"
2026-05-19T22:00:00.000-03:00,"CSV=1779238800000,0.005304,0.005304,0.005192,0.005277,17618214,0.00529176,0.0053433711,0.0052401489,0.9658896587,1.9506201558,17.4662390438,17.8148052292,13.075913342,0.005469,0.8215513947,13706305.7,1.2854093864,0.4681569937,0.0054574105,1,0.0058358586,0.0000867649"
2026-05-19T23:00:00.000-03:00,"CSV=1779242400000,0.005276,0.00531,0.005252,0.005257,8297653,0.00528966,0.0053405008,0.0052388192,0.9519851624,1.9222700504,17.1451122628,17.0114797802,12.2302681075,0.005469,-1.2955313556,13791492.1,0.6016501289,0.0522857934,0.0054574105,1,0.0058300988,0.0000838884"
2026-05-20T00:00:00.000-03:00,"CSV=1779246000000,0.005256,0.005279,0.005214,0.005261,8921837,0.00528796,0.0053383072,0.0052376128,0.9431300407,1.9042193461,16.2644711055,19.1405196541,11.9564692798,0.005469,-1.2945590994,13767400.4,0.6480407877,-0.2447851706,0.0054574105,1,0.0058244361,0.0000819995"
2026-05-20T01:00:00.000-03:00,"CSV=1779249600000,0.005259,0.005279,0.00521,0.005252,6291708,0.0052854,0.0053342336,0.0052365664,0.9154753747,1.8478675216,15.3667535286,18.404029609,11.7589578734,0.005377,-0.7558578987,12647272.8,0.4974754715,-0.2885303686,0.0054574105,1,0.0058187403,0.0000806996"
2026-05-20T02:00:00.000-03:00,"CSV=1779253200000,0.005254,0.0053,0.005214,0.005272,18601065,0.00528404,0.0053322773,0.0052358027,0.9046287453,1.8257739668,15.9881427786,17.1406343099,11.2069488847,0.005377,-0.0758150114,12627575.7,1.4730511574,-0.2295800425,0.0054574105,1,0.0058133001,0.0000812296"
2026-05-20T03:00:00.000-03:00,"CSV=1779256800000,0.005271,0.005282,0.005238,0.00527,10434923,0.00528156,0.0053271978,0.0052359222,0.8566938147,1.7281929516,15.4083151127,16.519010265,10.6917404952,0.005377,-0.4157218443,12503918.8,0.8345322108,-0.2686977849,0.0054574105,1,0.0058078941,0.0000775067"
2026-05-20T04:00:00.000-03:00,"CSV=1779260400000,0.005269,0.005308,0.005243,0.005249,5863213,0.00528038,0.0053260816,0.0052346784,0.8580715892,1.7309963665,16.7432900011,15.6222655325,10.209866746,0.005377,-0.3795786677,11576864.4,0.5064595038,-0.2432122645,0.0054574105,1,0.0058023329,0.000076256"
2026-05-20T05:00:00.000-03:00,"CSV=1779264000000,0.005249,0.005259,0.005154,0.005157,49561789,0.0052788,0.0053272892,0.0052303108,0.9102035287,1.8371286674,15.3052698613,21.5604170946,10.6603687214,0.005377,-2.1627774616,15268145.2,3.2460910183,-2.5023323406,0.0054438912,1,0.0057959117,0.0000791304"
2026-05-20T06:00:00.000-03:00,"CSV=1779267600000,0.005157,0.005182,0.005075,0.00515,53555094,0.00527734,0.0053285121,0.0052261679,0.9603451145,1.9393143395,13.9930841153,26.0418625254,11.9560543051,0.005372,-2.7751557485,19550651.6,2.7392996968,-4.2022159939,0.0053742521,1,0.0057894847,0.0000819174"
2026-05-20T07:00:00.000-03:00,"CSV=1779271200000,0.005149,0.005188,0.005142,0.00517,19006663,0.00527514,0.0053284695,0.0052218105,1.0008417019,2.0219196185,13.9570084375,25.0525280159,13.0551903627,0.005372,-2.5263951735,19815215.9,0.9591953525,-3.6092461656,0.0053742521,1,0.0057833207,0.0000783256"
2026-05-20T08:00:00.000-03:00,"CSV=1779274800000,0.00517,0.005184,0.005135,0.005143,10761791,0.00527346,0.0053295322,0.0052173878,1.0521030655,2.1265799437,13.3770038353,24.6050967815,14.1556135103,0.005372,-2.5393215842,19129573.6,0.5625734909,-2.8823491131,0.0053742521,1,0.0057769494,0.0000753931"
2026-05-20T09:00:00.000-03:00,"CSV=1779278400000,0.005144,0.005229,0.005136,0.005196,18932283,0.00527356,0.0053294893,0.0052176307,1.0494307258,2.1211211487,16.1050415295,22.6878316201,14.3431773262,0.005372,-1.1603576184,20193036.6,0.9375649327,-2.2842029462,0.0053742521,1,0.0057711688,0.0000771538"
2026-05-20T10:00:00.000-03:00,"CSV=1779282000000,0.0052,0.005218,0.005122,0.005144,14729475,0.0052703,0.0053288731,0.0052117269,1.0991651596,2.2227621463,14.8272250347,22.0447993389,14.6919430002,0.005372,-2.2239118038,20773800.4,0.7090409418,-2.0484168041,0.0053742521,1,0.0057649283,0.0000790384"
2026-05-20T11:00:00.000-03:00,"CSV=1779285600000,0.005144,0.00521,0.005122,0.005199,14250455,0.00526678,0.005324233,0.005209327,1.0790857162,2.1817139965,13.7553298669,20.4511286533,15.0174576292,0.005372,-1.0091393755,21569675.1,0.660670823,-1.5878475166,0.0053742521,1,0.0057592972,0.0000799345"
2026-05-20T12:00:00.000-03:00,"CSV=1779289200000,0.005197,0.005248,0.005159,0.005163,26559982,0.00526366,0.0053224136,0.0052049064,1.1038899839,2.2324234668,15.8577852911,18.9654460012,14.6112339263,0.005352,-2.0675265554,22365566.8,1.1875389628,-1.8769877915,0.0053742521,1,0.0057533639,0.0000808411"
2026-05-20T13:00:00.000-03:00,"CSV=1779292800000,0.005162,0.005189,0.005103,0.00516,26569130,0.00526132,0.0053218002,0.0052008398,1.1364617669,2.2990513736,14.7485355434,22.1936899835,14.980718876,0.005352,-2.0872865275,23978987.5,1.1080171755,-2.0222416352,0.0053742521,1,0.0057474597,0.000081357"
2026-05-20T14:00:00.000-03:00,"CSV=1779296400000,0.005159,0.005205,0.005147,0.005171,14783434,0.00525904,0.0053207214,0.0051973586,1.1592681096,2.3457295134,15.3661978492,21.1258790579,15.0342292596,0.005343,-1.4859973328,24871009.6,0.5944042577,-1.642588804,0.0053742521,1,0.0057417238,0.0000790213"
2026-05-20T15:00:00.000-03:00,"CSV=1779300000000,0.00517,0.005181,0.005125,0.00513,14438624,0.00525614,0.0053203593,0.0051919207,1.2070484539,2.4435922502,14.6376477949,21.9868824805,15.3697091187,0.005343,-0.5235602094,21358693.1,0.6760069042,-1.2130359748,0.0053742521,1,0.005735637,0.0000767192"
2026-05-20T16:00:00.000-03:00,"CSV=1779303600000,0.005131,0.005181,0.005111,0.005171,16742491,0.00525502,0.0053202186,0.0051898214,1.2254875457,2.481384145,13.7636698804,21.868250619,15.8614139661,0.005332,0.4077669903,17677432.8,0.9471109968,-0.6799571163,0.0053741417,1,0.0057300187,0.0000760472"
2026-05-20T17:00:00.000-03:00,"CSV=1779307200000,0.005174,0.00519,0.005144,0.005182,11849127,0.00525524,0.0053201728,0.0051903072,1.2205008356,2.4711622268,13.9977217247,20.9860197348,16.1357093761,0.00531,0.2321083172,16961679.2,0.6985821899,-0.399255832,0.0053741417,1,0.0057245658,0.0000730425"
2026-05-20T18:00:00.000-03:00,"CSV=1779310800000,0.005182,0.005201,0.00514,0.005155,9236883,0.00525266,0.0053189474,0.0051863726,1.2462510393,2.5239569179,14.21647154,19.8483211458,16.1621792585,0.00531,0.233326852,16809188.4,0.5495139194,-0.2234317704,0.0053741417,1,0.0057188985,0.0000718383"
2026-05-20T19:00:00.000-03:00,"CSV=1779314400000,0.005153,0.00516,0.005109,0.005152,8812960,0.00525046,0.0053182102,0.0051827098,1.2739284215,2.5807335412,13.5580588081,21.7442049895,16.6306158888,0.005308,-0.8468052348,15797256.1,0.5578791623,-0.3064261786,0.0053437633,1,0.0057132577,0.0000697544"
2026-05-20T20:00:00.000-03:00,"CSV=1779318000000,0.00515,0.005162,0.005138,0.005157,4475768,0.00524726,0.0053155681,0.0051789519,1.2850568162,2.603570999,13.4388387227,21.2480361502,17.0228019844,0.005308,0.2527216174,14771885.4,0.3029923316,-0.1787598817,0.0053437633,1,0.0057077228,0.000065179"
2026-05-20T21:00:00.000-03:00,"CSV=1779321600000,0.005157,0.005291,0.005135,0.005258,14882687,0.00524608,0.0053136791,0.0051784809,1.2721706421,2.5771267339,22.9351032628,18.3344352109,16.6311388107,0.005308,1.1348336219,14835108.6,1.0032071487,0.2603178129,0.0053437633,1,0.005703248,0.0000742611"
2026-05-20T22:00:00.000-03:00,"CSV=1779325200000,0.005256,0.005276,0.005213,0.005238,11534246,0.00524522,0.0053126426,0.0051777974,1.2690978638,2.5708219743,21.65052972,17.3075407547,16.2655865152,0.005308,1.4526438117,13332535,0.8651202491,0.5924490673,0.0053437633,1,0.0056986186,0.000073135"
2026-05-20T23:00:00.000-03:00,"CSV=1779328800000,0.005238,0.005343,0.005234,0.005261,35720009,0.00524436,0.0053112999,0.0051774201,1.2603299126,2.5528339551,25.3957655109,15.6795869983,16.7581822494,0.005343,1.9573643411,14247622.9,2.5070855153,2.0307259741,0.0053437633,1,0.0056942642,0.0000767215"
2026-05-21T00:00:00.000-03:00,"CSV=1779332400000,0.005264,0.005283,0.005229,0.005249,10457979,0.00524416,0.0053110708,0.0051772492,1.2598362352,2.551821239,24.1881204511,15.3742810971,17.1261915907,0.005343,1.5084122994,13815077.4,0.7569974961,1.7344387606,0.0053437633,1,0.0056898337,0.0000744493"
2026-05-21T01:00:00.000-03:00,"CSV=1779336000000,0.005248,0.005259,0.005193,0.005218,11974201,0.0052439,0.0053108866,0.0051769134,1.261308045,2.5548404988,22.7701803956,17.6705478106,16.8251215079,0.005343,1.7153996101,13568635.1,0.8824911947,1.6609008575,0.0053437633,1,0.0056851389,0.0000736044"
2026-05-21T02:00:00.000-03:00,"CSV=1779339600000,0.005218,0.005221,0.005136,0.005183,15943492,0.00524284,0.0053103605,0.0051753195,1.2714856979,2.575721324,21.0661434766,21.366585511,15.7506496179,0.005343,0.2320634307,13488735.2,1.1819856913,1.1986991232,0.0053437633,1,0.0056801424,0.000074744"
2026-05-21T03:00:00.000-03:00,"CSV=1779343200000,0.005184,0.005226,0.005165,0.005212,12325029,0.00524084,0.0053077607,0.0051739193,1.2608077458,2.5538141785,20.3659017417,20.2040022406,14.7272105142,0.005343,0.5789270552,13536325.4,0.910515124,0.9748400286,0.0053437633,1,0.0056754843,0.0000733696"
2026-05-21T04:00:00.000-03:00,"CSV=1779346800000,0.005208,0.005225,0.005181,0.005201,10543930,0.00523742,0.0053018744,0.0051729656,1.2156899343,2.4613016653,19.5440570934,19.3886908773,13.772000684,0.005343,0.8923375364,13667030.1,0.7714865573,0.8793688237,0.0053437633,1,0.0056707631,0.0000704326"
2026-05-21T05:00:00.000-03:00,"CSV=1779350400000,0.005198,0.005217,0.005178,0.005183,12052965,0.0052344,0.0052977871,0.0051710129,1.1964819301,2.421941958,18.8227114298,18.956992625,12.8775627784,0.005343,0.6017080745,13991030.6,0.8614779958,0.7590319712,0.0053437633,1,0.0056659097,0.0000672893"
2026-05-21T06:00:00.000-03:00,"CSV=1779354000000,0.005184,0.005189,0.005127,0.005143,14397793,0.00522858,0.0052864965,0.0051706635,1.0955558646,2.2153824818,17.7093850748,22.7011265081,12.8425640356,0.005343,-0.2714756641,14983233.1,0.9609269844,0.419065217,0.0053437633,1,0.0056607066,0.0000667604"
2026-05-21T07:00:00.000-03:00,"CSV=1779357600000,0.005143,0.005146,0.005031,0.005076,65443426,0.0052236,0.0052836766,0.0051635234,1.1370229878,2.3001997759,15.846665146,29.093826137,13.9515342029,0.005343,-3.4613921643,20039307,3.2657529524,-3.4886404154,0.0053032531,1,0.0056548887,0.0000715844"
2026-05-21T08:00:00.000-03:00,"CSV=1779361200000,0.005074,0.005088,0.005011,0.005025,29436093,0.00521798,0.0052830235,0.0051529365,1.2311798454,2.493053665,14.73481829,28.8749321318,15.1830454311,0.005343,-4.0664375716,21829491.7,1.3484552643,-4.1535633271,0.0052658778,1,0.0056486211,0.0000721259"
2026-05-21T09:00:00.000-03:00,"CSV=1779364800000,0.005027,0.005157,0.005021,0.005135,27861963,0.00521568,0.0052815782,0.0051497818,1.2476997167,2.5269279058,18.954530444,25.4904240312,15.15121519,0.005343,-2.3949819426,21043687.1,1.3240057632,-3.826032183,0.0052658778,1,0.0056435104,0.0000785133"
2026-05-21T10:00:00.000-03:00,"CSV=1779368400000,0.005132,0.005159,0.005067,0.00514,20499607,0.0052137,0.0052803508,0.0051470492,1.2622420155,2.5567564856,17.640567518,23.4944621816,15.0898624196,0.005343,-2.0765860164,22047849.9,0.9297780551,-3.1942761579,0.0052658778,1,0.0056385004,0.000079862"
2026-05-21T11:00:00.000-03:00,"CSV=1779372000000,0.005138,0.005178,0.005133,0.005147,16492082,0.00521166,0.0052787586,0.0051445614,1.2711059899,2.5749422247,18.6095334948,22.5683514389,14.7248010534,0.005343,-1.360674588,22499638,0.7329932153,-2.461972519,0.0052658778,1,0.0056336098,0.0000763758"
2026-05-21T12:00:00.000-03:00,"CSV=1779375600000,0.00515,0.0052,0.005137,0.005174,19091564,0.00520898,0.0052748418,0.0051431182,1.2486027874,2.5287799923,19.5201253552,21.3084391505,14.0351513515,0.005343,-0.1736446074,22814445.2,0.8368191219,-1.6897513886,0.0052658778,1,0.0056290366,0.0000750382"
2026-05-21T13:00:00.000-03:00,"CSV=1779379200000,0.005174,0.005222,0.005147,0.005186,19494906,0.00520716,0.0052723712,0.0051419488,1.2368467722,2.5046725055,20.1724471659,19.8919849551,13.1461431227,0.005343,-0.4988488104,23531432.9,0.8284623415,-1.2642600769,0.0052658778,1,0.0056246283,0.0000750344"
2026-05-21T14:00:00.000-03:00,"CSV=1779382800000,0.005187,0.005282,0.005162,0.005266,22504416,0.0052078,0.0052734271,0.0051421729,1.2444872554,2.5203398186,23.2237408183,17.8570782443,13.1406449046,0.005343,1.2497596616,24727481.5,0.9100973749,-0.4637057222,0.0049834071,-1,0.0056210598,0.000079531"
2026-05-21T15:00:00.000-03:00,"CSV=1779386400000,0.005265,0.005275,0.005231,0.00525,22731783,0.00520628,0.0052700044,0.0051425556,1.2091910008,2.4479827893,22.326474856,17.167157158,13.1355132342,0.005343,1.2926876326,25795363.3,0.8812352335,0.0705834811,0.0050250664,-1,0.0056173677,0.0000759779"
2026-05-21T16:00:00.000-03:00,"CSV=1779390000000,0.005252,0.005266,0.005224,0.005246,12537443,0.0052046,0.0052661093,0.0051430907,1.1680226294,2.3636532637,21.4778050513,17.1481326066,13.0070947408,0.005343,2.0027221466,25609328.3,0.489565476,0.3738768611,0.0050272598,-1,0.0056136725,0.0000725801"
2026-05-21T17:00:00.000-03:00,"CSV=1779393600000,0.005249,0.005252,0.005178,0.005185,17358267,0.00520246,0.0052627404,0.0051421796,1.1454187358,2.31738119,20.0398085977,20.161942198,12.1602085377,0.005343,2.1473601261,20800812.4,0.8344994737,0.8465748724,0.0050272598,-1,0.0056094071,0.0000727221"
2026-05-21T18:00:00.000-03:00,"CSV=1779397200000,0.005186,0.005224,0.005185,0.005215,10503491,0.00520124,0.0052606304,0.0051418496,1.1289601947,2.2837024813,19.3097775993,19.4274619897,11.3697814149,0.005343,3.7810945274,18907552.2,0.5555182865,1.2645389659,0.0050272598,-1,0.0056054827,0.0000693499"
2026-05-21T19:00:00.000-03:00,"CSV=1779400800000,0.00521,0.005233,0.005186,0.005223,10316540,0.00519986,0.005257912,0.005141808,1.1040893898,2.2328312323,19.3025518998,18.5546955479,10.7434935973,0.005283,1.7137293087,17153009.9,0.6014419662,1.1865955522,0.0050272598,-1,0.0056016769,0.0000671149"
2026-05-21T20:00:00.000-03:00,"CSV=1779404400000,0.005223,0.005356,0.005202,0.005292,37975528,0.00520032,0.0052590058,0.0051416342,1.115909655,2.2570054518,27.5535650186,16.0270224675,11.7905140438,0.005356,2.9571984436,18900602,2.0092231983,2.7716209398,0.0050515898,-1,0.0055985955,0.0000758034"
2026-05-21T21:00:00.000-03:00,"CSV=1779408000000,0.005292,0.005332,0.005257,0.005266,15638354,0.00520022,0.0052587894,0.0051416506,1.1137425381,2.2525729392,25.7249378392,14.9633688579,12.7677331271,0.005356,2.3120264232,18815229.2,0.8311540526,2.4882973369,0.0050673308,-1,0.0055952861,0.0000757231"
2026-05-21T22:00:00.000-03:00,"CSV=1779411600000,0.005268,0.005289,0.00523,0.005269,8711354,0.00519966,0.0052574298,0.0051418902,1.0988212119,2.2220588781,24.3621835576,16.5949349598,13.1808404779,0.005356,1.8361035949,17777208.2,0.4900293624,1.9587797826,0.0050673308,-1,0.0055920395,0.0000740507"
2026-05-21T23:00:00.000-03:00,"CSV=1779415200000,0.005269,0.005373,0.005269,0.005325,13304948,0.00520008,0.0052586772,0.0051414828,1.1142957165,2.2537043642,29.4923276147,15.0856482453,14.4566464962,0.005373,2.6802930968,17158212.4,0.7754273983,1.9986440893,0.005089863,-1,0.0055893824,0.0000770457"
2026-05-22T00:00:00.000-03:00,"CSV=1779418800000,0.005323,0.005337,0.005225,0.005252,13227142,0.00519958,0.0052576228,0.0051415372,1.1039737231,2.232594705,26.6913207946,17.3840273665,14.9006552638,0.005373,-0.2658564375,16230485,0.8149566695,1.2602089006,0.005089863,-1,0.0055860253,0.0000805411"
2026-05-22T01:00:00.000-03:00,"CSV=1779422400000,0.005253,0.00528,0.005204,0.005237,10045242,0.00519918,0.0052568937,0.0051414663,1.0978663965,2.2201065972,24.967326032,18.0459176263,14.9800344203,0.005373,-0.2476190476,14961830.9,0.6713912266,0.7847228483,0.005089863,-1,0.0055825524,0.000080087"
2026-05-22T02:00:00.000-03:00,"CSV=1779426000000,0.005238,0.005266,0.005208,0.00522,9627591,0.00519836,0.0052554777,0.0051412423,1.0868220247,2.1975272597,23.7148651751,17.1406622768,15.0541216331,0.005373,-0.4956157072,14670845.7,0.656239674,0.4147343355,0.005089863,-1,0.0055789449,0.0000778783"
2026-05-22T03:00:00.000-03:00,"CSV=1779429600000,0.005219,0.005233,0.005155,0.005172,18922129,0.00519676,0.0052534717,0.0051400483,1.0795099138,2.1825810059,22.116285972,20.565547915,14.292730242,0.005373,-0.2507232401,14827231.9,1.276174078,0.1698340571,0.005089863,-1,0.0055748957,0.0000778905"
2026-05-22T04:00:00.000-03:00,"CSV=1779433200000,0.005174,0.005246,0.005151,0.005221,13455999,0.00519574,0.0052515406,0.0051399394,1.0625576849,2.147938455,21.4345352252,18.9027808134,13.758312045,0.005373,0.1150527325,15122482.7,0.8898009187,0.1473473804,0.005089863,-1,0.0055713744,0.0000796014"
2026-05-22T05:00:00.000-03:00,"CSV=1779436800000,0.00522,0.00525,0.005171,0.005194,15694770,0.00519422,0.0052490029,0.0051394371,1.0436829703,2.109381193,20.3344417038,17.6325763867,13.3155144744,0.005373,-0.5552364541,15660305.7,1.0022007425,-0.0872545419,0.005089863,-1,0.0055676194,0.0000795413"
2026-05-22T06:00:00.000-03:00,"CSV=1779440400000,0.005196,0.005226,0.005165,0.005169,12954237,0.00519262,0.005246946,0.005138294,1.0353834794,2.0924316505,19.2635391123,17.2219772783,12.8008495405,0.005373,-2.3242630385,13158176.6,0.9845009224,-0.8209160631,0.005089863,-1,0.0055636531,0.0000776871"
2026-05-22T07:00:00.000-03:00,"CSV=1779444000000,0.005169,0.005192,0.005131,0.005156,21041539,0.0051926,0.0052469393,0.0051382607,1.0356381353,2.0929516764,18.2346280223,19.2791931967,12.133091629,0.005373,-2.0888720091,13698495.1,1.5360474889,-1.6168129101,0.005089863,-1,0.0055595968,0.0000760184"
2026-05-22T08:00:00.000-03:00,"CSV=1779447600000,0.005152,0.005222,0.005141,0.005193,10573827,0.00519346,0.0052474575,0.0051394625,1.0290218697,2.0794416487,19.5625274189,17.9176214432,11.6168014653,0.005373,-1.4423989372,13884742.4,0.7615429005,-1.4440248302,0.005089863,-1,0.0055559491,0.0000765166"
2026-05-22T09:00:00.000-03:00,"CSV=1779451200000,0.005192,0.005236,0.005184,0.005229,12069006,0.00519464,0.0052487565,0.0051405235,1.031033783,2.083549667,19.9035184993,17.0875544637,11.3498513876,0.005373,-1.8028169014,13761148.2,0.8770348102,-1.4897276131,0.005089863,-1,0.0055526959,0.0000740649"
2026-05-22T10:00:00.000-03:00,"CSV=1779454800000,0.005231,0.005232,0.005166,0.005183,18286470,0.00519544,0.0052490807,0.0051417993,1.0219068591,2.0649152287,18.7239221418,17.6911860652,10.7822619556,0.005373,-1.3137852247,14267081,1.281724692,-1.5544553962,0.005089863,-1,0.0055490173,0.0000732584"
2026-05-22T11:00:00.000-03:00,"CSV=1779458400000,0.005183,0.005183,0.005096,0.005152,31118876,0.00519456,0.0052485441,0.0051405759,1.0285543887,2.0784871481,17.2777214205,22.5393140823,10.9444062202,0.005373,-1.6230666412,16374444.4,1.900453856,-2.0644913498,0.005089863,-1,0.0055450669,0.0000746326"
2026-05-22T12:00:00.000-03:00,"CSV=1779462000000,0.005153,0.005168,0.005112,0.005154,12042125,0.00519476,0.0052485747,0.0051409453,1.0253203458,2.0718841413,16.4039225956,21.3994168887,11.0957408671,0.005373,-1.2643678161,16615897.8,0.7247351389,-1.6817714948,0.005089863,-1,0.0055411757,0.0000727693"
2026-05-22T13:00:00.000-03:00,"CSV=1779465600000,0.005154,0.005193,0.005129,0.00518,20526219,0.00519438,0.0052482305,0.0051405295,1.0260695125,2.0734136907,17.7252733867,20.1514949239,10.783062568,0.005373,0.154679041,16776306.8,1.223524298,-1.0580964748,0.005089863,-1,0.0055375819,0.0000718924"
2026-05-22T14:00:00.000-03:00,"CSV=1779469200000,0.005181,0.005228,0.005147,0.005207,15632283,0.00519526,0.0052489498,0.0051415702,1.022867079,2.0668755476,19.5928521859,18.6747403336,10.2241376604,0.005373,-0.2681478644,16993935.2,0.9198742267,-0.7876184197,0.005089863,-1,0.0055342925,0.0000728032"
2026-05-22T15:00:00.000-03:00,"CSV=1779472800000,0.005206,0.005249,0.005076,0.00511,34865601,0.00519426,0.0052490515,0.0051394685,1.0438368811,2.1096955424,16.7790545879,21.8867594163,10.4231866665,0.005373,-1.6172506739,18911018.3,1.8436659754,-1.5189689602,0.005089863,-1,0.0055300707,0.0000828228"
2026-05-22T16:00:00.000-03:00,"CSV=1779476400000,0.005112,0.00513,0.00481,0.005016,140619839,0.00519116,0.0052513033,0.0051310167,1.145302014,2.3171423054,13.0615133835,35.4546086335,12.8053733937,0.005373,-2.9599535694,31677578.5,4.4390968521,-5.3924861641,0.0052896217,1,0.0055249555,0.0001065406"
2026-05-22T17:00:00.000-03:00,"CSV=1779480000000,0.005017,0.005079,0.004994,0.005066,18666943,0.00518988,0.0052519611,0.0051277989,1.1820559919,2.3923913895,12.2867694506,33.3516177989,15.0287476725,0.005373,-1.7455391777,31440118.9,0.5937300383,-3.940450457,0.0052896217,1,0.0055203888,0.0001043865"
2026-05-22T18:00:00.000-03:00,"CSV=1779483600000,0.005066,0.005203,0.005066,0.005178,24901440,0.00519002,0.0052520663,0.0051279737,1.1813687536,2.3909838432,19.5548431321,30.2528059322,15.4587347609,0.005373,-0.2888503755,32872880.2,0.7575070955,-2.6999023743,0.0052896217,1,0.005516982,0.0001076479"
2026-05-22T19:00:00.000-03:00,"CSV=1779487200000,0.005179,0.005246,0.005162,0.005239,19332696,0.00519116,0.005253571,0.005128749,1.1879731274,2.4045112017,21.3747360782,28.5124624399,15.3820012028,0.005337,0.1912411551,33599249.2,0.5753907144,-1.7632554546,0.0052896217,1,0.005514216,0.0001052831"
2026-05-22T20:00:00.000-03:00,"CSV=1779490800000,0.00524,0.005295,0.005059,0.005127,48891914,0.0051906,0.005253457,0.005127743,1.196487965,2.421954322,18.2196867211,30.7459853044,16.0619875575,0.005295,-1.0804553347,36659793.6,1.3336658284,-1.6558257561,0.0052896217,1,0.0055103631,0.0001183548"
2026-05-22T21:00:00.000-03:00,"CSV=1779494400000,0.005128,0.005187,0.00508,0.005183,32060663,0.00519122,0.0052538456,0.0051285944,1.191996315,2.4127525515,17.0006784616,28.6888912058,16.6966414884,0.005295,0.6017080745,36753972.3,0.872304706,-0.9289262424,0.0052896217,1,0.0055071057,0.0001172193"
2026-05-22T22:00:00.000-03:00,"CSV=1779498000000,0.005183,0.005228,0.005149,0.0052,13349114,0.00519208,0.0052545248,0.0051296352,1.1884006024,2.4053868364,18.7548638958,27.2468155931,16.8142047605,0.005295,0.8925106713,36884671.2,0.3619149518,-0.5116131761,0.0052896217,1,0.00550405,0.0001133974"
2026-05-22T23:00:00.000-03:00,"CSV=1779501600000,0.0052,0.005203,0.005112,0.005163,12538490,0.00519018,0.0052520326,0.0051283274,1.1776893339,2.3834482841,17.6593295335,28.0302860665,17.206505575,0.005295,-0.3281853282,36085898.3,0.3474623216,-0.3790861294,0.0052896217,1,0.0055006564,0.0001111576"
2026-05-23T00:00:00.000-03:00,"CSV=1779505200000,0.005163,0.00518,0.005135,0.005156,10450451,0.00518854,0.0052501897,0.0051268903,1.174238012,2.3763803859,17.1291982087,27.188819653,17.5726530018,0.005295,-0.9794507394,35567715.1,0.2938184522,-0.3486509863,0.0052896217,1,0.005497227,0.0001045419"
2026-05-23T01:00:00.000-03:00,"CSV=1779508800000,0.005157,0.005187,0.005131,0.005162,15940827,0.00518656,0.0052474357,0.0051256843,1.1601030932,2.3474388977,16.9510385593,26.1424288187,17.8230737529,0.005295,1.0176125245,33675237.7,0.4733693981,-0.0718651148,0.0052896217,1,0.0054938914,0.0000996877"
2026-05-23T02:00:00.000-03:00,"CSV=1779512400000,0.005162,0.005162,0.005106,0.005131,10892026,0.0051842,0.0052448963,0.0051235037,1.157244867,2.3415876367,16.2797421589,26.8750842779,18.2716640675,0.005295,2.2926634769,20702456.4,0.5261223977,0.354163792,0.0052896217,1,0.0054902806,0.0000953189"
2026-05-23T03:00:00.000-03:00,"CSV=1779516000000,0.00513,0.005134,0.005067,0.005078,22957955,0.0051814,0.005243681,0.005119119,1.1877338936,2.4040211614,15.4932221873,28.388911404,19.0126935454,0.005295,0.2368732728,21131557.6,1.0864298522,0.3218912596,0.0052896217,1,0.0054861783,0.000092487"
2026-05-23T04:00:00.000-03:00,"CSV=1779519600000,0.005078,0.005086,0.004806,0.004883,108247788,0.0051754,0.0052503915,0.0051004085,1.4283023783,2.8979969154,12.7377219687,39.918232479,21.1864515357,0.005295,-5.6971803785,29466192.4,3.6736265932,-6.7618436085,0.0052797149,1,0.0054801765,0.0001112383"
2026-05-23T05:00:00.000-03:00,"CSV=1779523200000,0.004883,0.004921,0.004813,0.004874,56575845,0.00516864,0.0052544775,0.0050828025,1.6336061118,3.3214719931,11.8655997651,37.185123925,23.2152923267,0.005295,-6.966978431,33190507.3,1.7045790981,-8.4664843425,0.0051997434,1,0.0054741449,0.0001109145"
2026-05-23T06:00:00.000-03:00,"CSV=1779526800000,0.004874,0.004903,0.004772,0.004792,52160148,0.00516046,0.0052610451,0.0050598749,1.9118849511,3.898300931,10.8960595864,36.7040623237,25.2821631239,0.005295,-6.5340354983,33517330.7,1.5562142602,-9.0337759681,0.0051762691,1,0.0054673574,0.000112923"
2026-05-23T07:00:00.000-03:00,"CSV=1779530400000,0.004792,0.004875,0.004778,0.004875,22543698,0.0051543,0.005262462,0.005046138,2.055349049,4.1969602813,10.2327272392,34.4695855737,27.2112425346,0.005295,-5.9425043411,32565634.2,0.6922542292,-7.3937585661,0.0051604922,1,0.0054614633,0.0001113307"
2026-05-23T08:00:00.000-03:00,"CSV=1779534000000,0.004875,0.004932,0.004862,0.004921,22486606,0.00514986,0.0052628437,0.0050368763,2.1468187823,4.387836462,13.4333157842,32.9200153426,28.1997917263,0.005295,-5.3653846154,33479383.4,0.6716553209,-6.1304020858,0.0051604922,1,0.0054560855,0.0001071977"
2026-05-23T09:00:00.000-03:00,"CSV=1779537600000,0.004923,0.00499,0.004885,0.004963,23576151,0.0051476,0.0052631398,0.0050320602,2.1952633143,4.4890736149,16.2501424086,30.7018484989,28.3717890396,0.005295,-3.8737168313,34583149.5,0.6817236527,-4.9672028532,0.0051604922,1,0.0054511792,0.0001069779"
2026-05-23T10:00:00.000-03:00,"CSV=1779541200000,0.004962,0.00501,0.004935,0.004953,22115819,0.00514616,0.005263651,0.005028669,2.2321198189,4.5661618411,16.7609476812,29.1962919713,28.284237104,0.005295,-3.9371605896,35749686.3,0.6186297361,-4.1233501076,0.0051604922,1,0.0054462222,0.0001037801"
2026-05-23T11:00:00.000-03:00,"CSV=1779544800000,0.004954,0.005068,0.004938,0.005064,18700826,0.00514474,0.005262785,0.005026695,2.2430147338,4.5889605284,19.0859287084,26.7593076927,27.5144593625,0.005295,-1.8984889578,36025686.2,0.5190970103,-3.0774000524,0.0051604922,1,0.005442419,0.0001064021"
2026-05-23T12:00:00.000-03:00,"CSV=1779548400000,0.005062,0.005081,0.005009,0.005027,13552699,0.00514248,0.0052616703,0.0050232897,2.2652561135,4.6355185953,19.0373018014,25.4964425236,26.6470903819,0.005295,-2.026895342,36291753.5,0.3734374257,-2.3039062278,0.0051604922,1,0.0054382855,0.0001029619"
2026-05-23T13:00:00.000-03:00,"CSV=1779552000000,0.005024,0.005049,0.005008,0.005015,10214391,0.00513984,0.0052603555,0.0050193245,2.2910134881,4.6894632109,18.5044900239,24.8511166224,25.8465201685,0.005295,-1.2406459236,35017397.1,0.2916947531,-1.656567454,0.0051604922,1,0.0054340737,0.0000967657"
2026-05-23T14:00:00.000-03:00,"CSV=1779555600000,0.005015,0.005109,0.005015,0.005076,22244961,0.00513788,0.0052586207,0.0050171393,2.2960518021,4.7000184627,21.4201708795,23.2524966588,24.3968635468,0.005295,3.9524882245,26417114.4,0.8420662705,0.0050407035,0.0051604922,1,0.0054305108,0.0000964891"
2026-05-23T15:00:00.000-03:00,"CSV=1779559200000,0.005083,0.005126,0.005068,0.00509,9608897,0.00513596,0.0052566835,0.0050152365,2.2965712042,4.7011066704,21.7420271973,22.3039798068,22.8554613767,0.005295,4.431678293,21720419.6,0.4423900264,0.6568705613,0.0051604922,1,0.0054271226,0.0000926402"
2026-05-23T16:00:00.000-03:00,"CSV=1779562800000,0.00509,0.005096,0.005061,0.005076,7852052,0.00513216,0.0052517151,0.0050126049,2.2764957147,4.6590546079,21.1833344196,22.2447757194,21.4947062327,0.005228,5.9265442404,17289610,0.4541485898,1.335090944,0.0051604922,1,0.0054236288,0.0000868762"
2026-05-23T17:00:00.000-03:00,"CSV=1779566400000,0.005076,0.005185,0.005066,0.00518,26630484,0.00513076,0.0052493328,0.0050121872,2.2588160768,4.622035433,25.771841539,20.3407126583,20.8469246964,0.005228,6.2564102564,17698288.6,1.5046926063,4.0280520475,0.0048552343,-1,0.0054212047,0.0000900886"
2026-05-23T18:00:00.000-03:00,"CSV=1779570000000,0.005181,0.005199,0.005129,0.005192,17339812,0.00512968,0.0052474414,0.0050119186,2.2441672167,4.5913725101,25.4764056779,19.2995586488,20.3767967928,0.005203,5.5070107702,17183609.2,1.0090902207,4.5377249362,0.0048997609,-1,0.005418924,0.0000880797"
2026-05-23T19:00:00.000-03:00,"CSV=1779573600000,0.005193,0.0052,0.005136,0.005173,14141960,0.00512944,0.0052471006,0.0050117794,2.2423918617,4.5876569698,24.3345878516,18.3780621605,19.948048837,0.0052,4.2313117066,16240190.1,0.8708001515,4.2533589159,0.0049109848,-1,0.005416477,0.0000856717"
2026-05-23T20:00:00.000-03:00,"CSV=1779577200000,0.005173,0.005232,0.005157,0.005184,14738954,0.00512882,0.0052461092,0.0050115308,2.2357362133,4.5737289407,25.3714405543,17.338608664,19.8720340044,0.005232,4.6638400969,15502503.6,0.950746691,4.3136161238,0.0049406863,-1,0.0054141638,0.0000846046"
2026-05-23T21:00:00.000-03:00,"CSV=1779580800000,0.005185,0.005269,0.005165,0.005244,20091995,0.00512924,0.0052469027,0.0050115773,2.2425166069,4.5879180376,26.1625424087,15.9945658481,20.1551814572,0.005269,3.5545023697,15641620.5,1.2845213193,4.3976887736,0.0049573677,-1,0.0054124706,0.0000865441"
2026-05-23T22:00:00.000-03:00,"CSV=1779584400000,0.005245,0.005286,0.005184,0.005217,18700697,0.00512774,0.0052437851,0.0050116949,2.2130031643,4.5261706278,25.4472977157,14.7898293235,20.5772795892,0.005286,3.7795902129,16156420.3,1.157477749,4.3900563729,0.0049707309,-1,0.0054105257,0.0000880897"
2026-05-23T23:00:00.000-03:00,"CSV=1779588000000,0.005217,0.005225,0.005142,0.005181,13873533,0.00512604,0.0052406611,0.0050114189,2.1871497821,4.4721113375,23.8791748734,16.9966854643,20.3279636287,0.005286,3.3100697906,16522334.5,0.839683581,3.853174667,0.0049707309,-1,0.0054082418,0.0000875807"
2026-05-24T00:00:00.000-03:00,"CSV=1779591600000,0.005181,0.005211,0.005153,0.00517,8524114,0.00512406,0.0052370378,0.0050110822,2.15728384,4.4096973687,22.8260443702,16.2470897178,20.0952687323,0.005286,1.8518518519,15150249.8,0.5626385117,2.9160908346,0.0049707309,-1,0.0054058713,0.0000846227"
2026-05-24T01:00:00.000-03:00,"CSV=1779595200000,0.005174,0.005207,0.005122,0.00514,16214939,0.00512036,0.0052296661,0.0050110539,2.0901168225,4.2694705675,21.3477238422,17.5568573027,19.4051848617,0.005286,0.9823182711,15810854,1.025557443,2.2798684945,0.0049707309,-1,0.0054032258,0.0000846604"
2026-05-24T02:00:00.000-03:00,"CSV=1779598800000,0.005141,0.005147,0.005057,0.005105,20363445,0.00511742,0.0052251109,0.0050097291,2.0610255594,4.2087954692,19.8866054269,21.2983602356,18.3400285509,0.005286,0.5713159968,17061993.3,1.193497421,1.747200386,0.0049707309,-1,0.0054002583,0.0000851944"
2026-05-24T03:00:00.000-03:00,"CSV=1779602400000,0.005105,0.005167,0.005088,0.005107,18358107,0.00511482,0.0052211532,0.0050084868,2.0365844007,4.1578468619,20.2149856436,20.0103025906,17.1512827629,0.005286,-1.4092664093,16234755.6,1.1307904752,0.6336052464,0.0049707309,-1,0.0053973404,0.0000845749"
2026-05-24T04:00:00.000-03:00,"CSV=1779606000000,0.005107,0.005143,0.005092,0.005116,23028450,0.00511274,0.0052180072,0.0050074728,2.0173839911,4.11784064,19.4033301853,19.2068653977,16.0417866941,0.005286,-1.4637904468,16803619.4,1.3704458219,-0.2462783364,0.0049707309,-1,0.0053945409,0.0000812174"
2026-05-24T05:00:00.000-03:00,"CSV=1779609600000,0.005113,0.005124,0.005079,0.005092,10328396,0.00511114,0.0052161019,0.0050061781,2.0122670487,4.1071815585,18.6937519075,19.5609362448,15.1234589647,0.005286,-1.5658225401,16422263,0.6289264762,-0.4924479751,0.0049707309,-1,0.0053915306,0.0000775957"
2026-05-24T06:00:00.000-03:00,"CSV=1779613200000,0.005092,0.005107,0.00503,0.005071,13728856,0.00510814,0.0052120575,0.0050042225,1.9937897805,4.0687009039,17.5191809174,22.3302956888,14.9201096655,0.005286,-2.1797839506,16321253.2,0.8411643292,-0.9394841516,0.0049707309,-1,0.0053883412,0.0000775361"
2026-05-24T07:00:00.000-03:00,"CSV=1779616800000,0.005072,0.005077,0.005029,0.005053,12327337,0.00510532,0.0052087814,0.0050018586,1.9862876665,4.0530811846,16.8135837594,21.5148352421,14.7431494722,0.005286,-3.6422578185,15544787.4,0.7930206237,-1.5891179568,0.0049707309,-1,0.0053850045,0.0000745825"
2026-05-24T08:00:00.000-03:00,"CSV=1779620400000,0.005053,0.005065,0.005008,0.00502,11901522,0.00510234,0.0052060698,0.0049986102,1.9924774518,4.0659684074,15.9939935109,22.261974057,14.8525609106,0.005286,-3.7761165421,14864869.9,0.8006475724,-2.0671914854,0.0049707309,-1,0.0053813726,0.0000728243"
2026-05-24T09:00:00.000-03:00,"CSV=1779624000000,0.00502,0.005042,0.004986,0.005035,12219721,0.00509992,0.005203781,0.004996059,1.9958762604,4.0730454685,15.213375666,23.0928506858,15.2337033735,0.005286,-2.8179888052,14699488.7,0.831302452,-2.1589946581,0.0049707309,-1,0.0053779261,0.0000711418"
2026-05-24T10:00:00.000-03:00,"CSV=1779627600000,0.005038,0.00509,0.005033,0.005067,16255039,0.0050974,0.0052004978,0.0049943022,1.9824605498,4.0451138867,18.700286187,21.9258067824,14.7474251086,0.005286,-1.9922630561,15472581.2,1.0505706055,-2.1370007738,0.0049707309,-1,0.0053748323,0.0000697276"
2026-05-24T11:00:00.000-03:00,"CSV=1779631200000,0.005067,0.005067,0.004923,0.005037,41683614,0.00509356,0.0051952507,0.0049918693,1.9573788469,3.9929141507,16.4500517121,28.4794340231,15.5491910999,0.005286,-2.0038910506,18019448.7,2.3132568978,-2.9698387809,0.0049707309,-1,0.0053714708,0.0000771549"
2026-05-24T12:00:00.000-03:00,"CSV=1779634800000,0.005037,0.005107,0.005032,0.005055,17778079,0.005091,0.0051920158,0.0049899842,1.9455996177,3.9684085775,18.7708953669,26.6873940842,15.67356921,0.005286,-0.9794319295,17760912.1,1.0009665551,-2.3066853888,0.0049707309,-1,0.0053683218,0.0000769394"
2026-05-24T13:00:00.000-03:00,"CSV=1779638400000,0.005057,0.005062,0.005021,0.005036,11992765,0.00508868,0.0051896003,0.0049877597,1.9446633408,3.9664609944,18.1036755975,26.6924370656,15.9068650108,0.005286,-1.3902486783,17124377.9,0.7003328863,-1.8623358823,0.0049707309,-1,0.0053650152,0.0000733455"
2026-05-24T14:00:00.000-03:00,"CSV=1779642000000,0.005036,0.005056,0.005002,0.005038,5876087,0.00508636,0.0051870851,0.0049856349,1.9418444193,3.9605974796,17.238969835,27.0980855317,16.3288566724,0.005286,-1.5246286161,15409141.6,0.3813377249,-1.4353567241,0.0049707309,-1,0.0053617613,0.0000714109"
2026-05-24T15:00:00.000-03:00,"CSV=1779645600000,0.005038,0.005049,0.004989,0.004993,8800504,0.00508262,0.0051832705,0.0049819695,1.9418331191,3.9605739753,16.3114668296,26.8058605688,16.8628766524,0.005286,-1.9442262372,15256352.4,0.5768419455,-1.3307415645,0.0049707309,-1,0.005358092,0.0000702698"
2026-05-24T16:00:00.000-03:00,"CSV=1779649200000,0.004993,0.005018,0.00499,0.004994,6927485,0.00507836,0.00517816,0.00497856,1.9273246255,3.9304008343,15.8841614956,26.1036375669,17.3612953005,0.005286,-1.5184381779,14576215.3,0.475259514,-1.1277117732,0.0049707309,-1,0.0053544692,0.0000660428"
2026-05-24T17:00:00.000-03:00,"CSV=1779652800000,0.004999,0.005008,0.004947,0.004979,16415628,0.00507574,0.0051763908,0.0049750892,1.9444212588,3.9659574371,14.9688503109,28.6614675509,18.2960931223,0.005286,-1.4644765486,14985044.4,1.0954674248,-1.2865699666,0.0049707309,-1,0.0053507332,0.0000655386"
2026-05-24T18:00:00.000-03:00,"CSV=1779656400000,0.004978,0.005103,0.004974,0.005053,36093436,0.00507648,0.0051768245,0.0049761355,1.9383399153,3.9533083851,21.7449812667,25.3514494491,17.5868619325,0.005225,0.6573705179,17404235.8,2.0738305557,-0.4032882889,0.0049707309,-1,0.0053477707,0.0000718847"
2026-05-24T19:00:00.000-03:00,"CSV=1779660000000,0.005057,0.005127,0.005044,0.005077,35942268,0.0050767,0.0051770333,0.0049763667,1.9380461524,3.9526974047,22.2737623416,23.4819804304,16.5904432968,0.005211,0.8341608739,19776490.5,1.8174239762,0.2364824648,0.0049707309,-1,0.0053450764,0.0000729962"
2026-05-24T20:00:00.000-03:00,"CSV=1779663600000,0.005082,0.00512,0.005072,0.005118,15336644,0.0050755,0.0051749696,0.0049760304,1.9221299923,3.9195997876,21.3004963046,22.4559205451,15.6604525701,0.005207,1.0065127294,19684651,0.7791168866,0.4190519979,0.0049707309,-1,0.005342817,0.0000704966"
2026-05-24T21:00:00.000-03:00,"CSV=1779667200000,0.00512,0.005188,0.005105,0.005172,13758460,0.00507416,0.0051718535,0.0049764665,1.8889450788,3.850626375,25.8409420066,20.7741693926,15.3410475917,0.005188,2.6801667659,16892135.6,0.8144890809,1.0070235206,0.0049707309,-1,0.0053411173,0.0000717469"
2026-05-24T22:00:00.000-03:00,"CSV=1779670800000,0.005174,0.005197,0.005146,0.00515,11527891,0.00507462,0.0051726149,0.0049766251,1.8944939404,3.862156196,25.4559298621,19.7980378895,15.1518132444,0.005197,1.8793273986,16267116.8,0.7086622136,1.1152851185,0.0049707309,-1,0.0053392156,0.0000696722"
2026-05-24T23:00:00.000-03:00,"CSV=1779674400000,0.005152,0.005237,0.00515,0.00519,17720558,0.00507476,0.0051729145,0.0049766055,1.89746965,3.8683398751,27.0789166512,18.2322357295,15.4433117137,0.005237,3.0579825258,16839896.1,1.05229616,1.8161578354,0.0049792849,-1,0.0053377309,0.000071405"
2026-05-25T00:00:00.000-03:00,"CSV=1779678000000,0.00519,0.005257,0.005167,0.005233,14156013,0.00507542,0.0051745208,0.0049763192,1.9151681727,3.9051260771,26.6874913815,16.7628087575,15.9365215531,0.005257,3.8705835649,17667888.7,0.8012283324,2.2445122953,0.0049922064,-1,0.0053366888,0.0000732645"
2026-05-25T01:00:00.000-03:00,"CSV=1779681600000,0.005231,0.005257,0.005184,0.005239,13439707,0.00507694,0.0051779371,0.0049759429,1.9505279552,3.9786608016,24.9406276328,15.6655777542,16.3968507366,0.005257,4.9268976567,18131809,0.7412226215,2.7136508626,0.0050007858,-1,0.0053357168,0.0000732381"
2026-05-25T02:00:00.000-03:00,"CSV=1779685200000,0.005238,0.005296,0.005223,0.005264,18600375,0.0050791,0.0051828814,0.0049753186,2.0023872739,4.08660419,26.8073455608,14.6389247508,17.2610278492,0.005296,5.4064877853,19299098,0.9637950437,3.5460159521,0.0050398572,-1,0.0053350032,0.0000732143"
2026-05-25T03:00:00.000-03:00,"CSV=1779688800000,0.005263,0.005268,0.005206,0.005242,15637366,0.0050807,0.005186347,0.004975053,2.0370215577,4.1587579106,25.2986334359,15.3582048374,17.7402650527,0.005296,5.2821851777,19221271.8,0.8135448144,3.7964420882,0.0050398572,-1,0.0053340778,0.0000720928"
2026-05-25T04:00:00.000-03:00,"CSV=1779692400000,0.005241,0.005278,0.005215,0.005248,14297233,0.00508304,0.0051910446,0.0049750354,2.08059514,4.2496074051,24.7544471287,14.4715016882,18.3052240915,0.005296,3.8590936078,17041651.5,0.8389581843,3.6101674475,0.0050398572,-1,0.0053332213,0.0000711836"
2026-05-25T05:00:00.000-03:00,"CSV=1779696000000,0.005248,0.005415,0.00524,0.005381,54370644,0.0050891,0.0052048729,0.0049733271,2.2243179801,4.5498388436,32.6039381816,12.3494909633,20.0886432885,0.005415,5.9877880638,18884489.1,2.8791164914,8.1532914189,0.0050828044,-1,0.0053336967,0.0000815652"
2026-05-25T06:00:00.000-03:00,"CSV=1779699600000,0.005382,0.005387,0.005301,0.005335,32992649,0.00509814,0.0052151077,0.0049811723,2.2428624013,4.5886417225,30.2671011362,11.4643602219,21.7531678724,0.005415,4.2399374756,20650089.6,1.597700041,7.6935770388,0.005097974,-1,0.0053337097,0.0000820087"
2026-05-25T07:00:00.000-03:00,"CSV=1779703200000,0.005336,0.005351,0.005282,0.005349,18261987,0.00510764,0.0052253049,0.0049899751,2.251828541,4.6074080106,28.5104851216,12.3971257028,22.9289324825,0.005415,3.4222737819,21100442.3,0.865478872,6.1163532433,0.005097974,-1,0.0053338618,0.0000807078"
2026-05-25T08:00:00.000-03:00,"CSV=1779706800000,0.005348,0.005382,0.005272,0.005282,28194753,0.00511744,0.0052286355,0.0050062445,2.1266644347,4.345748354,28.4808423307,11.2790168804,24.2846237646,0.005415,2.5631067961,22767128.5,1.2383974114,5.1356171027,0.005097974,-1,0.0053333458,0.000083637"
2026-05-25T09:00:00.000-03:00,"CSV=1779710400000,0.005279,0.005394,0.005258,0.005375,37344033,0.00512744,0.0052388655,0.0050160145,2.1269016947,4.3462437208,25.4412773736,11.1739053405,25.2633639614,0.005415,3.5645472062,24729476,1.5101020741,5.2180214449,0.005097974,-1,0.0053337602,0.0000888733"
2026-05-25T10:00:00.000-03:00,"CSV=1779714000000,0.005376,0.005451,0.005337,0.005357,49069499,0.00513616,0.0052481476,0.0050241724,2.1338493676,4.3607505839,27.5893195699,10.1965735576,26.6477886159,0.005451,2.3695776801,28220824.6,1.7387691428,4.8520638139,0.005119842,-1,0.0053339915,0.000091386"
2026-05-25T11:00:00.000-03:00,"CSV=1779717600000,0.005357,0.005486,0.005342,0.005419,56560476,0.00514528,0.00526129,0.00502927,2.2049726649,4.5093758343,27.2417493097,9.1173164281,28.194499774,0.005486,3.4357701851,32532901.5,1.7385622982,5.225809379,0.0051240578,-1,0.0053348373,0.0000966474"
2026-05-25T12:00:00.000-03:00,"CSV=1779721200000,0.00542,0.005427,0.005332,0.005359,26037429,0.0051534,0.0052698752,0.0050369248,2.2102085583,4.520325743,25.3454982381,9.2153944376,29.4263030249,0.005486,1.8047112462,33276606.9,0.7824544455,3.9545743651,0.0051240578,-1,0.0053350778,0.0000964827"
2026-05-25T13:00:00.000-03:00,"CSV=1779724800000,0.00536,0.005437,0.00536,0.005437,27100930,0.00516086,0.0052831693,0.0050385507,2.3150740629,4.7398798549,24.6227933358,8.6836564344,30.6549499502,0.005486,3.7199542159,34422963.3,0.7872921853,3.6126132047,0.0051240578,-1,0.0053360919,0.0000946344"
2026-05-25T14:00:00.000-03:00,"CSV=1779728400000,0.005437,0.005501,0.005412,0.005424,34715446,0.0051688,0.0052949864,0.0050426136,2.3831292714,4.8826176329,27.7386949391,8.1114645748,32.2611505037,0.005501,3.3536585366,36464784.6,0.9520266301,3.4726662148,0.0051742871,-1,0.0053369666,0.000094071"
2026-05-25T15:00:00.000-03:00,"CSV=1779732000000,0.005423,0.005437,0.005362,0.005404,17099106,0.00517658,0.0053050158,0.0050481442,2.4210264129,4.9621887255,26.1810766944,11.3995302642,32.7326011577,0.005501,0.4274298458,32737630.8,0.5223073748,2.3895273968,0.0051742871,-1,0.0053376336,0.0000921639"
2026-05-25T16:00:00.000-03:00,"CSV=1779735600000,0.005405,0.005456,0.005389,0.005437,14287776,0.0051838,0.0053164562,0.0050511438,2.495200587,5.1181082409,26.2921220378,10.8180934926,33.3302604381,0.005501,1.9119025305,30867143.5,0.4628797608,1.8880119265,0.0051742871,-1,0.0053386223,0.0000896475"
2026-05-25T17:00:00.000-03:00,"CSV=1779739200000,0.005437,0.005475,0.005411,0.005439,17572097,0.00519078,0.0053274384,0.0050541216,2.5651811844,5.2654301934,26.4605728444,10.2813884204,34.043884663,0.005501,1.6825574874,30798154.5,0.570556817,1.5786728325,0.0051817518,-1,0.0053396211,0.0000870827"
2026-05-25T18:00:00.000-03:00,"CSV=1779742800000,0.00544,0.005521,0.005367,0.005468,24474231,0.00519862,0.0053396434,0.0050575966,2.6410637659,5.425416234,26.8472194621,9.1154703766,35.0613562815,0.005521,3.5213934116,30426102.3,0.8043827224,1.996631228,0.0051817518,-1,0.0053408985,0.0000937745"
2026-05-25T19:00:00.000-03:00,"CSV=1779746400000,0.005468,0.00551,0.005374,0.005379,30713511,0.0052026,0.0053458325,0.0050593675,2.6793308092,5.5061906817,24.245671243,8.2321634197,36.0109964587,0.005521,0.0744186047,29763050.1,1.0319342573,1.3566858545,0.0051817518,-1,0.0053412776,0.000097997"
2026-05-25T20:00:00.000-03:00,"CSV=1779750000000,0.005378,0.005402,0.005335,0.005356,31308907,0.00520588,0.0053507012,0.0050610588,2.7065839317,5.5637555779,23.06588893,10.6640092712,36.0614773328,0.005521,-0.0186671645,27986990.9,1.1186950077,0.8974962818,0.0051817518,-1,0.0053414241,0.0000948973"
2026-05-25T21:00:00.000-03:00,"CSV=1779753600000,0.005357,0.005357,0.005174,0.005243,54710633,0.00520728,0.0053521149,0.0050624451,2.706125476,5.5627869467,20.1907453892,20.3011505157,33.6755561647,0.005521,-3.2478317033,27802006.6,1.967866341,-1.5321020422,0.0051817518,-1,0.0053404448,0.0001037076"
2026-05-25T22:00:00.000-03:00,"CSV=1779757200000,0.005243,0.005243,0.00515,0.005225,24835059,0.0052081,0.0053529169,0.0050632831,2.7053826447,5.5612175025,18.9074756116,20.6510527297,31.7243583157,0.005521,-2.5004665049,27681769.6,0.8971629834,-1.7691766913,0.0051817518,-1,0.0053392961,0.0001026368"
2026-05-25T23:00:00.000-03:00,"CSV=1779760800000,0.005226,0.005231,0.005184,0.005202,19332910,0.00520726,0.005351988,0.005062532,2.704191315,5.5587005269,18.2784293003,19.9639981058,29.9032403232,0.005521,-4.3222365275,26904967.6,0.7185628426,-2.2147173161,0.0051817518,-1,0.0053379299,0.0000970731"
2026-05-26T00:00:00.000-03:00,"CSV=1779764400000,0.005201,0.005221,0.005172,0.005219,7228883,0.0052073,0.005352031,0.005062569,2.7042249653,5.5587716205,17.6234879912,20.1261636779,28.3516686778,0.005521,-3.7794985251,24156311.3,0.299254423,-1.8534887609,0.0051817518,-1,0.0053367466,0.0000922658"
2026-05-26T01:00:00.000-03:00,"CSV=1779768000000,0.005219,0.005333,0.005215,0.005277,24190413,0.00520922,0.0053542258,0.0050642142,2.7082502216,5.5672762136,24.1644832974,18.4229403135,27.3603428012,0.005521,-2.3501110289,24865442,0.9728527247,-1.9977631465,0.0051817518,-1,0.0053361521,0.0000948392"
2026-05-26T02:00:00.000-03:00,"CSV=1779771600000,0.005277,0.005278,0.005227,0.005264,16955718,0.0052111,0.0053561945,0.0050660055,2.70890997,5.5686702023,23.2532175373,17.7281936267,26.4351053163,0.005521,-3.1819017841,25132236.2,0.6746601403,-2.0474095323,0.0051817518,-1,0.0053354341,0.0000904553"
2026-05-26T03:00:00.000-03:00,"CSV=1779775200000,0.005264,0.00528,0.005209,0.005212,10330179,0.00521254,0.0053572786,0.0050678014,2.7017178681,5.5534749615,22.0148902041,18.1341979712,25.3171452637,0.005521,-4.1735613164,24408044.4,0.4232284582,-1.953729662,0.0051817518,-1,0.0053342059,0.0000885098"
2026-05-26T04:00:00.000-03:00,"CSV=1779778800000,0.005213,0.00522,0.005121,0.005218,28511264,0.0052148,0.0053587216,0.0050708784,2.6857458714,5.5197378748,20.3924735993,23.3485589946,24.0798790348,0.005521,-4.5720555962,24811747.7,1.1491034144,-3.0537413402,0.0051817518,-1,0.0053330497,0.0000895588"
2026-05-26T05:00:00.000-03:00,"CSV=1779782400000,0.00522,0.00523,0.005145,0.005174,8919218,0.00521614,0.0053593619,0.0050729181,2.6723690066,5.4914909144,19.8446967389,21.866159287,22.7976451208,0.005521,-3.811117308,22632318.4,0.394092105,-2.5364713076,0.0054391764,1,0.0053314671,0.0000891029"
2026-05-26T06:00:00.000-03:00,"CSV=1779786000000,0.005174,0.005182,0.005124,0.00514,16649235,0.00521662,0.0053595454,0.0050736946,2.6667451905,5.4796178258,18.9644241285,22.5022868325,21.8465897212,0.005521,-4.0328603435,21166351.2,0.7865897548,-2.7483830813,0.0054109779,1,0.0053295619,0.0000859926"
2026-05-26T07:00:00.000-03:00,"CSV=1779789600000,0.005138,0.00527,0.005122,0.005245,24460369,0.00521968,0.0053615384,0.0050778216,2.6458533059,5.4355225653,23.3442766327,20.0684897873,20.893195496,0.005521,0.0381460996,18141324.8,1.3483231941,-1.8151109639,0.0054109779,1,0.0053287205,0.0000921934"
2026-05-26T08:00:00.000-03:00,"CSV=1779793200000,0.005245,0.005259,0.005206,0.005227,9810834,0.0052228,0.0053630606,0.0050825394,2.6153091425,5.3710888631,22.4141185887,19.2688562197,20.0033608858,0.005521,0.038277512,16638902.3,0.589632286,-1.202550757,0.0054109779,1,0.0053277084,0.000088274"
2026-05-26T09:00:00.000-03:00,"CSV=1779796800000,0.005228,0.005244,0.005157,0.005207,31560238,0.00522588,0.0053640535,0.0050877065,2.5759150794,5.2880457261,20.9462435653,21.6954137428,18.7869299881,0.005521,0.0961168781,17861635.1,1.7669288295,-0.7450899437,0.0054109779,1,0.0053265073,0.0000881466"
2026-05-26T10:00:00.000-03:00,"CSV=1779800400000,0.005206,0.005218,0.005155,0.005208,8234514,0.00522964,0.0053646823,0.0050945977,2.5172474327,5.1644980602,19.9334200983,20.7998683668,17.6762763723,0.005521,-0.2107683464,17962198.2,0.4584357609,-0.5289345449,0.0054109779,1,0.0053253281,0.000085632"
2026-05-26T11:00:00.000-03:00,"CSV=1779804000000,0.005211,0.005231,0.005108,0.005128,21583063,0.0052315,0.0053644733,0.0050985267,2.4787758527,5.0835618079,18.1024059841,22.3992290015,17.2051253651,0.005521,-2.8235740004,17701463.2,1.2192812965,-1.5002000192,0.0054109779,1,0.0053233647,0.0000893688"
2026-05-26T12:00:00.000-03:00,"CSV=1779807600000,0.005127,0.005132,0.005058,0.005094,24249182,0.00523204,0.0053643975,0.0050996825,2.4673327998,5.0595003104,17.0904685243,24.9241714777,17.3011286423,0.005521,-3.2294832827,18430809.6,1.3156872935,-2.416463386,0.0053584957,1,0.0053210824,0.0000878319"
2026-05-26T13:00:00.000-03:00,"CSV=1779811200000,0.005094,0.005123,0.005037,0.00511,15403523,0.0052335,0.0053640889,0.0051029111,2.4345021508,4.9904980849,15.9782825263,24.8912710137,17.6016122206,0.005521,-1.9570222563,18938144,0.8133596935,-2.1415632649,0.0053429461,1,0.0053189821,0.0000876487"
2026-05-26T14:00:00.000-03:00,"CSV=1779814800000,0.005113,0.005152,0.004946,0.004979,46237745,0.00523198,0.0053650563,0.0050989037,2.4804267682,5.0870336815,13.6915829612,27.6509881227,18.6791852794,0.00551,-4.5802989651,20710792.1,2.2325435346,-4.8362811237,0.0053429461,1,0.0053155992,0.0000994838"
2026-05-26T15:00:00.000-03:00,"CSV=1779818400000,0.004979,0.005067,0.004969,0.005043,12000475,0.00523212,0.0053649936,0.0050992464,2.4766771525,5.0791484134,12.7607389358,25.7710917539,19.6849201343,0.005402,-2.5318902203,21018917.8,0.5709368634,-3.7060372361,0.0053160063,1,0.0053128868,0.0000993354"
2026-05-26T16:00:00.000-03:00,"CSV=1779822000000,0.005048,0.005101,0.005011,0.005088,8633813,0.00523312,0.0053647108,0.0051015292,2.4528969163,5.0291537908,14.3293546209,24.155195524,20.0747194926,0.005357,-1.0116731518,20217375.6,0.4270491468,-2.6147028761,0.0053160063,1,0.0053106491,0.0000984019"
2026-05-26T17:00:00.000-03:00,"CSV=1779825600000,0.005093,0.005094,0.005025,0.005041,14166176,0.00523408,0.0053640811,0.0051040789,2.4235475012,4.967484345,13.6274700566,22.972018798,20.4385322271,0.005333,-3.8894184938,19187956.3,0.738284775,-2.7003014033,0.0053160063,1,0.005307966,0.0000954617"
2026-05-26T18:00:00.000-03:00,"CSV=1779829200000,0.005043,0.005104,0.004999,0.005052,18511835,0.00523524,0.0053633385,0.0051071415,2.3884095218,4.8937006559,12.6196353745,23.1043918022,21.0325842554,0.005333,-3.3480007653,20058056.4,0.9229127006,-2.8301717448,0.0053160063,1,0.0053054191,0.0000964155"
2026-05-26T19:00:00.000-03:00,"CSV=1779832800000,0.005052,0.005098,0.005008,0.005041,11287365,0.00523648,0.0053623732,0.0051105868,2.347713661,4.8083127371,11.8170355874,21.6349690027,21.5870328151,0.005333,-3.1880161321,18030769.1,0.6260057426,-2.5520199652,0.0053160063,1,0.005302788,0.000095774"
2026-05-26T20:00:00.000-03:00,"CSV=1779836400000,0.00504,0.005077,0.005035,0.005051,9552040,0.00523644,0.0053623918,0.0051104882,2.3487982188,4.8105874294,11.452839389,20.9681881164,22.1045181376,0.005333,-3.0145929339,18162521.7,0.5259203627,-2.2298252466,0.0053160063,1,0.0053002827,0.0000903966"
2026-05-26T21:00:00.000-03:00,"CSV=1779840000000,0.005051,0.005099,0.004995,0.005092,28581074,0.00523674,0.005362329,0.005111151,2.3420603701,4.7964566505,10.5871663831,22.2904384915,23.0039826804,0.00528,-0.7020280811,18862322.8,1.515246786,-1.8411320956,0.0053160063,1,0.0052982102,0.0000917569"
2026-05-26T22:00:00.000-03:00,"CSV=1779843600000,0.005092,0.005095,0.005016,0.00503,7050905,0.00523498,0.0053628172,0.0051071428,2.3837687666,4.8839598425,9.9736158778,20.9986566015,23.8434829204,0.00528,-1.256380055,17142495.1,0.4113114782,-1.3996759096,0.0053160063,1,0.0052955415,0.0000904812"
2026-05-26T23:00:00.000-03:00,"CSV=1779847200000,0.005029,0.005039,0.004997,0.005008,8567378,0.0052317,0.0053631635,0.0051002365,2.451230383,5.0256510515,9.6548999413,21.7732498361,24.8245109485,0.00527,-1.9960861057,16458880.6,0.5205322408,-1.2794596642,0.0052748993,1,0.0052926804,0.0000856331"
2026-05-27T00:00:00.000-03:00,"CSV=1779850800000,0.005008,0.005035,0.004966,0.004979,11288009,0.00522828,0.0053639804,0.0050925796,2.5298453909,5.1910154468,9.1407430441,23.0062958671,26.0449878215,0.00527,0,12963907,0.8707258545,-0.8529731095,0.0052524094,1,0.0052895592,0.0000839698"
2026-05-27T01:00:00.000-03:00,"CSV=1779854400000,0.004981,0.004988,0.004911,0.004973,13125670,0.00522394,0.0053641891,0.0050836909,2.6145447043,5.3694767794,8.5935680203,25.9049070254,27.6539894502,0.00527,-1.3880626611,13076426.5,1.0037658224,-1.0330786925,0.0051993185,1,0.0052864093,0.0000832728"
2026-05-27T02:00:00.000-03:00,"CSV=1779858000000,0.004974,0.005003,0.004955,0.004968,11223397,0.00521864,0.0053633818,0.0050738982,2.698704124,5.5471082882,9.4645805964,24.9090088264,28.8057961206,0.00527,-2.358490566,13335384.9,0.8416252762,-1.3503742197,0.0051993185,1,0.0052832411,0.0000797455"
2026-05-27T03:00:00.000-03:00,"CSV=1779861600000,0.004967,0.004977,0.004912,0.00495,13769063,0.00521286,0.0053623653,0.0050633547,2.7880479989,5.7360189596,8.9645498186,27.0880475993,30.2367166139,0.005259,-1.8051973815,13295673.6,1.03560477,-1.5234064861,0.005179313,1,0.0052799252,0.000078271"
2026-05-27T04:00:00.000-03:00,"CSV=1779865200000,0.004952,0.00498,0.004935,0.004957,7394152,0.00520672,0.0053602489,0.0050531911,2.8642120545,5.8973363269,8.8778952657,26.0665410648,31.5001691706,0.005244,-1.8804433888,12183905.3,0.60687865,-1.3960046391,0.005179313,1,0.0052767121,0.0000749439"
2026-05-27T05:00:00.000-03:00,"CSV=1779868800000,0.004959,0.004998,0.00494,0.004951,14488050,0.0052009,0.0053584443,0.0050433557,2.9401128775,6.0583480254,9.9746201125,24.7762781457,32.2397311171,0.005231,-1.7853600476,12503973.8,1.1586756524,-1.6202208321,0.005179313,1,0.0052734711,0.0000732495"
2026-05-27T06:00:00.000-03:00,"CSV=1779872400000,0.004949,0.00495,0.004868,0.004912,26513988,0.00519418,0.0053566606,0.0050316994,3.0332443806,6.2562563039,9.2710053174,29.1477236535,33.5395526049,0.005231,-2.7519303108,14200168.6,1.8671600843,-2.7929120317,0.0051316736,1,0.0052698744,0.0000742245"
2026-05-27T07:00:00.000-03:00,"CSV=1779876000000,0.004912,0.004982,0.004905,0.004948,13884189,0.00518552,0.0053493462,0.0050216938,3.0625454372,6.3186008979,11.3865262853,27.2379213361,34.0395689246,0.005152,-2.827965436,12730480.1,1.090625718,-2.8900252992,0.0051316736,1,0.0052666717,0.0000745021"
2026-05-27T08:00:00.000-03:00,"CSV=1779879600000,0.004945,0.00496,0.004914,0.004922,11093426,0.00517726,0.0053437315,0.0050107885,3.1152664945,6.430871783,10.9282121824,26.1415796453,34.506250823,0.005152,-2.1471172962,13134732.2,0.8445871473,-2.5311594236,0.0051316736,1,0.0052632421,0.0000716519"
2026-05-27T09:00:00.000-03:00,"CSV=1779883200000,0.004922,0.004981,0.004894,0.004963,16994048,0.00516954,0.0053368164,0.0050022636,3.1343862926,6.4716180957,11.9243928451,24.1701723484,34.467629737,0.005152,-0.8985623003,13977399.2,1.2158233271,-2.0516039509,0.0051316736,1,0.0052602546,0.0000731867"
2026-05-27T10:00:00.000-03:00,"CSV=1779886800000,0.004962,0.004972,0.004892,0.004949,17454967,0.00516288,0.0053321634,0.0049935966,3.1747599633,6.5577115267,11.0997044106,22.6714679078,34.4541351634,0.005104,-0.6025306286,14594095,1.1960294215,-1.6079507537,0.0051316736,1,0.0052571576,0.000073868"
2026-05-27T11:00:00.000-03:00,"CSV=1779890400000,0.004951,0.004964,0.0049,0.004959,10780631,0.00515456,0.0053234359,0.0049856841,3.1723111038,6.552487496,10.4785385827,21.4027187041,34.4415402281,0.005104,-0.2815202091,14359591.1,0.7507616982,-1.1424186992,0.0051316736,1,0.0052541908,0.0000728812"
2026-05-27T12:00:00.000-03:00,"CSV=1779894000000,0.004958,0.005092,0.004948,0.005057,27184952,0.00514856,0.0053154546,0.0049816654,3.1397991205,6.4831563263,19.7993586392,18.8585279311,32.3076865794,0.005104,1.7914653784,15955746.6,1.7037718561,0.2558036315,0.0051316736,1,0.0052522287,0.0000799931"
2026-05-27T13:00:00.000-03:00,"CSV=1779897600000,0.005057,0.005137,0.005031,0.005132,21534383,0.00514282,0.0053051887,0.0049804513,3.0605636834,6.3143830822,21.7411503807,17.242028062,30.9232534102,0.005137,3.6767676768,16732278.6,1.2869964405,1.7478647252,0.0048362186,-1,0.0052510324,0.0000825938"
2026-05-27T14:00:00.000-03:00,"CSV=1779901200000,0.005132,0.00523,0.005057,0.005215,27131899,0.00513994,0.0052997049,0.0049801751,3.0145995325,6.2166048045,25.9144859725,14.9945080501,30.6412593552,0.00523,5.2047609441,18706053.3,1.4504341758,3.6816308668,0.0048685968,-1,0.0052506739,0.0000916344"
2026-05-27T15:00:00.000-03:00,"CSV=1779904800000,0.005212,0.005288,0.005169,0.005228,44382640,0.00513576,0.0052903483,0.0049811717,2.9220817029,6.0200749134,27.9150512539,13.6802701835,30.8799802334,0.005288,5.5948293274,21695512.3,2.0457060145,6.269545913,0.0049453871,-1,0.0052504483,0.000094371"
2026-05-27T16:00:00.000-03:00,"CSV=1779908400000,0.005229,0.005264,0.005164,0.005164,17155153,0.00513056,0.0052796399,0.0049814801,2.8236749027,5.8114461518,25.8732694557,13.0453719165,31.0187018927,0.005288,5.1302931596,20759628.8,0.8263708935,5.592872256,0.0049453871,-1,0.0052495881,0.0000949339"
2026-05-27T17:00:00.000-03:00,"CSV=1779912000000,0.005164,0.005187,0.005132,0.005177,19604055,0.00512602,0.0052700753,0.0049819647,2.7334587466,5.6205529905,24.8041619714,14.9104517279,30.6115893864,0.005288,4.6281325788,21331615.4,0.9190140846,5.1463545125,0.0049453871,-1,0.0052488658,0.0000909405"
2026-05-27T18:00:00.000-03:00,"CSV=1779915600000,0.005177,0.005194,0.004935,0.004962,48520712,0.00511652,0.0052553205,0.0049777195,2.6411418244,5.4255809362,20.5250424233,25.460045286,29.2862665015,0.005288,0.8126777733,25074344,1.9350740342,3.9551002274,0.0049453871,-1,0.0052460114,0.0001077464"
2026-05-27T19:00:00.000-03:00,"CSV=1779919200000,0.004961,0.005031,0.004944,0.004998,34027028,0.0051077,0.0052395668,0.0049758332,2.5167498413,5.163450823,19.3251678565,23.9716751195,28.0492984756,0.005288,0.7052186178,26777642,1.2707253312,2.9354465388,0.0049453871,-1,0.0052435437,0.0001056718"
2026-05-27T20:00:00.000-03:00,"CSV=1779922800000,0.004999,0.004999,0.004898,0.004976,27797240,0.00509786,0.0052205083,0.0049752117,2.3493551332,4.811755491,18.0152124348,25.433991538,27.3176521133,0.005288,0.5455647606,27811869.3,0.9994739908,2.138723622,0.0049453871,-1,0.0052408815,0.0001052046"
2026-05-27T21:00:00.000-03:00,"CSV=1779926400000,0.004977,0.005014,0.004967,0.004981,15222534,0.0050899,0.0052068255,0.0049729745,2.2456195111,4.5944120354,18.4696170052,24.6025104525,26.4457192538,0.005288,0.4436378302,28256059.6,0.5387352028,1.5054835202,0.0049453871,-1,0.0052382957,0.0000993842"
2026-05-27T22:00:00.000-03:00,"CSV=1779930000000,0.004981,0.00501,0.004857,0.004898,31244410,0.00508074,0.0051943533,0.0049671267,2.1872471601,4.4723149008,16.5791976421,29.4430786711,26.5460994894,0.005288,-3.1441566146,28662005.4,1.0900985316,-0.1388244895,0.0052477372,1,0.0052349096,0.0001047457"
2026-05-27T23:00:00.000-03:00,"CSV=1779933600000,0.0049,0.004905,0.004779,0.004845,51842566,0.00507278,0.0051886659,0.0049568941,2.2334422591,4.5689289072,15.2059288262,32.1319070608,27.1600733705,0.005288,-5.5923616524,31692823.7,1.6357824879,-3.1418454119,0.0051626135,1,0.0052310299,0.0001068712"
2026-05-28T00:00:00.000-03:00,"CSV=1779937200000,0.004846,0.004848,0.004567,0.004589,121233482,0.00506006,0.0051922915,0.0049278285,2.5466891658,5.2264805453,12.6936030188,39.2880762172,28.7601513419,0.005288,-12.0038350911,41102982,2.9495057561,-13.8963571733,0.0050803521,1,0.0052246416,0.000124284"
2026-05-28T01:00:00.000-03:00,"CSV=1779940800000,0.004589,0.004636,0.004508,0.00462,71066416,0.00504842,0.0051927107,0.0049041293,2.7787161637,5.7162712815,11.7464169702,39.7959099071,30.4708284395,0.005288,-11.6296863045,43771359.6,1.6235825583,-15.5581567297,0.0049459669,1,0.0052186252,0.0001246556"
2026-05-28T02:00:00.000-03:00,"CSV=1779944400000,0.00462,0.004644,0.004483,0.004533,66980578,0.0050347,0.0051939569,0.0048754431,3.0661965992,6.3263722079,10.6731177562,37.5784863279,32.1568110859,0.005288,-12.2192099148,48753902.1,1.3738506071,-15.9678941398,0.0049459669,1,0.0052118031,0.0001282901"
2026-05-28T03:00:00.000-03:00,"CSV=1779948000000,0.004534,0.00456,0.004503,0.00453,35961305,0.00501976,0.0051902294,0.0048492906,3.2844293395,6.7919349843,10.3155805233,36.3196500325,33.7303948892,0.005288,-12.4975854742,50389627.1,0.7136648368,-13.6182918591,0.0048949832,1,0.005205019,0.0001211611"
2026-05-28T04:00:00.000-03:00,"CSV=1779951600000,0.004531,0.004613,0.004526,0.004579,25246947,0.00500606,0.0051837239,0.0048283961,3.4273408449,7.0979527226,12.9437865108,34.4333248866,34.5056006727,0.005288,-7.7186618299,48062250.6,0.5252968116,-10.4303907225,0.0048949832,1,0.0051987899,0.000117745"
2026-05-28T05:00:00.000-03:00,"CSV=1779955200000,0.004579,0.004584,0.004533,0.004545,18295737,0.00499272,0.0051792402,0.0048061998,3.6013051273,7.4716885576,12.5348934935,33.3455793419,35.2291260707,0.005288,-9.0636254502,46489121.5,0.3935487789,-8.1425867245,0.0048917114,1,0.0051922846,0.0001110705"
2026-05-28T06:00:00.000-03:00,"CSV=1779958800000,0.004545,0.004633,0.00453,0.004611,17476076,0.00498058,0.0051717386,0.0047894214,3.6962150985,7.676157489,14.7767140468,31.2120394292,35.2630313807,0.005288,-7.3352090032,45457005.1,0.3844528684,-6.3684051969,0.0048917114,1,0.0051865006,0.0001102634"
2026-05-28T07:00:00.000-03:00,"CSV=1779962400000,0.004611,0.00463,0.004546,0.004548,24954948,0.00496806,0.0051665018,0.0047696182,3.8409310518,7.9887026648,13.9943301473,29.5594529987,35.2946763368,0.005288,-8.6930335274,46430246.5,0.5374717965,-5.8030235804,0.0048917114,1,0.0051801474,0.0001076371"
2026-05-28T08:00:00.000-03:00,"CSV=1779966000000,0.004549,0.004604,0.004538,0.004556,17851891,0.00495638,0.0051614344,0.0047513256,3.9728184908,8.2743623802,13.3971803198,28.8153486063,35.3767045627,0.005288,-6.982441813,45090994.6,0.3959081222,-4.7901508624,0.0048814201,1,0.005173937,0.0001034734"
2026-05-28T09:00:00.000-03:00,"CSV=1779969600000,0.004555,0.004667,0.004554,0.004634,18275720,0.00494416,0.0051498552,0.0047384648,3.9941947216,8.3207358346,16.4718890516,26.7235356707,34.6004693939,0.005288,-4.35500516,41734310,0.4379063653,-3.8291287351,0.0048814201,1,0.0051685645,0.000104426"
2026-05-28T10:00:00.000-03:00,"CSV=1779973200000,0.004635,0.004651,0.004553,0.004585,17683514,0.00493132,0.0051389871,0.0047236529,4.0410119776,8.4223730593,15.431001229,25.0993095518,33.8840723123,0.005288,-0.0871649597,31379313.2,0.5635405048,-2.5691261519,0.0048814201,1,0.0051627579,0.0001037834"
2026-05-28T11:00:00.000-03:00,"CSV=1779976800000,0.004583,0.004683,0.004521,0.004668,31124177,0.00492054,0.0051276056,0.0047134744,4.0382515613,8.4163776234,13.8777820511,22.5729194381,33.2154350361,0.005264,1.038961039,27385089.3,1.1365373565,-1.319144757,0.0048814201,1,0.0051578349,0.0001096051"
2026-05-28T12:00:00.000-03:00,"CSV=1779980400000,0.004667,0.004667,0.004576,0.004614,19633560,0.00490866,0.0051159321,0.0047013879,4.0515013077,8.445158315,13.0768810302,21.2702131298,32.5913735783,0.005194,1.7868960953,22650387.5,0.8668090115,-0.3631306253,0.0048814201,1,0.0051524236,0.0001078446"
2026-05-28T13:00:00.000-03:00,"CSV=1779984000000,0.004612,0.00472,0.004583,0.004711,38556952,0.00490032,0.0051069872,0.0046936528,4.0467541025,8.4348456681,15.236106779,19.476830222,31.2330520329,0.005194,3.995584989,22909952.2,1.6829782823,1.9994071702,0.0048814201,1,0.0051480313,0.0001107601"
2026-05-28T14:00:00.000-03:00,"CSV=1779987600000,0.004712,0.004793,0.0047,0.004775,24230501,0.00489394,0.0050994503,0.0046884297,4.0300486964,8.3985635955,18.8911963382,18.3514551372,29.247465602,0.005031,4.28041057,22808307.6,1.0623541836,2.8487088057,0.0048814201,1,0.0051443196,0.0001089841"
2026-05-28T15:00:00.000-03:00,"CSV=1779991200000,0.004775,0.00494,0.004765,0.004931,34439082,0.00489036,0.0050936222,0.0046870978,3.9905231433,8.3127692682,25.6845044326,16.436705031,28.7613151351,0.005014,8.4928492849,24422642.1,1.4101292505,5.8911442694,0.0045213865,-1,0.005142197,0.0001155857"
2026-05-28T16:00:00.000-03:00,"CSV=1779994800000,0.00493,0.004933,0.004806,0.00482,16411367,0.00488718,0.0050902742,0.0046840858,3.989848562,8.3113056323,23.7571366821,15.2032930614,28.3075746992,0.005014,4.5326393407,24316171.2,0.6749157532,4.9471460778,0.0045213865,-1,0.0051389911,0.0001167271"
2026-05-28T17:00:00.000-03:00,"CSV=1779998400000,0.004823,0.00494,0.004795,0.004877,15854351,0.00488386,0.005085733,0.004681987,3.9693988887,8.2669458335,21.759696697,14.5628677156,27.7413136395,0.00501,7.2339489886,23406111.5,0.677359458,4.9314253073,0.0045213865,-1,0.0051363842,0.0001195544"
2026-05-28T18:00:00.000-03:00,"CSV=1780002000000,0.00488,0.004881,0.004812,0.004819,9999392,0.00487848,0.0050784161,0.0046785439,3.9369777765,8.1966560812,20.8652636602,13.9642605669,27.2128033171,0.00494,5.7726075505,22620861.6,0.4420429326,4.138196995,0.0045213865,-1,0.0051332261,0.000114499"
2026-05-28T19:00:00.000-03:00,"CSV=1780005600000,0.00482,0.004852,0.00477,0.00479,11014500,0.00487346,0.0050724011,0.0046745189,3.9220304802,8.1642659598,19.8275170773,15.8171731734,26.148675578,0.00494,3.3664220975,21894739.6,0.5030660424,3.3233088772,0.0045213865,-1,0.0051298109,0.0001112491"
2026-05-28T20:00:00.000-03:00,"CSV=1780009200000,0.004789,0.004809,0.00476,0.004778,6283408,0.00486798,0.0050656976,0.0046702624,3.9030680574,8.1231897387,19.2156351441,15.9588522289,25.0226928714,0.00494,4.2093784079,20754729,0.3027458465,2.6403298613,0.0045213865,-1,0.0051263103,0.0001050242"
2026-05-28T21:00:00.000-03:00,"CSV=1780012800000,0.004782,0.004881,0.004782,0.004857,18371874,0.0048643,0.0050604693,0.0046681307,3.876504864,8.0656760525,22.5096125498,14.9217458528,24.7059411371,0.00494,4.0488431877,19479498.7,0.9431389525,3.0330938152,0.0045213865,-1,0.0051236306,0.0001048218"
2026-05-28T22:00:00.000-03:00,"CSV=1780016400000,0.004857,0.004869,0.00479,0.004797,5967163,0.00485922,0.0050537709,0.0046646691,3.8496184563,8.0074949147,21.3684493736,14.1652625124,24.4103061851,0.00494,3.966189857,18112859,0.3294434633,2.457607651,0.0045227813,-1,0.0051203806,0.0001022396"
2026-05-28T23:00:00.000-03:00,"CSV=1780020000000,0.004797,0.004904,0.004762,0.00481,27049442,0.00485358,0.0050453689,0.0046617911,3.8012850447,7.9029850793,21.6601556644,12.9052611804,24.4715177326,0.00494,2.1014646572,16962108,1.5946981354,2.7554723575,0.0045227813,-1,0.0051172922,0.0001062156"
2026-05-29T00:00:00.000-03:00,"CSV=1780023600000,0.004811,0.004834,0.004733,0.004755,11638006,0.00484808,0.0050386701,0.0046574899,3.7825480702,7.8624989425,20.285101473,13.9087775387,24.0832538505,0.00494,-0.4188481675,15702858.5,0.7411393282,1.7335066218,0.0045227813,-1,0.0051136873,0.0001056941"
2026-05-29T01:00:00.000-03:00,"CSV=1780027200000,0.004754,0.004817,0.00473,0.004808,15387457,0.00484408,0.0050333661,0.0046547939,3.7606268123,7.8151523389,19.1623879069,13.3298232182,23.6744139205,0.00494,-2.4944230379,13797696,1.1152193091,0.2283948356,0.0045227813,-1,0.0051106456,0.0001038247"
2026-05-29T02:00:00.000-03:00,"CSV=1780030800000,0.004808,0.004815,0.004733,0.004739,5456567,0.00483928,0.0050281264,0.0046504336,3.7558005097,7.8047311518,18.1480568122,12.6242298316,23.2928299859,0.00494,-1.6804979253,12702216,0.4295759889,-0.088370629,0.0045227813,-1,0.0051069477,0.0001016422"
2026-05-29T03:00:00.000-03:00,"CSV=1780034400000,0.004739,0.004776,0.00473,0.004743,10437375,0.00483468,0.0050230137,0.0046463463,3.749416159,7.7909473571,17.588472615,12.436063275,22.8840188354,0.00494,-2.747590732,12160518.4,0.8583001692,-0.844999616,0.0045227813,-1,0.0051033263,0.000096078"
2026-05-29T04:00:00.000-03:00,"CSV=1780038000000,0.004745,0.004754,0.004689,0.004721,19676733,0.00482974,0.005017751,0.004641729,3.7469185233,7.7855554664,16.8040190781,14.6946676719,21.8048597701,0.00494,-2.033616933,13128252.5,1.4988082382,-1.5793336815,0.0045227813,-1,0.0050995221,0.0000929702"
2026-05-29T05:00:00.000-03:00,"CSV=1780041600000,0.004722,0.004769,0.004703,0.004714,12490062,0.00482502,0.005012915,0.004637125,3.7482187901,7.7883624449,17.0781234436,14.0146575294,21.0080464351,0.00494,-1.5866388309,13275808.7,0.940813647,-1.550466276,0.0045227813,-1,0.005095686,0.0000902732"
2026-05-29T06:00:00.000-03:00,"CSV=1780045200000,0.004715,0.004742,0.004703,0.004737,11727940,0.00482062,0.0050079479,0.0046332921,3.7406126896,7.7719436912,16.592009037,13.6157421011,20.264353989,0.00494,-0.8580996233,13820261.9,0.8486047576,-1.2763733249,0.0045227813,-1,0.005092117,0.0000851458"
2026-05-29T07:00:00.000-03:00,"CSV=1780048800000,0.004736,0.004736,0.004665,0.004706,19584043,0.00481572,0.0050027775,0.0046286625,3.7390736287,7.7686217444,15.7076267621,15.703145147,18.9143482407,0.00494,-3.1089149681,13941478.8,1.4047321149,-2.3066464494,0.0045227813,-1,0.0050882751,0.0000838313"
2026-05-29T08:00:00.000-03:00,"CSV=1780052400000,0.004705,0.004711,0.004611,0.004633,23095584,0.00481014,0.0049983997,0.0046218803,3.7663997681,7.8276189586,14.553288922,18.5175428523,18.4525357744,0.00494,-3.4188034188,15654320.9,1.4753488285,-3.2190735058,0.0045227813,-1,0.005083745,0.0000854481"
2026-05-29T09:00:00.000-03:00,"CSV=1780056000000,0.004633,0.004662,0.004581,0.004601,26869148,0.0048032,0.0049926419,0.0046137581,3.794422279,7.8881544479,13.6807581225,19.6278643166,18.4126703656,0.00494,-4.3451143451,15636291.5,1.7183836717,-4.6349068513,0.0045227813,-1,0.0050789415,0.0000850033"
2026-05-29T10:00:00.000-03:00,"CSV=1780059600000,0.0046,0.004631,0.004555,0.004612,22192266,0.004797,0.0049875221,0.0046064779,3.8199755296,7.943386479,12.903071691,20.4568197203,18.6947058939,0.00494,-3.007360673,16691717.5,1.3295375985,-4.4227375966,0.0045227813,-1,0.0050742953,0.000084103"
2026-05-29T11:00:00.000-03:00,"CSV=1780063200000,0.004615,0.004646,0.004536,0.004626,21498387,0.00479026,0.0049807513,0.0045997687,3.8245503841,7.9532778883,11.8577743293,20.1988715731,19.1830500956,0.00494,-3.7853577371,17302810.5,1.2424794804,-4.5162348359,0.0045227813,-1,0.0050698347,0.0000866927"
2026-05-29T12:00:00.000-03:00,"CSV=1780066800000,0.00463,0.004749,0.004605,0.004721,23569968,0.0047857,0.0049750624,0.0045963376,3.8062322419,7.9136774255,17.9460774341,18.1379222618,17.9396242065,0.00494,-0.3798269677,19114150.6,1.2331161605,-3.1669468146,0.0045227813,-1,0.0050663637,0.0000924234"
2026-05-29T13:00:00.000-03:00,"CSV=1780070400000,0.004723,0.004785,0.004684,0.004769,16477042,0.0047819,0.0049696461,0.0045941539,3.7778571513,7.8523654524,19.2064201965,16.8462134928,17.1800864832,0.004904,0.5481762598,19718117.3,0.8356295761,-1.9586071112,0.0045227813,-1,0.0050634048,0.0000932811"
2026-05-29T14:00:00.000-03:00,"CSV=1780074000000,0.00477,0.004794,0.004727,0.004731,11886495,0.00477538,0.0049590763,0.0045916837,3.7042434817,7.6934718946,18.9282600245,16.0345953822,16.5865071703,0.004904,0.2118195298,18939093.5,0.627616892,-1.2614242358,0.0045227813,-1,0.0050600973,0.000090653"
2026-05-29T15:00:00.000-03:00,"CSV=1780077600000,0.004733,0.004737,0.004666,0.004684,11132883,0.00476642,0.0049433027,0.0045895373,3.5782288582,7.4220351188,17.9465629749,19.6589047951,15.7843025874,0.004904,-0.6364022062,18803375.6,0.5920683199,-0.9665473522,0.0045227813,-1,0.0050563551,0.0000886877"
2026-05-29T16:00:00.000-03:00,"CSV=1780081200000,0.004685,0.004727,0.004639,0.004674,17192841,0.0047556,0.0049208778,0.0045903222,3.3587061602,6.9508716757,16.7901600655,20.3691761227,15.3741183662,0.004904,-1.3299556681,19349865.7,0.8885250816,-1.0382645577,0.0045227813,-1,0.0050525505,0.0000886189"
2026-05-29T17:00:00.000-03:00,"CSV=1780084800000,0.004675,0.004752,0.004669,0.004749,10168484,0.00474602,0.0048968929,0.0045951471,3.0809916288,6.3578686586,17.6051088781,19.1239071738,14.624853516,0.004904,0.9137271568,18408309.8,0.5523855319,-0.5239331513,0.0045227813,-1,0.0050495301,0.000088057"
2026-05-29T18:00:00.000-03:00,"CSV=1780088400000,0.004749,0.004752,0.004665,0.00467,10448670,0.00473614,0.0048750156,0.0045972644,2.8487217234,5.8645069297,16.4740274669,18.1906370803,13.9799995814,0.004904,0.7986186057,17143618.4,0.6094786851,-0.1870417616,0.0045227813,-1,0.0050457537,0.0000879513"
2026-05-29T19:00:00.000-03:00,"CSV=1780092000000,0.00467,0.004725,0.004659,0.004699,10628701,0.00472658,0.0048504165,0.0046027435,2.5531110401,5.2400052323,15.6564366925,17.739025981,13.463742572,0.004834,2.1299717453,15519573.7,0.6848577935,0.3615480755,0.0045227813,-1,0.0050423034,0.0000857562"
2026-05-29T20:00:00.000-03:00,"CSV=1780095600000,0.0047,0.004711,0.004673,0.004703,10308452,0.0047214,0.0048406112,0.0046021888,2.462731154,5.0498259449,15.1913484024,17.2120725354,12.9819026965,0.004817,1.9731136167,14331192.3,0.7193017709,0.7141200898,0.0045227813,-1,0.0050389273,0.0000809806"
2026-05-29T21:00:00.000-03:00,"CSV=1780099200000,0.004703,0.004733,0.004682,0.004719,10647170,0.00471582,0.0048282929,0.0046033471,2.3294542784,4.7700240871,16.3361872977,16.5069585286,12.1511065187,0.004815,2.0103761349,13246070.6,0.8037983732,1.0147257488,0.0045227813,-1,0.0050357439,0.0000779825"
2026-05-29T22:00:00.000-03:00,"CSV=1780102800000,0.004719,0.004774,0.004714,0.004773,9483243,0.00471176,0.0048182738,0.0046052462,2.2106208865,4.5211881015,18.8893803651,15.6964245803,11.9564983134,0.004794,1.1014615548,11837398.1,0.8011256291,0.9706201929,0.0045227813,-1,0.0050331296,0.0000761843"
2026-05-29T23:00:00.000-03:00,"CSV=1780106400000,0.004774,0.004857,0.004773,0.004852,10871629,0.00470918,0.0048105805,0.0046077795,2.1078647354,4.306504766,24.3719906999,14.6196324736,12.8268263557,0.004857,1.7404067939,11276856.8,0.9640655364,1.206368865,0.0045841025,-1,0.0050313273,0.0000769658"
2026-05-30T00:00:00.000-03:00,"CSV=1780110000000,0.004852,0.0049,0.004793,0.004893,15950767,0.00470908,0.0048102966,0.0046078634,2.1041648137,4.2987831089,25.7259230117,13.3680304232,14.0790880519,0.0049,3.4242232086,11683284,1.365263996,2.362568797,0.0046065923,-1,0.0050299509,0.0000799692"
2026-05-30T01:00:00.000-03:00,"CSV=1780113600000,0.004893,0.005027,0.004868,0.005008,33649594,0.00471234,0.0048202832,0.0046043968,2.2393548405,4.5813012728,32.2211878637,11.7644913857,16.2409907756,0.005027,6.9171648164,13934955.1,2.414761566,7.1428137795,0.004683883,-1,0.0050297325,0.0000878723"
2026-05-30T02:00:00.000-03:00,"CSV=1780117200000,0.005006,0.005029,0.004963,0.004975,27156482,0.00472006,0.0048326109,0.0046075091,2.3289866414,4.7690436728,30.7427695688,11.1686602078,18.2718254803,0.005029,6.4398801883,14931319.2,1.8187597249,8.6660740928,0.0047389447,-1,0.0050291879,0.0000856851"
2026-05-30T03:00:00.000-03:00,"CSV=1780120800000,0.004975,0.004997,0.00494,0.00498,17605017,0.00472726,0.0048445928,0.0046099272,2.4219337236,4.9640945267,29.3665215107,12.475047694,19.7450422659,0.005029,4.864181933,15674972.5,1.1231290517,7.5984174092,0.0047389447,-1,0.0050286984,0.0000828166"
2026-05-30T04:00:00.000-03:00,"CSV=1780124400000,0.004979,0.005097,0.004943,0.005065,22029042,0.0047379,0.0048611088,0.0046146912,2.534582364,5.2009880539,33.4469808481,11.0438975836,21.7856613761,0.005097,8.4582441113,16833009.7,1.3086811208,8.7553264006,0.0047501952,-1,0.0050290596,0.0000899349"
2026-05-30T05:00:00.000-03:00,"CSV=1780128000000,0.005066,0.005073,0.004971,0.004994,22716247,0.00474718,0.0048718459,0.0046225141,2.5589049074,5.2522088448,30.9290048033,10.2124841391,23.6902392123,0.005097,6.2779314748,18041764.3,1.2590923272,8.4717160507,0.0047501952,-1,0.0050287108,0.0000911414"
2026-05-30T06:00:00.000-03:00,"CSV=1780131600000,0.004994,0.005035,0.004961,0.005025,12840224,0.0047561,0.0048843186,0.0046278814,2.6251072633,5.3917538485,29.2191582233,10.394974776,25.2788137711,0.005097,6.8466935998,18294941.5,0.7018455894,7.2495846021,0.0047501952,-1,0.0050286739,0.0000894273"
2026-05-30T07:00:00.000-03:00,"CSV=1780135200000,0.005024,0.005048,0.005001,0.005005,10528140,0.0047653,0.0048945406,0.0046360594,2.6405050123,5.424237282,29.1626136587,10.0180925979,26.851033736,0.005097,6.0606060606,18283038.5,0.5758419204,5.9963734122,0.0047689463,-1,0.0050284383,0.0000851846"
2026-05-30T08:00:00.000-03:00,"CSV=1780138800000,0.005004,0.005007,0.004971,0.004997,11996149,0.00477302,0.0049043252,0.0046417148,2.6773349985,5.501976335,28.3199721486,12.1365057789,27.7277757075,0.005097,4.6930651582,18534329.1,0.6472394515,5.0100945811,0.0047689463,-1,0.0050281255,0.0000802661"
2026-05-30T09:00:00.000-03:00,"CSV=1780142400000,0.004998,0.005224,0.004998,0.005199,57696431,0.00478604,0.0049263541,0.0046457259,2.8482335731,5.8634725397,39.307769818,10.1542838198,29.8086650048,0.005224,7.1516900247,23216809.3,2.4851145674,9.264319408,0.0048261815,-1,0.0050298257,0.0000949395"
2026-05-30T10:00:00.000-03:00,"CSV=1780146000000,0.005199,0.005276,0.00515,0.005175,99434010,0.00479842,0.0049450563,0.0046517837,2.9653109732,6.1118575284,39.4814787268,9.2552902786,31.9560386834,0.005276,5.7633353771,31565133.6,3.1501216266,12.2279487429,0.0049188634,-1,0.0050312703,0.0000980455"
2026-05-30T11:00:00.000-03:00,"CSV=1780149600000,0.005175,0.005176,0.005043,0.005085,73891828,0.00480744,0.0049575157,0.0046573643,3.0272366958,6.2434782565,35.8881070197,15.7351161751,32.4282103721,0.005276,1.5375399361,35589357,2.0762338583,9.2160633199,0.0049188634,-1,0.0050318049,0.000101541"
2026-05-30T12:00:00.000-03:00,"CSV=1780153200000,0.005086,0.005156,0.005043,0.005068,29238798,0.0048171,0.0049680889,0.0046661111,3.0391748156,6.2688715981,33.1422334794,14.5311897843,32.8689039482,0.005276,1.8693467337,35797588.6,0.8167812175,6.6529913136,0.0049188634,-1,0.005032165,0.0001026869"
2026-05-30T13:00:00.000-03:00,"CSV=1780156800000,0.005071,0.00533,0.005065,0.005223,85859182,0.0048282,0.0049879652,0.0046684348,3.2030135782,6.6180026809,38.3857177942,12.1880650969,34.1310341177,0.00533,4.8795180723,42623005.1,2.0143859354,7.7117384013,0.0049188634,-1,0.0050340639,0.0001189182"
2026-05-30T14:00:00.000-03:00,"CSV=1780160400000,0.005222,0.005232,0.005088,0.005156,39269724,0.00483904,0.0050022541,0.0046758259,3.2628108202,6.7457217806,35.091335721,11.1420473208,35.3090222759,0.00533,1.7966436328,44347073.3,0.8855088076,5.6714735212,0.0049188634,-1,0.0050352772,0.0001214264"
2026-05-30T15:00:00.000-03:00,"CSV=1780164000000,0.005156,0.00522,0.005117,0.005158,25187738,0.00484798,0.0050161042,0.0046798558,3.3516883442,6.9358445829,32.9257380551,10.4544362289,36.4084778902,0.00533,3.2839407289,44594222.4,0.5648206571,4.3992615343,0.0049188634,-1,0.0050364983,0.0001195837"
2026-05-30T16:00:00.000-03:00,"CSV=1780167600000,0.005154,0.005225,0.00512,0.005197,19658065,0.00485642,0.005031132,0.004681708,3.4726181267,7.195094406,31.1472308126,9.7942529947,37.4582373906,0.00533,3.4228855721,45276006.5,0.4341828381,3.4282270802,0.0049188634,-1,0.0050380953,0.0001181254"
2026-05-30T17:00:00.000-03:00,"CSV=1780171200000,0.005197,0.005217,0.005144,0.005158,14116166,0.00486096,0.0050404355,0.0046814845,3.5607132584,7.3843624911,29.7479105452,9.3542364552,38.4380129242,0.00533,3.0569430569,45634809.1,0.3093289153,2.6006850135,0.0049188634,-1,0.0050392884,0.0001136128"
2026-05-30T18:00:00.000-03:00,"CSV=1780174800000,0.005157,0.005227,0.00514,0.005186,13154056,0.00486828,0.0050533133,0.0046832467,3.6616233289,7.6015881841,28.7575764958,8.8467316562,39.4053659183,0.00533,3.7822693616,45750599.8,0.2875165803,2.0962783932,0.0049188634,-1,0.0050407482,0.0001109515"
2026-05-30T19:00:00.000-03:00,"CSV=1780178400000,0.005185,0.005189,0.00512,0.005144,9324950,0.00487362,0.0050626378,0.0046846022,3.7335826513,7.7567707496,27.4902080288,9.7342629525,39.9583186747,0.00533,-1.0578957492,40913451.7,0.2279189267,1.3171474409,0.0049188634,-1,0.0050417756,0.0001067564"
2026-05-30T20:00:00.000-03:00,"CSV=1780182000000,0.005144,0.005163,0.005101,0.00515,17341764,0.00488024,0.0050729884,0.0046874916,3.7995038932,7.899135757,26.3713158548,10.5853674796,40.142079587,0.00533,-0.4830917874,32704227.1,0.530260628,0.7927101091,0.0049188634,-1,0.0050428525,0.0001022808"
2026-05-30T21:00:00.000-03:00,"CSV=1780185600000,0.00515,0.005208,0.00513,0.005144,14435752,0.00488732,0.0050831014,0.0046915386,3.8516121945,8.0118081694,28.0002966344,10.03483063,40.6148662171,0.00533,1.1602753196,26758619.5,0.5394804467,0.7371220219,0.0049188634,-1,0.0050438589,0.0000998527"
2026-05-30T22:00:00.000-03:00,"CSV=1780189200000,0.005146,0.005162,0.005112,0.005151,10177651,0.00489478,0.0050933403,0.0046962197,3.8984307734,8.1131469648,27.0346036301,10.9303348007,40.7351280349,0.00533,1.637726914,24852504.8,0.409522142,0.7149764926,0.0049188634,-1,0.005044925,0.0000948674"
2026-05-30T23:00:00.000-03:00,"CSV=1780192800000,0.005151,0.005253,0.005134,0.005223,27313123,0.0049021,0.0051058122,0.0046983878,3.9898094063,8.311220677,31.0308516878,10.0467612345,41.4250532656,0.00533,0,18997898.9,1.4376917755,0.476650995,0.0049188634,-1,0.0050466969,0.0000972807"
2026-05-31T00:00:00.000-03:00,"CSV=1780196400000,0.005226,0.005237,0.005148,0.005179,25207573,0.00490974,0.0051165076,0.0047029724,4.0411858552,8.4227507212,29.1430738823,9.435561353,42.0689834809,0.00533,0.4460822343,17591683.8,1.4329255395,0.5308348721,0.0049188634,-1,0.0050480133,0.0000964526"
2026-05-31T01:00:00.000-03:00,"CSV=1780200000000,0.005179,0.005202,0.005131,0.005159,13063127,0.00491672,0.0051258797,0.0047075603,4.0804636435,8.5080970958,27.7025877398,10.1526688887,42.3550903237,0.00533,0.0193873594,16379222.7,0.7975425476,0.3590439961,0.0049188634,-1,0.0050491177,0.0000939073"
2026-05-31T02:00:00.000-03:00,"CSV=1780203600000,0.00516,0.005244,0.00514,0.00522,19758809,0.00492602,0.0051380997,0.0047139403,4.127589346,8.6105884224,28.61555213,9.4217900876,42.8954385201,0.00533,0.4425630171,16389297.1,1.2055922154,0.4172128401,0.0049188634,-1,0.005050818,0.0000949166"
2026-05-31T03:00:00.000-03:00,"CSV=1780207200000,0.005222,0.005226,0.005154,0.005172,11480923,0.0049333,0.0051474409,0.0047191591,4.1601431708,8.6814469645,27.1649876608,8.944185676,43.3997635034,0.00533,0.2714230322,16125772.8,0.7119611037,0.3425561073,0.0049188634,-1,0.0050520238,0.0000926249"
2026-05-31T04:00:00.000-03:00,"CSV=1780210800000,0.005167,0.005179,0.005008,0.005049,49874023,0.0049395,0.0051524098,0.0047265902,4.1322367424,8.6207012702,24.0612821415,17.6772881811,41.5261253219,0.00533,-2.6417277285,19797769.5,2.5191738393,-1.9899530565,0.0049188634,-1,0.0050519937,0.0001004625"
2026-05-31T05:00:00.000-03:00,"CSV=1780214400000,0.005049,0.005124,0.005046,0.005079,22098074,0.00494622,0.0051581218,0.0047343182,4.1081193001,8.5682317837,22.7887931372,16.742418846,39.7773963526,0.00533,-1.2636080871,21075081.9,1.0485403618,-1.7682833979,0.0049188634,-1,0.0050522624,0.0000982162"
2026-05-31T06:00:00.000-03:00,"CSV=1780218000000,0.00508,0.005092,0.005029,0.005042,21370584,0.00495264,0.0051624736,0.0047428064,4.0645946254,8.4736070267,21.7914808128,17.1906295822,37.9124011505,0.00533,-2.0970873786,21477963.9,0.9950004618,-1.874389902,0.0049188634,-1,0.0050521603,0.0000946946"
2026-05-31T07:00:00.000-03:00,"CSV=1780221600000,0.005045,0.005078,0.005041,0.005048,13051328,0.00495932,0.0051667529,0.0047518871,4.0147637447,8.3653776378,21.2074670802,16.7299190948,36.171738962,0.00533,-1.866251944,21339521.5,0.611603592,-1.6300620655,0.0049188634,-1,0.0050521189,0.0000889251"
2026-05-31T08:00:00.000-03:00,"CSV=1780225200000,0.005049,0.005076,0.005043,0.00507,7088989,0.00496598,0.005171505,0.004760455,3.9741822283,8.2773202469,20.6779033218,16.3121625188,34.5471209193,0.00533,-1.5725101922,21030655.3,0.3370788451,-1.2633946835,0.0049188634,-1,0.0050522968,0.0000833326"
2026-05-31T09:00:00.000-03:00,"CSV=1780228800000,0.00507,0.005107,0.00504,0.0051,17935329,0.00497386,0.005176803,0.004770917,3.9202389068,8.1603843768,21.9963558208,15.4717491434,33.4048970008,0.005253,-2.354968409,20092875.9,0.8926212997,-1.542961443,0.0049188634,-1,0.0050527715,0.0000816994"
2026-05-31T10:00:00.000-03:00,"CSV=1780232400000,0.005105,0.005115,0.005046,0.005053,13025556,0.00498226,0.0051795336,0.0047849864,3.8087135473,7.9190406694,21.4368180213,14.6395148421,32.434000342,0.005253,-2.4329021047,18874674.2,0.690107594,-1.5882957013,0.0049188634,-1,0.0050527738,0.0000804294"
2026-05-31T11:00:00.000-03:00,"CSV=1780236000000,0.005053,0.005065,0.00496,0.005027,37492801,0.00499078,0.0051804564,0.0048011036,3.6613837152,7.6010718369,19.7083553221,20.0631495618,30.331205753,0.005253,-2.5586353945,21317641.6,1.7587687092,-2.5588797575,0.0049188634,-1,0.0050525173,0.0000828865"
2026-05-31T12:00:00.000-03:00,"CSV=1780239600000,0.005026,0.005072,0.005001,0.005027,18802487,0.00499908,0.0051809178,0.0048172422,3.5097607892,7.2748514626,19.1647589712,18.9558256721,28.3456643857,0.005253,-3.6973180077,21222009.4,0.8859899478,-2.7978487012,0.0049188634,-1,0.0050522634,0.0000816978"
2026-05-31T13:00:00.000-03:00,"CSV=1780243200000,0.005029,0.005061,0.004928,0.004964,30220995,0.00500584,0.0051797944,0.0048318856,3.358326406,6.9500584605,17.2535406261,22.5391076937,27.3414716133,0.005253,-4.0216550657,23096016.6,1.3084938205,-3.6193360681,0.0049188634,-1,0.0050513852,0.000086828"
2026-05-31T14:00:00.000-03:00,"CSV=1780246800000,0.004968,0.005031,0.004966,0.005008,14163422,0.00501158,0.005180709,0.004842451,3.2645909466,6.7495263184,16.3722836092,21.3878804043,26.4042250258,0.005253,-0.8120419885,19524956.5,0.7254009503,-2.6092427221,0.0049188634,-1,0.0050509535,0.0000848452"
2026-05-31T15:00:00.000-03:00,"CSV=1780250400000,0.005011,0.005015,0.004975,0.004981,8902450,0.00501582,0.0051814353,0.0048502047,3.1963209116,6.6037178375,15.8542955839,20.7112084017,25.5294615441,0.005253,-1.9295136838,18205394.1,0.4890006748,-2.0540063125,0.0049188634,-1,0.0050502574,0.0000803607"
2026-05-31T16:00:00.000-03:00,"CSV=1780254000000,0.004979,0.004988,0.004935,0.004975,11300194,0.0050207,0.005181372,0.004860028,3.1009546356,6.4003822204,15.1728116387,23.0650433211,25.2034867047,0.005253,-1.3288377628,17198355.1,0.6570508595,-1.6603755397,0.0049188634,-1,0.0050495086,0.0000776246"
2026-05-31T17:00:00.000-03:00,"CSV=1780257600000,0.004976,0.005036,0.004975,0.005028,10425195,0.00502758,0.0051808832,0.0048742768,2.9590174792,6.098490354,18.370058402,21.9039977832,24.1082362065,0.005253,-0.3961965135,16935741.8,0.6155735676,-1.1882130603,0.0049188634,-1,0.0050492946,0.0000759622"
2026-05-31T18:00:00.000-03:00,"CSV=1780261200000,0.005031,0.005058,0.005002,0.005058,8016113,0.00503526,0.0051800393,0.0048904807,2.7949451141,5.7506168118,19.3567926321,20.8706367207,22.7519013655,0.005253,-0.2366863905,17028454.2,0.4707481317,-0.8292819322,0.0049188634,-1,0.0050493812,0.000073966"
2026-05-31T19:00:00.000-03:00,"CSV=1780264800000,0.005058,0.005081,0.00502,0.005044,10727171,0.00504116,0.0051800443,0.0049022757,2.6811415429,5.5100143701,20.3143138538,19.7814749053,21.323702274,0.005244,-1.0980392157,16307638.4,0.6578003962,-0.7936181652,0.0049188634,-1,0.0050493277,0.0000726694"
2026-05-31T20:00:00.000-03:00,"CSV=1780268400000,0.005044,0.00507,0.00502,0.005054,9521702,0.00504884,0.0051772066,0.0049204734,2.4794560748,5.0849923002,19.4240869509,18.9145984129,19.9907164553,0.005244,0.0197902236,15957253,0.5967005725,-0.5251424975,0.0049188634,-1,0.0050493741,0.0000704024"
2026-05-31T21:00:00.000-03:00,"CSV=1780272000000,0.005053,0.005115,0.005053,0.005081,14510709,0.00505648,0.00517477,0.00493819,2.2858991359,4.6787497725,22.3486684855,17.8739500506,19.3996607562,0.005244,1.0741993237,13659043.8,1.0623517438,0.0302975099,0.0049188634,-1,0.0050496888,0.0000695622"
2026-05-31T22:00:00.000-03:00,"CSV=1780275600000,0.005081,0.005094,0.004991,0.004996,19762641,0.00506234,0.0051697289,0.0049549511,2.0772644193,4.2426601074,20.3552767633,21.6487067285,18.3116369124,0.005226,-0.6166699821,13755059.2,1.4367543398,-0.2751360844,0.0049188634,-1,0.0050491546,0.000072906"
2026-05-31T23:00:00.000-03:00,"CSV=1780279200000,0.004992,0.005139,0.004983,0.005101,17981049,0.00506998,0.0051656161,0.0049743439,1.8513973455,3.7726412714,21.4288629304,18.9114450944,17.5068912973,0.005179,2.7598710717,12531064.6,1.4349179079,1.1366387519,0.0049188634,-1,0.0050496705,0.0000812154"
2026-06-01T00:00:00.000-03:00,"CSV=1780282800000,0.0051,0.005159,0.005099,0.005125,10116319,0.00507702,0.0051630043,0.0049910357,1.6653927364,3.3871955819,22.0184194953,17.9748753664,17.0138022201,0.005159,2.3362619808,12126354.3,0.8342424071,1.407428774,0.0049188634,-1,0.00505042,0.0000790938"
2026-06-01T01:00:00.000-03:00,"CSV=1780286400000,0.005127,0.005179,0.005107,0.005141,15370556,0.0050828,0.0051629815,0.0050026185,1.5530085344,3.1550147167,22.3631863904,16.8988627855,16.8073868114,0.005179,3.2122063843,12773164.9,1.2033474961,2.2267526859,0.0049188634,-1,0.0050513213,0.0000783845"
2026-06-01T02:00:00.000-03:00,"CSV=1780290000000,0.005143,0.005354,0.005137,0.005329,45665054,0.00509152,0.0051742536,0.0050087864,1.5989476459,3.2498588331,31.8043366614,14.16140059,18.2457475562,0.005354,7.1155778894,16209650.9,2.8171522189,8.1663904705,0.004968762,-1,0.0050540843,0.000092246"
2026-06-01T03:00:00.000-03:00,"CSV=1780293600000,0.005329,0.005367,0.005171,0.005194,47577215,0.00509524,0.0051783155,0.0050121645,1.6042962602,3.2609071316,28.3930580897,12.2422408252,19.6790831764,0.005367,3.3015115354,19924852.9,2.3878326851,8.0720793651,0.004968762,-1,0.0050554765,0.0001026214"
2026-06-01T04:00:00.000-03:00,"CSV=1780297200000,0.005198,0.005288,0.0051,0.005126,32636899,0.00509826,0.0051796369,0.0050168831,1.5710918833,3.1923383351,24.9220636064,15.3624640609,19.9491577242,0.005367,1.3444049031,22386931.5,1.4578549544,6.0347020263,0.004968762,-1,0.0050561782,0.0001111593"
2026-06-01T05:00:00.000-03:00,"CSV=1780300800000,0.005127,0.005156,0.005069,0.005119,14561582,0.00510104,0.0051806852,0.0050213948,1.5373488278,3.1227045169,23.4977900896,16.5208603169,19.78149358,0.005367,1.4869151467,22770372.6,0.6394968697,4.3400938782,0.004968762,-1,0.0050568033,0.0001087433"
2026-06-01T06:00:00.000-03:00,"CSV=1780304400000,0.005121,0.005208,0.005071,0.005141,29789461,0.00510256,0.0051822281,0.0050228919,1.5373329765,3.1226718165,24.7692921077,15.0679826491,20.0862168191,0.005367,1.7214087851,24797148.5,1.2013260718,3.5827203367,0.004968762,-1,0.0050576411,0.000111569"
2026-06-01T07:00:00.000-03:00,"CSV=1780308000000,0.005142,0.005152,0.005051,0.005077,15950094,0.00510422,0.0051824607,0.0050259793,1.5097215902,3.0657271248,23.1604708249,15.375466447,20.093931257,0.005367,-0.0787246605,24941087,0.6395107799,2.3716984681,0.004968762,-1,0.0050578337,0.0001105121"
2026-06-01T08:00:00.000-03:00,"CSV=1780311600000,0.005081,0.005133,0.005067,0.005096,12942304,0.00510564,0.0051830702,0.0050282098,1.4939053921,3.0331227687,22.1530442385,14.7066694353,20.101131399,0.005367,2.001601281,24259053.3,0.5335040836,1.9370864645,0.004968762,-1,0.0050582135,0.0001060609"
2026-06-01T09:00:00.000-03:00,"CSV=1780315200000,0.005098,0.005162,0.005011,0.005141,24933824,0.00510836,0.0051845864,0.0050321336,1.4702511466,2.984380177,20.0185504913,16.8629752931,19.3314544996,0.005367,0.7841599686,24954330.8,0.9991782268,1.552562832,0.004968762,-1,0.0050590372,0.0001105548"
2026-06-01T10:00:00.000-03:00,"CSV=1780318800000,0.00514,0.005152,0.004973,0.005037,38154640,0.00510916,0.0051844173,0.0050339027,1.4516048979,2.9459736943,17.8358480105,17.3390258796,18.1368531808,0.005367,-1.7170731707,27758162.9,1.37453765,0.2483146477,0.004968762,-1,0.005058818,0.0001173993"
2026-06-01T11:00:00.000-03:00,"CSV=1780322400000,0.005037,0.005079,0.004965,0.005076,19228168,0.0051067,0.0051809844,0.0050324156,1.4337890339,2.9092911656,16.60074141,16.624278223,16.932452344,0.005367,-1.2643454581,28143924.1,0.683208494,-0.122394087,0.004968762,-1,0.0050589889,0.0001170594"
2026-06-01T12:00:00.000-03:00,"CSV=1780326000000,0.005079,0.005155,0.005054,0.005105,24411486,0.0051053,0.0051789408,0.0050316592,1.4219281525,2.8848771859,20.2180518248,15.5988993134,16.6633924669,0.005367,-4.2034152749,26018567.3,0.93823329,-1.3961907723,0.004968762,-1,0.0050594467,0.0001154535"
2026-06-01T13:00:00.000-03:00,"CSV=1780329600000,0.005105,0.005229,0.005098,0.00521,27821923,0.0051078,0.0051828181,0.0050327819,1.4474390041,2.9373950092,23.0815213879,14.367403301,17.1037890536,0.005367,0.3080477474,24043038.1,1.1571716887,-0.8119724708,0.004968762,-1,0.0050609448,0.0001170081"
2026-06-01T14:00:00.000-03:00,"CSV=1780333200000,0.005213,0.005217,0.005139,0.005159,22771063,0.00510962,0.0051847543,0.0050344857,1.4491381246,2.9408938634,21.9747703677,13.6784912491,17.5148258678,0.005367,0.643776824,23056454.5,0.9876220561,-0.329378917,0.004968762,-1,0.0050619205,0.0001131073"
2026-06-01T15:00:00.000-03:00,"CSV=1780336800000,0.005157,0.005187,0.005133,0.005142,10144362,0.005108,0.0051815282,0.0050344718,1.4190451671,2.8789438478,21.2200362183,13.5903133326,17.8083689851,0.005367,0.4493065052,22614732.5,0.4485731591,-0.1524036652,0.004968762,-1,0.0050627173,0.0001071966"
2026-06-01T16:00:00.000-03:00,"CSV=1780340400000,0.005141,0.005164,0.005103,0.005155,11619943,0.00510798,0.0051814953,0.0050344647,1.4188047567,2.8784490859,20.3731461221,15.0107082143,17.6314805047,0.005367,0.2723205602,20797780.7,0.5587107186,-0.0508863048,0.004968762,-1,0.0050636355,0.0001025769"
2026-06-01T17:00:00.000-03:00,"CSV=1780344000000,0.005154,0.005192,0.005135,0.005149,13872190,0.0051078,0.0051812035,0.0050343965,1.41672763,2.874174484,21.4777502538,14.4339747922,17.7636576994,0.005367,1.4181603309,20589990.3,0.6737346545,0.2845637169,0.004968762,-1,0.0050644849,0.0000980192"
2026-06-01T18:00:00.000-03:00,"CSV=1780347600000,0.00515,0.005153,0.005039,0.005048,22365217,0.00510482,0.0051775633,0.0050320767,1.4049717047,2.8499848906,19.8439627882,19.7417958594,16.5966198602,0.005367,-0.9419152276,21532281.6,1.0386830999,-0.1364079982,0.004968762,-1,0.0050643209,0.0000996173"
2026-06-01T19:00:00.000-03:00,"CSV=1780351200000,0.005046,0.005105,0.005012,0.005103,19075742,0.00510372,0.0051760656,0.0050313744,1.3976942469,2.8350133118,18.6068188756,20.3209966413,15.7837437317,0.005367,-0.7391558063,20946473.4,0.9106899112,-0.315319244,0.004968762,-1,0.0050647057,0.0000989556"
2026-06-01T20:00:00.000-03:00,"CSV=1780354800000,0.005103,0.005143,0.005071,0.005131,11118307,0.00510262,0.0051741193,0.0050311207,1.3818649157,2.8024559876,20.2870316216,19.3217973602,14.8939552786,0.005367,1.8661901926,18242840.1,0.6094614073,0.1689108044,0.004968762,-1,0.0050653654,0.00009626"
2026-06-01T21:00:00.000-03:00,"CSV=1780358400000,0.005133,0.005155,0.005083,0.00509,8258770,0.00510154,0.0051728136,0.0050302664,1.3778500778,2.794200043,20.1058454355,18.3548112096,14.2045444847,0.005367,0.2758077226,17145900.3,0.4816760774,0.1568905302,0.004968762,-1,0.0050656105,0.000093834"
2026-06-01T22:00:00.000-03:00,"CSV=1780362000000,0.00509,0.005097,0.004994,0.005015,25048620,0.00509884,0.0051707806,0.0050268994,1.3912914937,2.8218430497,18.6734429014,23.2031139894,13.9786897074,0.005367,-1.7629774731,17209613.7,1.455501584,-0.750745148,0.004968762,-1,0.0050651069,0.0000947506"
2026-06-01T23:00:00.000-03:00,"CSV=1780365600000,0.005017,0.005024,0.004912,0.005018,33234418,0.00509632,0.0051688391,0.0050238009,1.4030052629,2.8459392026,17.2423031681,27.0359891234,14.5213425036,0.005288,-3.6852207294,17750863.2,1.8722705271,-2.8004068179,0.004968762,-1,0.0050646382,0.0000964755"
2026-06-02T00:00:00.000-03:00,"CSV=1780369200000,0.005024,0.005098,0.005012,0.005091,11877318,0.00509512,0.0051672196,0.0050230204,1.3953259127,2.8301415235,21.3232566417,25.4324155021,14.139158224,0.005229,-1.3180849002,16661488.7,0.7128605501,-2.1801414542,0.004968762,-1,0.0050649005,0.000095428"
2026-06-02T01:00:00.000-03:00,"CSV=1780372800000,0.005091,0.005123,0.005044,0.00505,8831743,0.00509166,0.0051616602,0.0050216598,1.3561561963,2.7496012807,21.8926013831,24.0296473379,13.5067888644,0.005229,-1.7891870867,16530226.8,0.5342783924,-1.7720689696,0.004968762,-1,0.0050647522,0.0000937852"
2026-06-02T02:00:00.000-03:00,"CSV=1780376400000,0.005049,0.005132,0.005015,0.005021,14514210,0.0050885,0.0051580509,0.0050189491,1.3483953091,2.7336510406,20.1307090841,24.0905439004,13.2033093802,0.005229,-2.5994180407,16819653.5,0.8629315699,-1.9290859433,0.004968762,-1,0.0050643169,0.0000961067"
2026-06-02T03:00:00.000-03:00,"CSV=1780380000000,0.005021,0.005093,0.005004,0.005039,12963680,0.0050861,0.005155246,0.005016954,1.3412745944,2.7190186959,18.891577089,23.3684506488,13.0293311623,0.005229,-2.1363371528,16728802.5,0.7749317382,-1.8378957833,0.004968762,-1,0.005064065,0.000095396"
2026-06-02T04:00:00.000-03:00,"CSV=1780383600000,0.005043,0.005123,0.004982,0.005103,22777500,0.00508376,0.0051502643,0.0050172557,1.2912794315,2.6163431641,19.1171999391,21.1577943822,12.4984859904,0.005229,1.089540412,16770030.8,1.3582264858,-0.7319829739,0.004968762,-1,0.0050644524,0.0000999564"
2026-06-02T05:00:00.000-03:00,"CSV=1780387200000,0.005106,0.005168,0.005082,0.005153,20850662,0.00508338,0.0051494318,0.0050173282,1.2827000642,2.5987340922,21.0506385497,19.9259578765,11.8482329453,0.005229,0.9798157946,16947522.8,1.230307358,-0.0861637887,0.004968762,-1,0.0050653335,0.0000985608"
2026-06-02T06:00:00.000-03:00,"CSV=1780390800000,0.005156,0.005157,0.005046,0.005074,16724975,0.00508388,0.005149764,0.005017996,1.2793602007,2.591879881,19.4820632295,20.8578700978,11.2857196371,0.005229,-1.1108945625,17508189.6,0.9552658146,-0.4111757255,0.004968762,-1,0.0050654197,0.0000998047"
2026-06-02T07:00:00.000-03:00,"CSV=1780394400000,0.005075,0.005178,0.005037,0.005161,13660974,0.00508552,0.0051522769,0.0050187631,1.2956784919,2.625373382,19.0595752371,18.9373507624,10.5547829531,0.005229,1.394891945,18048410,0.7569073398,0.0778175001,0.004968762,-1,0.0050663707,0.0001039242"
2026-06-02T08:00:00.000-03:00,"CSV=1780398000000,0.005161,0.005195,0.005132,0.005152,12139085,0.00508772,0.0051548181,0.0050206219,1.3016588959,2.6376510109,19.3941357344,18.1378494543,10.0742802066,0.005229,2.7318045862,16757456.5,0.724399016,0.7115171848,0.004968762,-1,0.0050672228,0.0000998318"
2026-06-02T09:00:00.000-03:00,"CSV=1780401600000,0.00515,0.005197,0.005107,0.005132,12846238,0.0050894,0.0051565342,0.0050222658,1.3019247317,2.6381968,18.2169606565,18.7229687672,9.4939824208,0.005217,2.2718214428,14718638.5,0.8727871127,1.1352836158,0.004968762,-1,0.0050678673,0.0000988486"
2026-06-02T10:00:00.000-03:00,"CSV=1780405200000,0.005136,0.005183,0.005063,0.005072,17340464,0.00508944,0.0051565632,0.0050223168,1.3017045501,2.6377447436,16.7633952667,20.1547300101,9.4734567162,0.005197,-0.3732076213,15264953.1,1.1359657568,0.6155387179,0.004968762,-1,0.0050679084,0.0001009638"
2026-06-02T11:00:00.000-03:00,"CSV=1780408800000,0.005071,0.005075,0.004729,0.00488,119872669,0.00508504,0.0051582605,0.0050118195,1.4194800422,2.8798388217,13.4483728433,35.2585719699,11.8271207721,0.005197,-3.3663366337,26369045.7,4.5459615931,-4.6907198701,0.0052574266,1,0.0050660387,0.0001254674"
2026-06-02T12:00:00.000-03:00,"CSV=1780412400000,0.004884,0.004895,0.004681,0.004763,64769571,0.00507924,0.0051651543,0.0049933257,1.6633438035,3.3829578264,11.8902034523,33.7722037653,14.2333966371,0.005197,-5.1384186417,31394581.8,2.0630811843,-6.6608048523,0.0051909619,1,0.0050630234,0.0001343206"
2026-06-02T13:00:00.000-03:00,"CSV=1780416000000,0.004761,0.004973,0.004739,0.004887,34518719,0.00507644,0.0051662062,0.0049866738,1.7375647273,3.536579818,14.4530299404,29.7358387919,15.5901835615,0.005197,-3.0164715221,33550085.7,1.0288712616,-5.475056855,0.0051909619,1,0.0050612719,0.0001442886"
2026-06-02T14:00:00.000-03:00,"CSV=1780419600000,0.004889,0.004997,0.004887,0.004992,19710676,0.00507574,0.005166024,0.004985456,1.7476487735,3.5574696213,14.8712129935,28.0474793314,16.5975400413,0.005197,-2.1751910641,33243403.3,0.5929199192,-4.0799426067,0.0051909619,1,0.0050605827,0.0001408597"
2026-06-02T15:00:00.000-03:00,"CSV=1780423200000,0.004995,0.00502,0.004867,0.004888,25235008,0.00507422,0.0051669782,0.0049814618,1.7952125672,3.6560591681,14.8838096192,25.8593903786,17.2869330894,0.005197,-5.142635358,33681837.9,0.7492170729,-4.0042784744,0.0051909619,1,0.0050588654,0.0001420737"
2026-06-02T16:00:00.000-03:00,"CSV=1780426800000,0.004889,0.004907,0.00475,0.004872,35246569,0.0050715,0.0051680756,0.0049749244,1.8686959166,3.808562281,13.7080506954,29.7035568571,18.5908809027,0.005197,-3.9810800158,35533997.3,0.9919111746,-3.9858115678,0.0051909619,1,0.0050570061,0.0001435664"
2026-06-02T17:00:00.000-03:00,"CSV=1780430400000,0.004875,0.005046,0.004866,0.005015,27229970,0.00507218,0.0051682343,0.0049761257,1.8585514816,3.7874955172,19.3261493325,27.0761509052,18.4649396173,0.005197,-2.8289091261,36890896.9,0.7381216584,-3.3532340771,0.0051909619,1,0.0050565881,0.0001472097"
2026-06-02T18:00:00.000-03:00,"CSV=1780434000000,0.005016,0.005037,0.004959,0.005024,11632949,0.00507316,0.0051684648,0.0049778552,1.8439682303,3.7572183737,18.5637715044,26.0080510594,18.3473944176,0.005197,-2.4844720497,36840283.3,0.3157670886,-2.49699422,0.0051909619,1,0.0050562638,0.0001402888"
2026-06-02T19:00:00.000-03:00,"CSV=1780437600000,0.005024,0.005026,0.004825,0.004833,21426032,0.00506926,0.0051701587,0.0049683613,1.9515594951,3.9808068034,16.7404746901,30.0014596345,19.0156106512,0.005197,-5.8261886204,37698262.7,0.5683559524,-2.7684458074,0.0051909619,1,0.0050540423,0.0001463599"
2026-06-02T20:00:00.000-03:00,"CSV=1780441200000,0.004833,0.004903,0.004752,0.004898,36058756,0.00506606,0.0051697633,0.0049623567,2.0059585572,4.0940418982,15.5139987727,31.3453366326,20.0002240017,0.005197,-3.4305993691,39570091.9,0.9112628824,-2.887689828,0.0051909619,1,0.0050524896,0.0001468239"
2026-06-02T21:00:00.000-03:00,"CSV=1780444800000,0.004899,0.005038,0.004892,0.005011,29207778,0.0050654,0.0051693463,0.0049614537,2.0108215938,4.104170739,20.9424733855,29.1341152653,19.7574241795,0.005197,2.6844262295,30503602.8,0.957518959,-1.0683302157,0.0051909619,1,0.0050520768,0.0001467415"
2026-06-02T22:00:00.000-03:00,"CSV=1780448400000,0.005015,0.005068,0.004956,0.004985,21514230,0.00506402,0.0051685648,0.0049594752,2.0227050377,4.128926071,21.2627044723,27.5374586234,19.2974665539,0.005197,4.6609279866,26178068.7,0.8218417579,0.5646282729,0.0051909619,1,0.0050514094,0.0001432674"
2026-06-02T23:00:00.000-03:00,"CSV=1780452000000,0.004985,0.005086,0.004961,0.005052,24133787,0.00506344,0.0051679695,0.0049589105,2.0226406768,4.1287919797,20.8406261911,25.8438168164,18.7254381448,0.005197,3.3763044813,25139575.5,0.9599918264,1.4568270838,0.0051909619,1,0.0050514152,0.0001414406"
2026-06-03T00:00:00.000-03:00,"CSV=1780455600000,0.005053,0.005108,0.004927,0.004936,21453748,0.00506224,0.0051678753,0.0049566047,2.0440765446,4.1734618439,19.025275833,25.2289083184,18.41162113,0.005197,-1.1217948718,25313882.7,0.8475091812,0.6543075714,0.0051909619,1,0.0050502668,0.0001453966"
2026-06-03T01:00:00.000-03:00,"CSV=1780459200000,0.004939,0.005158,0.004937,0.00514,24181699,0.00506302,0.0051690818,0.0049569582,2.0518493851,4.1896643729,19.3844835418,22.6376074587,17.700277142,0.005197,5.1554828151,25208551.8,0.9592656965,2.0846976521,0.0051909619,1,0.0050511597,0.0001530569"
2026-06-03T02:00:00.000-03:00,"CSV=1780462800000,0.00514,0.005208,0.005092,0.005187,30967200,0.00506426,0.0051713961,0.0049571239,2.0717062988,4.2310678978,20.6742227329,21.4066680033,16.6362963349,0.005208,6.4655172414,24780614.9,1.2496542206,4.0830187378,0.0051909619,1,0.0050525113,0.0001493512"
2026-06-03T03:00:00.000-03:00,"CSV=1780466400000,0.005188,0.00526,0.005145,0.005168,36785710,0.0050648,0.0051723887,0.0049572113,2.0800575549,4.2484860651,22.0143736633,20.2377820073,15.8075256547,0.00526,3.0508474576,25736188.9,1.4293378924,4.1755764502,0.0051909619,1,0.0050536605,0.0001459161"
2026-06-03T04:00:00.000-03:00,"CSV=1780470000000,0.00517,0.005221,0.005154,0.005184,19930332,0.0050619,0.0051641499,0.0049596501,1.9799955479,4.0399825708,21.2887467806,19.5707142589,15.0340063532,0.00526,3.1847133758,26565927.2,0.7502215846,3.5801312052,0.0051909619,1,0.0050549574,0.0001380245"
2026-06-03T05:00:00.000-03:00,"CSV=1780473600000,0.005187,0.005241,0.005122,0.005213,17959694,0.00506228,0.0051650541,0.0049595059,1.989797715,4.0603889567,20.0322206966,20.002765232,14.0366442169,0.00526,7.8626112146,26219293.4,0.6849800918,4.1819981873,0.0047734266,-1,0.00505653,0.000136122"
2026-06-03T06:00:00.000-03:00,"CSV=1780477200000,0.005212,0.005216,0.005134,0.005184,15984697,0.00506344,0.0051672489,0.0049596311,2.0089780032,4.1003307493,19.1957391468,19.1675136484,13.1057728898,0.00526,5.8391180073,24211887.5,0.6602003665,4.072994741,0.0047828705,-1,0.0050577983,0.0001307098"
2026-06-03T07:00:00.000-03:00,"CSV=1780480800000,0.005183,0.005291,0.005183,0.005229,32927073,0.00506564,0.0051717433,0.0049595367,2.0515964239,4.1891370333,21.9918863189,18.1009152403,12.8790488253,0.005291,4.3504290561,24583817,1.3393800076,4.6576223947,0.0048516835,-1,0.0050595018,0.0001284388"
2026-06-03T08:00:00.000-03:00,"CSV=1780484400000,0.005227,0.005264,0.00517,0.005197,12601081,0.00506676,0.0051739429,0.0049595771,2.0715910516,4.2308275482,20.9069763508,17.8902107431,12.5388277579,0.005291,4.2527582748,23692502.1,0.5318594443,3.8590381473,0.0048516835,-1,0.00506087,0.000124995"
2026-06-03T09:00:00.000-03:00,"CSV=1780488000000,0.005198,0.00522,0.005154,0.005187,12275977,0.00506896,0.0051774515,0.0049604685,2.0954608196,4.2806203618,20.1588478002,18.1175163179,12.058448469,0.005291,2.6722090261,22506721.1,0.5454360475,3.058531808,0.0048516835,-1,0.005062125,0.0001190955"
2026-06-03T10:00:00.000-03:00,"CSV=1780491600000,0.00519,0.005235,0.005146,0.005216,8284916,0.00507136,0.005181734,0.004960986,2.130060066,4.3528382002,19.9963817735,17.2268789797,11.7505684162,0.005291,5.6726094003,21189837.9,0.3909853411,2.7783235792,0.0048516835,-1,0.0050636561,0.0001160859"
2026-06-03T11:00:00.000-03:00,"CSV=1780495200000,0.00522,0.005231,0.005138,0.005196,14842499,0.00507246,0.0051837925,0.0049611275,2.147703877,4.389685193,18.9532433538,16.7769583041,11.3732561057,0.005291,1.0894941634,20255917.9,0.7327487736,2.1183242235,0.0048516835,-1,0.0050649729,0.0001137773"
2026-06-03T12:00:00.000-03:00,"CSV=1780498800000,0.005198,0.0052,0.0051,0.005132,15690677,0.00507436,0.0051858816,0.0049628384,2.1504851508,4.3954947638,17.8787401644,17.9801416097,10.6338909761,0.005291,-1.0603431656,18728265.6,0.837807266,1.1160950795,0.0048516835,-1,0.0050656399,0.0001123996"
2026-06-03T13:00:00.000-03:00,"CSV=1780502400000,0.005135,0.005227,0.005064,0.005219,49045185,0.00507722,0.0051905657,0.0049638743,2.1836871613,4.4648731852,16.2680550967,18.3500260015,10.3259058527,0.005291,0.9868421053,19954213.1,2.4578861995,1.5525785835,0.0048516835,-1,0.0050671658,0.0001174596"
2026-06-03T14:00:00.000-03:00,"CSV=1780506000000,0.005221,0.00523,0.005123,0.005165,16143857,0.00507842,0.0051923695,0.0049644705,2.1945564304,4.4875956805,15.4657564711,17.256602482,10.002368875,0.005291,-0.3665123457,19575565.6,0.8246942811,0.9342988439,0.0048516835,-1,0.0050681393,0.0001164137"
2026-06-03T15:00:00.000-03:00,"CSV=1780509600000,0.005166,0.005198,0.005064,0.005096,23417162,0.00507614,0.0051885642,0.0049637158,2.1667689588,4.4295152798,14.3207651517,19.2387322868,10.3125090793,0.005291,-2.2443890274,20121312.4,1.1637989379,-0.2478066262,0.0048516835,-1,0.0050684165,0.0001181723"
2026-06-03T16:00:00.000-03:00,"CSV=1780513200000,0.0051,0.005133,0.005019,0.005056,16420865,0.00507408,0.0051859091,0.0049622509,2.1564035169,4.4078582441,13.4154504703,20.517923647,11.0203846313,0.005291,-2.4691358025,20164929.2,0.8143279273,-0.8354331642,0.0048516835,-1,0.005068293,0.0001177551"
2026-06-03T17:00:00.000-03:00,"CSV=1780516800000,0.005056,0.005085,0.004927,0.004956,22593073,0.00507036,0.0051829589,0.0049577611,2.172482823,4.441455504,12.2641558862,23.7541349012,12.4123856893,0.005291,-5.2208835341,19131529.2,1.1809339841,-2.6121283736,0.0048516835,-1,0.0050671756,0.0001217796"
2026-06-03T18:00:00.000-03:00,"CSV=1780520400000,0.004956,0.005193,0.004951,0.005182,31896042,0.0050709,0.0051839673,0.0049578327,2.1810955727,4.459456146,16.2593903682,20.8217561733,12.405142274,0.005291,-0.2886280546,21061025.3,1.5144581779,-1.887123955,0.0048516835,-1,0.0050683182,0.0001338016"
2026-06-03T19:00:00.000-03:00,"CSV=1780524000000,0.005187,0.005187,0.005069,0.005118,16943970,0.00507028,0.0051830018,0.0049575582,2.1748359944,4.4463733162,15.2743086296,19.5602616581,12.398381753,0.005291,-1.3302486987,21527824.6,0.7870730236,-1.6070835918,0.0048516835,-1,0.0050688125,0.0001322214"
2026-06-03T20:00:00.000-03:00,"CSV=1780527600000,0.005118,0.005119,0.005055,0.00509,8743750,0.00507112,0.0051838291,0.0049584109,2.1742444981,4.4451371459,14.7548349407,19.6389850684,12.5185337694,0.005291,-2.4156441718,21573708,0.4052965767,-1.3977398324,0.0048516835,-1,0.0050690233,0.0001253993"
2026-06-03T21:00:00.000-03:00,"CSV=1780531200000,0.005089,0.005183,0.004954,0.004992,34037417,0.0050689,0.0051820516,0.0049557484,2.1835294619,4.4645435474,13.0529527568,22.4609712621,13.4500361911,0.005291,-3.9260969977,23493199.8,1.4488199687,-2.8278957981,0.0048516835,-1,0.0050682569,0.0001357594"
2026-06-03T22:00:00.000-03:00,"CSV=1780534800000,0.004995,0.005018,0.00463,0.004657,80460820,0.00505942,0.0051860278,0.0049328122,2.4413242829,5.0048327633,10.7930111029,33.0299433033,15.9362110271,0.005291,-9.2556508184,29970214.1,2.6846928664,-10.1681237742,0.0053069503,1,0.0050641648,0.0001609834"
2026-06-03T23:00:00.000-03:00,"CSV=1780538400000,0.004659,0.004679,0.004002,0.004362,553645407,0.00504486,0.0052046308,0.0048850892,3.0697823177,6.3340047945,8.1538250103,47.636108627,19.5917667957,0.005291,-16.4207702625,80430236.3,6.8835481837,-44.4564702881,0.0049782553,1,0.0050571781,0.0002125851"
2026-06-04T00:00:00.000-03:00,"CSV=1780542000000,0.00436,0.004534,0.00436,0.004482,104601367,0.0050342,0.0052123333,0.0048560667,3.4175351017,7.076926656,7.6394129081,44.6308208333,23.0036188464,0.005291,-13.2236205227,89275987.3,1.171662954,-34.8021889534,0.0049782553,1,0.005051455,0.0002087266"
2026-06-04T01:00:00.000-03:00,"CSV=1780545600000,0.004482,0.004546,0.004339,0.004361,47106623,0.00502106,0.0052225979,0.0048195221,3.8589592905,8.0277044267,7.0708170261,42.0640611682,26.2179606625,0.005291,-14.4230769231,91644933.4,0.5140123,-25.672672283,0.0049782553,1,0.0050445848,0.0002085539"
2026-06-04T02:00:00.000-03:00,"CSV=1780549200000,0.004361,0.004374,0.004263,0.00432,58090135,0.00500564,0.0052294963,0.0047817837,4.2806469326,8.9441618553,6.7808531339,43.1468673962,29.325918044,0.005291,-14.5569620253,95811860.4,0.6062937799,-20.0570466987,0.0049148956,1,0.005037375,0.0001987985"
2026-06-04T03:00:00.000-03:00,"CSV=1780552800000,0.00432,0.004413,0.004298,0.004387,47188608,0.00499238,0.0052322774,0.0047524826,4.5849515973,9.6105418883,7.9621647509,41.2682908771,31.8810901511,0.005264,-11.4810330912,98271413.9,0.4801865174,-15.2090435645,0.0049148956,1,0.0050309036,0.0001904187"
2026-06-04T04:00:00.000-03:00,"CSV=1780556400000,0.004388,0.004436,0.004315,0.004328,45974258,0.00497852,0.0052357559,0.0047212841,4.9130607012,10.3338286781,8.4789730947,39.3374919872,34.0580402213,0.005235,-16.4801235044,99679235.5,0.4612220165,-12.6730276413,0.0049148956,1,0.0050239095,0.0001834768"
2026-06-04T05:00:00.000-03:00,"CSV=1780560000000,0.00433,0.004342,0.004226,0.004312,49445728,0.00496398,0.0052374223,0.0046905377,5.2209330945,11.0170594942,8.0901833814,41.0517966789,36.2591207018,0.005235,-15.748339195,102929411.3,0.4803848324,-10.9704395226,0.0048141874,1,0.0050168258,0.0001767291"
2026-06-04T06:00:00.000-03:00,"CSV=1780563600000,0.004312,0.00432,0.004119,0.004192,78084321,0.00494576,0.0052389686,0.0046525514,5.5966849401,11.8569669647,7.455510171,42.0074747359,38.4987915987,0.005231,-17.6424361493,109863468.4,0.7107396311,-11.4933525351,0.0047569687,1,0.0050086186,0.0001791562"
2026-06-04T07:00:00.000-03:00,"CSV=1780567200000,0.004192,0.004217,0.004123,0.004142,68790638,0.00492554,0.0052379885,0.0046130915,5.9650469792,12.6868718229,7.173529269,40.4186759356,40.5891511023,0.00523,-17.0272435897,113338790.5,0.6069469923,-11.1071131178,0.0046819218,1,0.0049999955,0.0001706406"
2026-06-04T08:00:00.000-03:00,"CSV=1780570800000,0.00414,0.004203,0.004118,0.004182,32455079,0.0049077,0.0052362149,0.0045791851,6.2738994514,13.3877317304,6.9199579784,39.1978793562,42.5492144936,0.00523,-10.1996993773,108538216.4,0.2990198298,-8.421379536,0.0046467296,1,0.0049918563,0.0001620765"
2026-06-04T09:00:00.000-03:00,"CSV=1780574400000,0.004183,0.004413,0.004155,0.004411,53967587,0.0048927,0.0052263885,0.0045590115,6.3846859632,13.6402596709,14.5986335171,35.1564397087,42.4671342022,0.00523,1.1233379184,58570434.4,0.9214134666,-5.2692334621,0.0046467296,1,0.0049860766,0.0001716689"
2026-06-04T10:00:00.000-03:00,"CSV=1780578000000,0.004411,0.0046,0.004391,0.004562,70004685,0.0048809,0.0052156406,0.0045461594,6.4180156307,13.7163486626,20.7486761811,32.2687808407,41.0845845563,0.005198,1.7849174476,55110766.2,1.2702542502,-2.7570559834,0.0046467296,1,0.0049818569,0.000175402"
2026-06-04T11:00:00.000-03:00,"CSV=1780581600000,0.004562,0.004599,0.004413,0.00442,44528189,0.00486666,0.0052055347,0.0045277853,6.5098923055,13.9263767388,19.2416744758,29.9250598568,39.7942048869,0.005193,1.3529007108,54852922.8,0.8117742269,-1.4719540127,0.0046467296,1,0.0049762663,0.0001764618"
2026-06-04T12:00:00.000-03:00,"CSV=1780585200000,0.00442,0.004571,0.004406,0.004549,24444398,0.0048562,0.0051966431,0.0045157569,6.5512122912,14.0209679586,17.9991376406,28.266596046,38.6207485941,0.005193,5.3009259259,51488349.1,0.4747559094,-0.1424207056,0.0046467296,1,0.0049720149,0.0001753156"
2026-06-04T13:00:00.000-03:00,"CSV=1780588800000,0.004548,0.004548,0.004439,0.004476,17483708,0.00484812,0.0051926718,0.0045035682,6.6353472153,14.2138315034,17.2055289723,27.0202799118,37.5255227208,0.005193,2.0287212218,48517859.1,0.3603561312,0.1487402399,0.0046467296,1,0.0049670794,0.0001687841"
2026-06-04T14:00:00.000-03:00,"CSV=1780592400000,0.004477,0.004501,0.0044,0.004474,20365018,0.00484234,0.0051906745,0.0044940055,6.7107757858,14.3870331055,16.4902525278,27.5022538023,36.6925904569,0.005187,3.3733826248,45956935.1,0.4431326405,0.5974454765,0.0046467296,1,0.0049621732,0.0001620056"
2026-06-04T15:00:00.000-03:00,"CSV=1780596000000,0.004477,0.004511,0.004421,0.004498,17062067,0.00483456,0.0051861392,0.0044829808,6.779208512,14.5444131161,16.2849004986,26.4523383629,35.8324565611,0.005183,4.3135435993,42718569,0.3994063331,0.9725825283,0.0046467296,1,0.0049575545,0.0001548051"
2026-06-04T16:00:00.000-03:00,"CSV=1780599600000,0.004496,0.004545,0.004458,0.004472,11136018,0.00482416,0.0051786075,0.0044697125,6.8444553707,14.6946816703,17.1519331553,25.4462195425,34.7416928022,0.005183,6.679389313,36023738.7,0.3091299904,1.3366548703,0.0046467296,1,0.0049527232,0.0001480246"
2026-06-04T17:00:00.000-03:00,"CSV=1780603200000,0.004472,0.004476,0.004416,0.004444,8258655,0.00481528,0.0051735579,0.0044570021,6.9251749619,14.8808766691,16.6830591935,26.6641643285,33.9606425316,0.005018,7.291163689,29970540.4,0.2755590954,1.560818737,0.0046467296,1,0.0049476612,0.0001392221"
2026-06-04T18:00:00.000-03:00,"CSV=1780606800000,0.004443,0.00446,0.004266,0.004308,37653305,0.004804,0.0051691276,0.0044388724,7.0636212298,15.2009822705,15.2398252633,31.0463117995,33.9732333406,0.004679,3.0129124821,30490363,1.2349247859,2.2807859253,0.0046467296,1,0.0049412964,0.0001446999"
2026-06-04T19:00:00.000-03:00,"CSV=1780610400000,0.004309,0.004339,0.004267,0.004316,30846048,0.00479002,0.0051601486,0.0044198914,7.1728282946,15.4541567147,14.733013579,30.0138436903,33.9849847623,0.0046,-2.1537066425,28178209.1,1.0946773761,0.7346526381,0.0046467296,1,0.0049350746,0.0001374299"
2026-06-04T20:00:00.000-03:00,"CSV=1780614000000,0.00431,0.004385,0.004296,0.004377,15349072,0.00477708,0.0051501008,0.0044040592,7.2429804769,15.6171048059,16.2918873462,28.7476791296,33.5630005318,0.0046,-4.0552389303,22712647.8,0.6757940393,-0.4237336736,0.0046467296,1,0.0049295216,0.0001325869"
2026-06-04T21:00:00.000-03:00,"CSV=1780617600000,0.004376,0.004414,0.004331,0.004333,18010296,0.00476708,0.0051451357,0.0043890243,7.347827611,15.8611016268,17.0461419768,27.5849153321,32.8996734057,0.0046,-1.9683257919,20060858.5,0.8977829139,-0.8715322041,0.0046467296,1,0.0049235861,0.0001276282"
2026-06-04T22:00:00.000-03:00,"CSV=1780621200000,0.004333,0.004387,0.004268,0.004361,16775194,0.00475634,0.0051381331,0.0043745469,7.4305804961,16.0540717138,16.0489745282,29.0682092211,32.6301277088,0.0046,-4.1327764344,19293938.1,0.8694541214,-1.7787746373,0.0046467296,1,0.0049179882,0.0001267654"
2026-06-04T23:00:00.000-03:00,"CSV=1780624800000,0.004359,0.00436,0.004224,0.004239,31977329,0.0047409,0.0051276601,0.0043541399,7.5426234684,16.3158933366,14.9688652432,29.2733811208,32.610269523,0.0046,-5.2949061662,20743300.2,1.5415738427,-3.9066793734,0.0046467296,1,0.0049112321,0.0001277889"
2026-06-05T00:00:00.000-03:00,"CSV=1780628400000,0.004241,0.004274,0.004186,0.004255,33256400,0.0047263,0.0051173249,0.0043352751,7.6411978603,16.5467669204,14.3062352318,29.8890689273,32.7868532748,0.0046,-4.8949485919,22032438.4,1.5094289337,-5.0673119267,0.0046014299,1,0.0049047024,0.00012381"
2026-06-05T01:00:00.000-03:00,"CSV=1780632000000,0.004255,0.004408,0.004223,0.004408,28943470,0.00471342,0.0051041108,0.0043227292,7.6544337398,16.577804544,19.5764537356,27.1790701366,31.6850870421,0.0046,-2.0008892841,23220578.7,1.2464577379,-4.2095492615,0.0046014299,1,0.0048997601,0.000129929"
2026-06-05T02:00:00.000-03:00,"CSV=1780635600000,0.004409,0.004414,0.004189,0.004208,31773836,0.00469886,0.0050945182,0.0043032018,7.7663523511,16.8406054603,17.5079086312,25.9039097884,30.8621051153,0.0046,-5.9033989267,25284360.5,1.2566596652,-5.2792206138,0.0046014299,1,0.0048928769,0.0001394361"
2026-06-05T03:00:00.000-03:00,"CSV=1780639200000,0.00421,0.004226,0.003997,0.004121,166383495,0.00467848,0.0050771233,0.0042798367,7.8517546369,17.0415716675,15.6989905928,31.8901584236,31.0728190657,0.0046,-7.2682268227,41096844.5,4.0485710527,-13.3281246488,0.0045566774,1,0.0048851966,0.0001483925"
2026-06-05T04:00:00.000-03:00,"CSV=1780642800000,0.004122,0.004217,0.004047,0.004216,53953390,0.00465906,0.0050561056,0.0042620144,7.8527950285,17.0440221836,14.5068324346,29.4684668947,31.2694854194,0.0046,-2.1355617456,42726853,1.2627513194,-9.7843109032,0.0045566774,1,0.0048785379,0.0001505532"
2026-06-05T05:00:00.000-03:00,"CSV=1780646400000,0.004218,0.004219,0.004168,0.004202,26734146,0.00463974,0.0050350495,0.0042444305,7.8511549259,17.040159146,14.2546150576,28.7663153414,31.433634469,0.0046,-2.641334569,42315662.8,0.6317789733,-7.0791204829,0.0045566774,1,0.0048718062,0.0001405979"
2026-06-05T06:00:00.000-03:00,"CSV=1780650000000,0.004204,0.004332,0.0042,0.004311,25189911,0.00462228,0.0050124105,0.0042321495,7.7832909651,16.880435328,18.67698552,26.9833759447,30.5508380271,0.004599,-1.507882111,43299746.7,0.5817565441,-5.0118204172,0.0045566774,1,0.004866226,0.0001397381"
2026-06-05T07:00:00.000-03:00,"CSV=1780653600000,0.004314,0.004362,0.004245,0.004308,30576132,0.00460418,0.004987417,0.004220943,7.6840784608,16.6473525535,19.0641092717,25.4833981234,29.4747811165,0.004571,-0.576967459,44556330.3,0.6862354192,-3.4731921135,0.0045566774,1,0.0048606715,0.0001374643"
2026-06-05T08:00:00.000-03:00,"CSV=1780657200000,0.004307,0.004332,0.004242,0.004271,29962533,0.00458592,0.0049627934,0.0042090466,7.5939770656,16.4361084364,18.2289485817,24.5130478631,28.4899557081,0.004548,-2.0637468471,45875064.2,0.6531333203,-2.7647620192,0.0045566774,1,0.0048548041,0.0001327179"
2026-06-05T09:00:00.000-03:00,"CSV=1780660800000,0.004269,0.004334,0.00423,0.004324,35188038,0.00456782,0.0049349807,0.0042006593,7.4399614092,16.0759686848,17.2911051711,23.8455310156,27.6528456826,0.004545,2.0051899033,46196135.1,0.7617095656,-1.3340505694,0.0045566774,1,0.0048495225,0.0001298461"
2026-06-05T10:00:00.000-03:00,"CSV=1780664400000,0.004326,0.004415,0.004254,0.004259,43032491,0.00454906,0.0049074523,0.0041906677,7.3030219836,15.7567638987,19.8872610359,21.9706751956,26.1411456791,0.004545,0.0940070505,47173744.2,0.9122127516,-0.8607822362,0.0045566774,1,0.0048436467,0.0001329615"
2026-06-05T11:00:00.000-03:00,"CSV=1780668000000,0.004258,0.004329,0.0042,0.004287,64336500,0.00453106,0.0048794208,0.0041826992,7.1393875119,15.3765677838,18.6297956859,23.2283004463,25.1307985437,0.004545,-2.7450090744,50713047.2,1.2686380242,-1.7346624536,0.0045566774,1,0.0048381079,0.0001325653"
2026-06-05T12:00:00.000-03:00,"CSV=1780671600000,0.004283,0.004293,0.004155,0.004204,42512138,0.00451082,0.0048480174,0.0041736226,6.9553664109,14.9506019693,17.3708831696,23.862182703,24.5049417461,0.004476,-0.0950570342,51786877.4,0.8209056065,-1.1824525865,0.0045566774,1,0.0048317984,0.0001331088"
2026-06-05T13:00:00.000-03:00,"CSV=1780675200000,0.004201,0.004305,0.004106,0.004296,57498042,0.00449282,0.0048167206,0.0041689194,6.7245043037,14.4185871188,15.7287140205,23.934118049,24.2504717909,0.00446,4.2465421014,40898332.1,1.4058774294,1.2017375068,0.0045566774,1,0.004826467,0.0001396979"
2026-06-05T14:00:00.000-03:00,"CSV=1780678800000,0.004298,0.004316,0.004149,0.004172,26351668,0.00447362,0.0047873563,0.0041598837,6.5534344043,14.0260572713,15.0125236757,22.0590803249,23.9009711828,0.004415,-1.0436432638,38138159.9,0.6909527903,0.5607889295,0.0045566774,1,0.0048199549,0.0001424281"
2026-06-05T15:00:00.000-03:00,"CSV=1780682400000,0.004171,0.004199,0.003976,0.004007,77104901,0.00444938,0.0047511841,0.0041475759,6.3521870533,13.5661193858,13.4994493877,27.6547397151,24.6006228332,0.004415,-4.6406473108,43175235.4,1.7858594235,-2.3886552907,0.0045389559,1,0.0048118658,0.0001504853"
2026-06-05T16:00:00.000-03:00,"CSV=1780686000000,0.004008,0.004148,0.003942,0.004126,59891554,0.0044286,0.0047158336,0.0041413664,6.0908347383,12.9717578073,12.2749672127,26.6433772908,25.421873068,0.004415,-4.2913477151,46645399.7,1.2839755771,-3.4290987469,0.0045131103,1,0.0048050413,0.0001560368"
2026-06-05T17:00:00.000-03:00,"CSV=1780689600000,0.004125,0.004204,0.004066,0.004196,35447208,0.0044106,0.004683277,0.004137923,5.8223552356,12.3646227301,14.0050961382,25.014799429,25.6081224932,0.004415,-2.599814299,47132507.3,0.752075585,-2.9378181178,0.0045131103,1,0.0047989812,0.0001542331"
2026-06-05T18:00:00.000-03:00,"CSV=1780693200000,0.004194,0.004264,0.004191,0.004225,16501998,0.00439398,0.0046517292,0.0041362308,5.5409334104,11.7319249713,16.288248742,24.1772076804,25.2006169435,0.004415,-1.0770311402,45786453.8,0.3604122318,-2.0879371442,0.0045131103,1,0.0047932699,0.0001461098"
2026-06-05T19:00:00.000-03:00,"CSV=1780696800000,0.004223,0.004226,0.004151,0.004203,27779442,0.00437892,0.0046251313,0.0041327087,5.3233359997,11.2452969397,15.7092309403,25.2136552476,25.0689228299,0.004415,-2.7983348751,45045594.2,0.6166960941,-1.9671988253,0.0045131103,1,0.0047873966,0.0001389988"
2026-06-05T20:00:00.000-03:00,"CSV=1780700400000,0.004203,0.004209,0.004056,0.004133,26959388,0.00435794,0.0045781459,0.0041377341,4.8099352286,10.1059606171,14.5766514729,27.8724164325,25.4857738964,0.004415,-2.9584409486,43438283.9,0.6206365809,-1.9235047752,0.0045131103,1,0.0047808852,0.0001403989"
2026-06-05T21:00:00.000-03:00,"CSV=1780704000000,0.004132,0.004358,0.004132,0.004321,61880997,0.004342,0.0045335985,0.0041504015,4.2261911147,8.8253587571,19.8359884021,25.017827456,24.5569041269,0.004415,0.7930954047,43192733.6,1.4326714668,-0.9035881313,0.0045131103,1,0.0047763092,0.000148959"
2026-06-05T22:00:00.000-03:00,"CSV=1780707600000,0.004321,0.004453,0.004309,0.004363,47388865,0.00432746,0.0044865742,0.0041683458,3.5464519737,7.3536993636,22.8509241715,23.3829488232,22.9964921731,0.004453,3.782112274,43680406.3,1.0848998215,0.7653455562,0.0045131103,1,0.0047721967,0.0001484631"
2026-06-05T23:00:00.000-03:00,"CSV=1780711200000,0.004361,0.004402,0.004298,0.004388,28338957,0.00431538,0.004443491,0.004187269,2.8831166214,5.9374158664,21.7510325982,22.7665518802,21.6154703205,0.004453,2.1415270019,40764497.8,0.6951871979,1.0064844227,0.0045131103,1,0.0047683738,0.0001440168"
2026-06-06T00:00:00.000-03:00,"CSV=1780714800000,0.004385,0.00465,0.004366,0.004594,172263096,0.00431412,0.0044391374,0.0041891026,2.8162539353,5.7957303548,29.8456805563,19.9561349,21.4982923991,0.00465,10.1150527325,55355640.6,3.1119339264,11.1634482036,0.0040339546,-1,0.0047666388,0.0001580151"
2026-06-06T01:00:00.000-03:00,"CSV=1780718400000,0.004594,0.004619,0.004407,0.004537,190223977,0.00431762,0.0044463241,0.0041889159,2.89461892,5.9618095058,27.163769997,18.1628915256,21.3889263391,0.00465,13.2268530072,66667548.2,2.8533219255,20.0224553662,0.0040339546,-1,0.0047643538,0.0001634136"
2026-06-06T02:00:00.000-03:00,"CSV=1780722000000,0.004542,0.004753,0.004471,0.004681,183255930,0.0043216,0.0044581628,0.0041850372,3.0632081421,6.3200113876,29.4745206042,16.1008892621,21.9192621068,0.004753,13.4512845371,79003985.8,2.3195782864,23.7487394229,0.0040861832,-1,0.0047635244,0.0001752723"
2026-06-06T03:00:00.000-03:00,"CSV=1780725600000,0.004682,0.004763,0.004577,0.00469,227622060,0.00432818,0.004474089,0.004182271,3.2611995698,6.7422782903,27.684740939,14.9050708079,22.4584047675,0.004763,11.7731172545,98221471,2.3174368871,24.9269783492,0.0041409649,-1,0.0047627928,0.000176345"
2026-06-06T04:00:00.000-03:00,"CSV=1780729200000,0.004697,0.004745,0.004616,0.004731,103186657,0.0043364,0.0044928155,0.0041799845,3.4814577483,7.2140703062,26.2367513569,14.1254938092,22.9616045842,0.004763,11.9763313609,106889936.9,0.9653542699,20.4717864386,0.0041656684,-1,0.0047624765,0.0001716105"
2026-06-06T05:00:00.000-03:00,"CSV=1780732800000,0.004732,0.004799,0.004652,0.004728,83414796,0.00434322,0.0045088554,0.0041775846,3.6735579735,7.6273095864,26.8668902959,13.2776111251,23.6875582993,0.004799,12.4910778016,112453472.3,0.7417716349,16.7363666933,0.0042180516,-1,0.0047621334,0.0001691495"
2026-06-06T06:00:00.000-03:00,"CSV=1780736400000,0.004731,0.004823,0.004646,0.004782,64569389,0.0043523,0.0045289312,0.0041756688,3.9000630123,8.1166817264,25.9104499223,12.3233238281,24.4775193211,0.004823,15.7028792645,116214472.4,0.555605405,14.0657793265,0.0042246964,-1,0.0047623311,0.0001699345"
2026-06-06T07:00:00.000-03:00,"CSV=1780740000000,0.004781,0.004838,0.004658,0.004781,89323786,0.00436168,0.0045481037,0.0041752563,4.0989314486,8.5482497964,24.6339366388,11.4283598286,25.2869374029,0.004838,10.6456838695,118958751.3,0.7508803264,12.0417310771,0.0042351768,-1,0.0047625169,0.0001709411"
2026-06-06T08:00:00.000-03:00,"CSV=1780743600000,0.00478,0.00496,0.004728,0.004861,102492144,0.00437506,0.004572507,0.004177613,4.3181354352,9.0260269381,27.1817431342,10.3866823858,26.5814919662,0.00496,11.4141645657,124469079.2,0.8234345804,11.1607599878,0.0043128591,-1,0.0047634968,0.000177047"
2026-06-06T09:00:00.000-03:00,"CSV=1780747200000,0.004864,0.005022,0.004855,0.004981,56115267,0.00439184,0.0046038794,0.0041798006,4.6056673707,9.6560607822,27.8348704156,9.7044798549,28.0291943773,0.005022,13.5141294439,127246710.2,0.4409958176,9.4270648463,0.0044103732,-1,0.004765661,0.0001760423"
2026-06-06T10:00:00.000-03:00,"CSV=1780750800000,0.004983,0.005095,0.004897,0.004925,96717877,0.0044067,0.0046292857,0.0041841143,4.8082090623,10.1021506474,28.5305620918,8.9571405779,29.6414422736,0.005095,7.2050500653,119692188.3,0.8080550483,8.2254022571,0.0044612859,-1,0.0047672465,0.000178238"
2026-06-06T11:00:00.000-03:00,"CSV=1780754400000,0.004927,0.004976,0.004806,0.004843,52698868,0.00441534,0.0046461571,0.0041845229,4.9679147122,10.455236665,26.6431039932,11.9058484917,30.2140112264,0.005095,6.7445448534,105939677.4,0.4974422171,6.601941953,0.0044612859,-1,0.0047680002,0.0001774142"
2026-06-06T12:00:00.000-03:00,"CSV=1780758000000,0.004843,0.00503,0.004838,0.004983,53547034,0.00442376,0.0046671121,0.0041804079,5.2141892374,11.0020459717,26.75294255,11.0233835884,30.9756550004,0.005095,6.4516129032,92968787.8,0.5759678626,5.6399352001,0.0044612859,-1,0.0047701395,0.0001788728"
2026-06-06T13:00:00.000-03:00,"CSV=1780761600000,0.004984,0.005038,0.004912,0.004949,73942138,0.00443434,0.0046885555,0.0041801245,5.4220440511,11.465767042,25.7422576517,10.4773479402,31.7203068862,0.005095,5.5223880597,77600795.6,0.9528528339,5.5139645043,0.0044612859,-1,0.0047719192,0.0001735855"
2026-06-06T14:00:00.000-03:00,"CSV=1780765200000,0.004949,0.005052,0.004935,0.004999,38012376,0.00444334,0.0047091565,0.0041775235,5.644673788,11.9647168095,25.0952197037,9.9852586259,32.4771049468,0.005095,5.6647643204,71083367.5,0.5347576703,4.6857350597,0.0044897191,-1,0.0047741787,0.000167927"
2026-06-06T15:00:00.000-03:00,"CSV=1780768800000,0.005,0.005019,0.004927,0.004977,29049937,0.00445336,0.0047294624,0.0041772576,5.8379241111,12.3997353625,24.1400174539,9.9361721863,33.0908052909,0.005095,5.2664974619,65646881.6,0.4425181561,3.9006636218,0.0044919971,-1,0.0047761969,0.0001603343"
2026-06-06T16:00:00.000-03:00,"CSV=1780772400000,0.004976,0.005055,0.004957,0.00503,38687085,0.00446448,0.0047521441,0.0041768159,6.0533544169,12.8867920282,24.6643715604,9.5224995747,33.837517093,0.005095,5.1861145964,63058651.2,0.6135095544,3.6610193663,0.0045436974,-1,0.0047787223,0.0001541009"
2026-06-06T17:00:00.000-03:00,"CSV=1780776000000,0.005027,0.005128,0.004982,0.00512,95016461,0.00447692,0.0047788597,0.0041749803,6.3182364459,13.4887222576,26.2431340861,8.9291152221,34.8634401051,0.005128,7.090566827,63627918.7,1.4933139877,5.9701604519,0.0045951277,-1,0.0047821181,0.0001532908"
2026-06-06T18:00:00.000-03:00,"CSV=1780779600000,0.005121,0.005282,0.005082,0.005244,80688093,0.00449236,0.0048128236,0.0041718964,6.6585359078,14.2670483532,30.4963060553,8.1808999434,36.3856461583,0.005282,7.8790372351,61447513.6,1.3131221798,7.4288198175,0.0047081149,-1,0.0047867139,0.0001579617"
2026-06-06T19:00:00.000-03:00,"CSV=1780783200000,0.005242,0.005442,0.005236,0.005389,182215473,0.00451126,0.0048553126,0.0041672074,7.0861060753,15.2530601744,34.4893727441,7.4884176816,38.2480698597,0.005442,8.1911262799,74057534.2,2.460458277,11.6705213629,0.0048507034,-1,0.0047927068,0.0001627655"
2026-06-06T20:00:00.000-03:00,"CSV=1780786800000,0.00539,0.00636,0.005326,0.006281,1181289810,0.00455072,0.0049733645,0.0041280755,8.4981611653,18.5748423715,51.4730175593,5.1458904422,41.1530461302,0.00636,27.5329949239,182514727.5,6.4722985711,67.1809354764,0.0050933331,-1,0.0048075157,0.000249889"
2026-06-06T21:00:00.000-03:00,"CSV=1780790400000,0.006289,0.007265,0.005918,0.006509,2916732237,0.00459458,0.0050968748,0.0040922852,9.8549562136,21.8646656537,56.2486468398,3.5819395248,44.2779359469,0.007265,34.4001651869,468918064.4,6.2201319557,116.1118125715,0.0055126998,-1,0.0048244459,0.0003596001"
2026-06-06T22:00:00.000-03:00,"CSV=1780794000000,0.006513,0.006815,0.005559,0.005612,1833548145,0.00461928,0.0051402848,0.0040982752,10.1357185497,22.5578358522,43.1476348232,9.4049526156,45.6065709661,0.007265,12.6229179209,646918175.5,2.834281389,89.3335088269,0.0055126998,-1,0.0048322822,0.0004492401"
2026-06-06T23:00:00.000-03:00,"CSV=1780797600000,0.005614,0.006268,0.005574,0.005907,953917395,0.00465076,0.0052002874,0.0041012326,10.5672502437,23.6317238876,37.919059411,8.2652724408,46.8466303173,0.007265,19.3574459487,734915701.2,1.297995666,67.9309661997,0.0055126998,-1,0.004842976,0.0004737161"
2026-06-07T00:00:00.000-03:00,"CSV=1780801200000,0.005906,0.006136,0.00583,0.006107,396735746,0.00468568,0.0052700552,0.0041013048,11.0885979502,24.943027991,35.8658524914,7.8177319471,48.0040190451,0.007265,22.1644328866,770788038.2,0.5147144563,49.0900954739,0.0055126998,-1,0.0048555533,0.0004569445"
2026-06-07T01:00:00.000-03:00,"CSV=1780804800000,0.006107,0.006167,0.005677,0.006021,374146861,0.00472132,0.0053311522,0.0041114878,11.4390322316,25.8331238239,32.8171573447,9.8073701154,48.4025847069,0.007265,20.9764918626,805297730.6,0.4646068737,35.975337751,0.0055126998,-1,0.0048671498,0.00046025"
2026-06-07T02:00:00.000-03:00,"CSV=1780808400000,0.006025,0.006261,0.005939,0.006034,354657523,0.0047569,0.0053899426,0.0041238574,11.7448851818,26.6157609245,32.61247834,9.2535554064,48.8953756736,0.007265,19.9602385686,836894774.4,0.4237779155,26.8031279319,0.0055126998,-1,0.0048787602,0.000446425"
2026-06-07T03:00:00.000-03:00,"CSV=1780812000000,0.006035,0.0063,0.005922,0.006147,311398936,0.00479168,0.0054517907,0.0041315693,12.108145082,27.5523712484,31.1339852362,8.6399063015,49.4060096816,0.007265,20.05859375,858533021.9,0.3627104934,20.2939061001,0.0055126998,-1,0.0048913795,0.0004395825"
2026-06-07T04:00:00.000-03:00,"CSV=1780815600000,0.006149,0.006279,0.005855,0.005999,307760261,0.0048275,0.0055033712,0.0041516288,12.2810397951,28.0008786389,28.8358209287,9.1685700049,49.5622719516,0.007265,14.3974065599,881240238.7,0.3492353702,15.2052986034,0.0055126998,-1,0.0049024006,0.0004380243"
2026-06-07T05:00:00.000-03:00,"CSV=1780819200000,0.006003,0.006245,0.005926,0.006201,270060129,0.0048691,0.0055639514,0.0041742486,12.4884527027,28.5412681832,27.2163812002,8.6536567463,49.7081167369,0.007265,15.0677305623,890024704.3,0.3034299247,11.6608658522,0.0055126998,-1,0.004915322,0.0004261218"
2026-06-07T06:00:00.000-03:00,"CSV=1780822800000,0.006203,0.006297,0.006043,0.006108,297268571,0.00490694,0.0056165549,0.0041973251,12.6343449172,28.9229100501,26.9080426105,8.2580043211,49.9298568776,0.007265,-2.7543384811,801622580.4,0.3708335796,7.433443502,0.0055126998,-1,0.0049271895,0.0004089096"
2026-06-07T07:00:00.000-03:00,"CSV=1780826400000,0.006105,0.006309,0.005987,0.006274,182415805,0.00494838,0.0056758924,0.0042208676,12.8175864301,29.4040642034,25.3347272625,8.7920290853,49.8328181749,0.007265,-3.6103856199,528190937.2,0.345359589,4.5400019033,0.0055126998,-1,0.0049405906,0.0004002187"
2026-06-07T08:00:00.000-03:00,"CSV=1780830000000,0.006275,0.006415,0.00619,0.006375,239751292,0.00498966,0.0057380918,0.0042412282,13.0432170523,29.9993091055,26.2480042708,8.4233012894,49.9379991623,0.007265,13.5958660014,368811251.9,0.650065015,5.9727335476,0.0055126998,-1,0.0049548633,0.0003826968"
2026-06-07T09:00:00.000-03:00,"CSV=1780833600000,0.006377,0.006653,0.006353,0.006528,455877814,0.00503406,0.0058062098,0.0042619102,13.2986894958,30.6770207243,29.2487082123,7.9471653432,50.4267035236,0.007265,10.5129507364,319007293.8,1.4290513818,8.9896712905,0.0055126998,-1,0.0049705164,0.0003744271"
2026-06-07T10:00:00.000-03:00,"CSV=1780837200000,0.006528,0.00678,0.0064,0.006515,451485768,0.00507894,0.0058704067,0.0042874733,13.4823149718,31.1666105431,29.545980224,7.3809441515,51.0665267163,0.007265,6.6808580318,324482296,1.3914033942,9.0917037075,0.0055126998,-1,0.0049858844,0.0003749844"
2026-06-07T11:00:00.000-03:00,"CSV=1780840800000,0.006514,0.007157,0.00649,0.007102,530125480,0.0051345,0.0059674402,0.0043015598,13.9580823476,32.4448425336,32.7334271168,6.5088141928,52.1172589672,0.007265,17.9538282677,340080157.9,1.5588250819,15.3900950784,0.0056109421,-1,0.0050069403,0.000404186"
2026-06-07T12:00:00.000-03:00,"CSV=1780844400000,0.007104,0.0072,0.006571,0.007151,784466689,0.00519234,0.0060620752,0.0043226048,14.3471534737,33.5007044263,29.9713901148,5.8146233094,53.1430000298,0.007265,18.5117666556,383061074.5,2.0478893347,22.8967465523,0.0056109421,-1,0.0050282742,0.0004266674"
2026-06-07T13:00:00.000-03:00,"CSV=1780848000000,0.007149,0.007751,0.006754,0.007355,986432726,0.0052537,0.0061646465,0.0043427535,14.776945981,34.6782831268,33.8503245289,4.9229423061,54.5739008705,0.007751,19.6518626973,450564453.5,2.1893265621,29.6059460344,0.0058013981,-1,0.0050514257,0.0004837006"
2026-06-07T14:00:00.000-03:00,"CSV=1780851600000,0.007357,0.007388,0.006829,0.007212,502468115,0.00531386,0.0062524044,0.0043753156,15.0109359924,35.3243941857,30.994976119,4.507681428,55.9094083219,0.007751,20.2200366728,470035238.9,1.0690009459,26.9423767995,0.0058013981,-1,0.005072924,0.0004912306"
2026-06-07T15:00:00.000-03:00,"CSV=1780855200000,0.007211,0.007728,0.0072,0.007589,821866131,0.00537972,0.0063591752,0.0044002648,15.4022369353,36.4128704527,33.621846505,4.1531466254,57.3828565893,0.007751,22.3834865344,525215839.1,1.5648159667,29.6369302397,0.0059792774,-1,0.0050979595,0.0004949075"
2026-06-07T16:00:00.000-03:00,"CSV=1780858800000,0.007589,0.00762,0.006873,0.007267,884603221,0.00544162,0.0064404021,0.0044428379,15.508070741,36.7089990179,30.0403793433,8.3737573617,57.3175148469,0.007751,18.9751146038,583949304.1,1.5148630451,29.3395201231,0.0059792774,-1,0.005119542,0.0005201168"
2026-06-07T17:00:00.000-03:00,"CSV=1780862400000,0.007268,0.007757,0.007011,0.007619,592524042,0.00551386,0.0065366034,0.0044911166,15.6464044841,37.0971845087,28.8457594987,7.5169865996,57.4067179568,0.007757,21.4376793114,624960127.8,0.9480989517,26.3346938425,0.0059792774,-1,0.0051444123,0.0005427051"
2026-06-07T18:00:00.000-03:00,"CSV=1780866000000,0.00762,0.00819,0.007516,0.007702,1141486452,0.00558538,0.0066332946,0.0045374654,15.7977997036,37.5234842986,32.0357311076,6.8395678407,57.9004556467,0.00819,20.8156862745,715133643.8,1.5961861981,28.6316996065,0.0061854963,-1,0.0051698609,0.0005558346"
2026-06-07T19:00:00.000-03:00,"CSV=1780869600000,0.007702,0.00848,0.007698,0.008316,750834787,0.00566778,0.0067640708,0.0045714892,16.2075589048,38.6850142877,32.544341125,6.1505400003,58.5877625161,0.00848,27.3897058824,744629341.1,1.0083336038,28.2937866841,0.0063536466,-1,0.0052011658,0.0005784511"
2026-06-07T20:00:00.000-03:00,"CSV=1780873200000,0.008314,0.008863,0.008127,0.008771,697438981,0.0057587,0.0069182491,0.0045991509,16.7607309721,40.2712113353,34.3420424103,5.5833397085,59.4839868155,0.008863,34.6277820414,769224662.4,0.9066778733,29.3279390489,0.006712382,-1,0.0052366865,0.000594206"
2026-06-07T21:00:00.000-03:00,"CSV=1780876800000,0.008767,0.009064,0.008208,0.008665,684790739,0.00584794,0.0070550514,0.0046408286,17.1098881223,41.2833032425,33.2226065676,5.0078546085,60.4385048107,0.009064,22.0078851028,784691188.3,0.8726881979,25.9539665624,0.0067748438,-1,0.0052707991,0.0006203854"
2026-06-07T22:00:00.000-03:00,"CSV=1780880400000,0.00867,0.010057,0.008105,0.008344,1373962028,0.00593216,0.0071633427,0.0047009773,17.1872651658,41.5087491076,36.7729170499,4.0004236562,61.7677550461,0.010057,16.6829814012,843640722.2,1.6286103691,26.3593365409,0.0068203594,-1,0.0053013782,0.0007535469"
2026-06-07T23:00:00.000-03:00,"CSV=1780884000000,0.008344,0.008916,0.007422,0.008231,1673758891,0.00601036,0.0072607488,0.0047599712,17.2212102006,41.6077844152,31.5656245578,9.9076580185,61.1313374448,0.010057,11.9102651258,912373338.7,1.8345109617,24.8560616706,0.0068203594,-1,0.0053305287,0.0008275922"
2026-06-08T00:00:00.000-03:00,"CSV=1780887600000,0.008228,0.008316,0.007676,0.007722,595906825,0.00607754,0.0073278509,0.0048272291,17.0624501545,41.1452959156,29.6392376446,9.3030134719,60.5373476836,0.010057,7.071547421,921717209.7,0.6465180629,18.0946688273,0.0068203594,-1,0.0053543244,0.000808833"
2026-06-08T01:00:00.000-03:00,"CSV=1780891200000,0.00772,0.00841,0.007609,0.00811,571396441,0.00615198,0.0074102578,0.0048937022,16.9802162513,40.9064333453,28.2848866243,8.5992818271,60.0596192328,0.010057,6.865199631,896670240.7,0.6372425615,13.5213783509,0.0068203594,-1,0.005381744,0.0008080497"
2026-06-08T02:00:00.000-03:00,"CSV=1780894800000,0.008107,0.008279,0.007815,0.007877,351347078,0.00621764,0.0074785602,0.0049567198,16.8604668091,40.5594454574,27.0164733586,8.2136538665,59.6137393453,0.010057,8.3941103619,843344626.4,0.4166115097,10.1799465641,0.0068203594,-1,0.0054065725,0.0007736447"
2026-06-08T03:00:00.000-03:00,"CSV=1780898400000,0.007878,0.008337,0.007831,0.008306,291610745,0.00629302,0.0075638353,0.0050222047,16.8012022279,40.3880889575,26.2420731928,7.8047143264,59.2496904513,0.010057,9.0169313558,813253296.7,0.3585730869,7.8643740128,0.0068203594,-1,0.0054354225,0.0007468802"
2026-06-08T04:00:00.000-03:00,"CSV=1780902000000,0.008303,0.008833,0.008261,0.008814,467421239,0.00637568,0.0076730903,0.0050782697,16.9085754812,40.6987257207,29.681218783,7.3608411627,59.3168342632,0.010057,14.4378083615,745846775.4,0.6266987462,8.2589681412,0.0068203594,-1,0.0054690402,0.0007293922"
2026-06-08T05:00:00.000-03:00,"CSV=1780905600000,0.008818,0.008853,0.008307,0.00864,367618962,0.00645468,0.0077672138,0.0051421462,16.8983862373,40.6692132009,28.2510548448,6.9562319481,59.3946543167,0.010057,3.8961038961,707525192.9,0.5195842716,6.1807635291,0.0068203594,-1,0.005500592,0.000711053"
2026-06-08T06:00:00.000-03:00,"CSV=1780909200000,0.00864,0.00977,0.00864,0.009741,1132879356,0.00655488,0.0079220967,0.0051876633,17.2582679538,41.7159939175,33.9982888533,6.2004747529,60.0450719026,0.010057,11.0591722723,751069230.4,1.5083554354,9.6808965552,0.0069461569,-1,0.0055427851,0.0007529477"
2026-06-08T07:00:00.000-03:00,"CSV=1780912800000,0.009737,0.009756,0.00801,0.008159,1306524368,0.0066235,0.0079833849,0.0052636151,17.0339387816,41.0624260848,28.8155010229,10.7557646939,59.0846344875,0.010057,-5.8395845355,813242593.3,1.6065616567,3.3267135015,0.0069461569,-1,0.0055688171,0.0008522529"
2026-06-08T08:00:00.000-03:00,"CSV=1780916400000,0.008156,0.008577,0.007892,0.008365,605378756,0.00669516,0.0080505145,0.0053398055,16.8356256709,40.487590526,27.0802263934,11.1454201256,57.9247365544,0.010057,0.2516778523,736384266.1,0.8220962667,2.2867768086,0.0069461569,-1,0.0055966398,0.0008355276"
2026-06-08T09:00:00.000-03:00,"CSV=1780920000000,0.008369,0.008686,0.007983,0.008404,446764893,0.00676762,0.0081155287,0.0054197113,16.6090065255,39.8340536152,26.3613492451,10.4532372865,56.9438499342,0.010057,2.1018102296,613684866.3,0.7280037647,2.0345597924,0.0069461569,-1,0.0056245738,0.0008222749"
2026-06-08T10:00:00.000-03:00,"CSV=1780923600000,0.008405,0.009335,0.008405,0.008796,845009696,0.00684632,0.0081954852,0.0054971548,16.4622977472,39.4128574363,29.8719386841,9.6066819064,56.5697420155,0.010057,13.9083139083,638595153.4,1.3232322411,7.4910163226,0.0069461569,-1,0.0056561302,0.0008331474"
2026-06-08T11:00:00.000-03:00,"CSV=1780927200000,0.008796,0.008946,0.008406,0.008561,382503326,0.00691792,0.0082611751,0.0055746649,16.2598551276,38.8340745107,28.4405742292,9.1463614981,56.2205746247,0.010057,5.5610357583,619705841.9,0.617233694,6.138163763,0.0069461569,-1,0.0056850344,0.0008038326"
2026-06-08T12:00:00.000-03:00,"CSV=1780930800000,0.008565,0.008875,0.00842,0.008815,237242867,0.00699572,0.0083339371,0.0056575029,16.057442088,38.2581672215,27.261301475,8.7671126536,55.89468506,0.010057,11.9080868351,608295420.8,0.3900125809,5.6402104019,0.0069461569,-1,0.0057161784,0.0007689494"
2026-06-08T13:00:00.000-03:00,"CSV=1780934400000,0.00882,0.0097,0.00882,0.009408,556341530,0.00708702,0.0084309646,0.0057430754,15.9405798145,37.9269325897,32.5075758515,8.0697907973,56.1833835644,0.010057,13.2675174573,634768499.3,0.8764479186,7.636236288,0.0069461569,-1,0.0057529129,0.0007805544"
2026-06-08T14:00:00.000-03:00,"CSV=1780938000000,0.009415,0.00983,0.009163,0.009443,474339254,0.00717622,0.0085255552,0.0058268848,15.8269478808,37.6057359983,31.721961288,7.5827669938,56.5321911396,0.010057,7.1363739505,635460300.8,0.7464498623,6.8664726428,0.007188903,-1,0.0057896302,0.000769199"
2026-06-08T15:00:00.000-03:00,"CSV=1780941600000,0.009438,0.009458,0.008759,0.008815,306981529,0.00725354,0.0085836636,0.0059234164,15.4959895929,36.6751578256,29.7087608555,10.769550372,55.8826143383,0.010057,2.025462963,629396557.5,0.4877394472,4.9069478238,0.007188903,-1,0.0058197334,0.0007621791"
2026-06-08T16:00:00.000-03:00,"CSV=1780945200000,0.00881,0.008926,0.008405,0.008846,249071746,0.00733048,0.008639055,0.006021905,15.1472011531,35.7023017718,28.2757016107,13.5275788438,54.5090948223,0.010057,-9.1879683811,541015796.5,0.460377955,1.8613191847,0.007188903,-1,0.0058498455,0.0007380612"
2026-06-08T17:00:00.000-03:00,"CSV=1780948800000,0.008853,0.00914,0.008769,0.00904,160405639,0.00741174,0.0086976005,0.0061258795,14.7840834441,34.6979391682,29.3195138984,13.0474000295,53.4356616823,0.010057,10.7978918985,426403923.6,0.376182371,2.5948716486,0.007188903,-1,0.0058815883,0.0007013551"
2026-06-08T18:00:00.000-03:00,"CSV=1780952400000,0.00904,0.009301,0.008867,0.009008,107886822,0.0074913,0.0087501148,0.0062324852,14.3862660678,33.6073791131,29.6507855944,12.49164721,52.5877515394,0.00983,7.6867901973,376654730.2,0.2864342682,2.463834474,0.007188903,-1,0.0059126969,0.0006746196"
2026-06-08T19:00:00.000-03:00,"CSV=1780956000000,0.009012,0.009423,0.008929,0.00938,138598120,0.0075765,0.0088159507,0.0063370493,14.0591840196,32.7182930699,29.4061283768,11.8747907664,51.9131267703,0.00983,11.6135173727,345838052.9,0.400760179,3.1939680832,0.0072063272,-1,0.0059471974,0.0006565576"
2026-06-08T20:00:00.000-03:00,"CSV=1780959600000,0.009381,0.00952,0.009075,0.009172,118028487,0.00765506,0.0088683892,0.0064417308,13.6815059495,31.7000570968,29.0600041823,11.3345765837,51.3776321138,0.00983,4.2746703047,273139932,0.4321172892,2.7450317036,0.0073912945,-1,0.005979285,0.0006354018"
2026-06-08T21:00:00.000-03:00,"CSV=1780963200000,0.009173,0.009303,0.00876,0.008946,184587367,0.0077262,0.0089084592,0.0065439408,13.2711972699,30.6038982486,27.4286527305,13.9548698137,50.1230118248,0.00983,4.4971381848,253348336.1,0.7285911952,2.9222128974,0.0073912945,-1,0.0060088045,0.0006261617"
2026-06-08T22:00:00.000-03:00,"CSV=1780966800000,0.008947,0.009293,0.007714,0.007931,393769856,0.0077592,0.0089235516,0.0065948484,13.0480736159,30.0121553564,23.3454604697,21.7390087584,47.0190246513,0.00983,-10.0283607487,269001035,1.4638228288,-2.9451058681,0.0073912945,-1,0.0060279309,0.0007214455"
2026-06-08T23:00:00.000-03:00,"CSV=1780970400000,0.007935,0.008136,0.007314,0.007554,423779078,0.0077801,0.0089311256,0.0066290744,12.8877999353,29.5889667021,21.555641082,23.8030903244,44.2147451859,0.00983,-19.7066326531,255744789.8,1.6570389502,-12.848289873,0.0073912945,-1,0.0060431156,0.0007315009"
2026-06-09T00:00:00.000-03:00,"CSV=1780974000000,0.007551,0.007826,0.007007,0.007101,258485640,0.00780988,0.0089230662,0.0066966938,12.4753773567,28.5071262918,19.9249235687,24.8381280461,41.9988306173,0.00983,-24.8014402203,234159428.4,1.1038873889,-17.6915256105,0.0096372525,1,0.0060536418,0.0007402508"
2026-06-09T01:00:00.000-03:00,"CSV=1780977600000,0.007106,0.007146,0.006462,0.006839,440100543,0.00782852,0.0089172207,0.0067398193,12.2089684951,27.8137032582,18.6616340746,28.3151347154,40.5688765964,0.00983,-22.4163357913,247471329.8,1.7783900194,-25.0826796878,0.0090078773,1,0.0060614564,0.0007346258"
2026-06-09T02:00:00.000-03:00,"CSV=1780981200000,0.006841,0.0073,0.006736,0.007237,173052557,0.00785112,0.0089153022,0.0067869378,11.9365798177,27.1090534367,19.12009688,26.8132326243,38.9808503365,0.00983,-18.1890119828,239869410.9,0.7214448743,-21.0959096132,0.0090078773,1,0.0060731533,0.0007175632"
2026-06-09T03:00:00.000-03:00,"CSV=1780984800000,0.007237,0.007346,0.006841,0.006908,130705182,0.00786886,0.0089095193,0.0068282007,11.6803075818,26.4500639936,18.6353350656,25.5148818284,37.4209360356,0.00983,-23.5840707965,236899365.2,0.5517329347,-18.4013092733,0.0090078773,1,0.0060814602,0.0006963069"
2026-06-09T04:00:00.000-03:00,"CSV=1780988400000,0.006909,0.006985,0.006517,0.006535,168294109,0.00787888,0.0089041218,0.0068536382,11.5142380633,26.0250639455,17.7804582849,27.5203030863,36.3595669523,0.00983,-27.453374778,242940093.9,0.6927391288,-18.6068818244,0.0087714285,1,0.0060859731,0.0006734762"
2026-06-09T05:00:00.000-03:00,"CSV=1780992000000,0.00654,0.007038,0.006435,0.006896,220122960,0.00789386,0.0088989616,0.0068887584,11.2945940632,25.4654018973,16.7215060109,26.691171391,35.4665872248,0.00983,-26.4818763326,251092577.9,0.8766605602,-20.1431267297,0.0087357857,1,0.006094033,0.0006664286"
2026-06-09T06:00:00.000-03:00,"CSV=1780995600000,0.006896,0.007248,0.006698,0.006714,227899999,0.00790816,0.0088910416,0.0069252784,11.0547406345,24.8574026618,17.9018518339,25.2231213268,34.2339392339,0.00983,-26.7989533362,262079729.1,0.8695827021,-21.1967199051,0.0087357857,1,0.0061002019,0.0006547857"
2026-06-09T07:00:00.000-03:00,"CSV=1780999200000,0.006714,0.00701,0.006714,0.006775,147366823,0.00791964,0.0088857236,0.0069535564,10.8723122224,24.3971598356,17.3515465694,24.4477592815,33.0834677757,0.00983,-24.2678291974,258357674.7,0.5703984725,-18.7452575049,0.0087187214,1,0.0061069163,0.0006189071"
2026-06-09T08:00:00.000-03:00,"CSV=1781002800000,0.006776,0.006848,0.006474,0.006538,179153219,0.00792824,0.0088799655,0.0069765145,10.7176709067,24.0084930927,16.6583126067,26.034798496,32.3420716984,0.00983,-17.5639894086,236896011,0.7562525778,-16.9244424258,0.0084442493,1,0.0061112057,0.0005944164"
2026-06-09T09:00:00.000-03:00,"CSV=1781006400000,0.006538,0.006678,0.006069,0.006461,484964147,0.00793198,0.0088775449,0.0069864151,10.6511985938,23.8418387851,15.5728411482,28.6717099234,32.159640849,0.00983,-14.4691554144,243014517.9,1.9956180034,-20.90793063,0.0081611243,1,0.0061146862,0.0005958748"
2026-06-09T10:00:00.000-03:00,"CSV=1781010000000,0.006464,0.006583,0.006156,0.006308,224968533,0.00793064,0.0088784553,0.0069828247,10.6754522536,23.902616969,14.846109831,27.3336991313,31.9893720562,0.00952,-11.1674412055,239662807.2,0.9386877156,-17.4328670447,0.0081064619,1,0.0061166097,0.0005789873"
2026-06-09T11:00:00.000-03:00,"CSV=1781013600000,0.006311,0.006375,0.006107,0.006247,184423165,0.00792502,0.0088819249,0.0069681151,10.7736210824,24.1489595635,14.3943897248,27.0583327304,31.893435839,0.00952,-8.6562362919,214095069.4,0.8614078106,-14.1074278806,0.0078846657,1,0.0061179071,0.0005478886"
2026-06-09T12:00:00.000-03:00,"CSV=1781017200000,0.006247,0.00642,0.006158,0.006177,159093192,0.00791826,0.008886232,0.006950288,10.8929404837,24.4491077201,14.480289274,26.2226096747,31.6904637998,0.00952,-14.6469531574,212699132.9,0.7479729223,-13.0567933722,0.0078468991,1,0.0061184951,0.0005192997"
2026-06-09T13:00:00.000-03:00,"CSV=1781020800000,0.006176,0.00644,0.005944,0.006433,280181603,0.00790488,0.008888539,0.006921221,11.0665993454,24.8873859853,13.6266136107,27.220267263,31.7964021467,0.00952,-6.8760856977,227646775,1.230773434,-11.5254967837,0.0077429092,1,0.0061216245,0.0005169697"
2026-06-09T14:00:00.000-03:00,"CSV=1781024400000,0.006434,0.006771,0.006291,0.006536,246062478,0.00789258,0.0088893466,0.0068958134,11.2130470061,25.2583214718,16.8140750624,25.6522055248,31.0641162287,0.00952,0.0153022188,235423611.9,1.0451903104,-7.6783332788,0.0077429092,1,0.0061257477,0.0005132728"
2026-06-09T15:00:00.000-03:00,"CSV=1781028000000,0.006532,0.006862,0.006523,0.006695,122700970,0.00787938,0.0088874839,0.0068712761,11.3429621654,25.5884077395,17.2330086499,24.5807182305,30.164673939,0.00952,-2.9147331787,225681412.9,0.5436910751,-5.647126991,0.0077429092,1,0.0061314119,0.0004958455"
2026-06-09T16:00:00.000-03:00,"CSV=1781031600000,0.006694,0.006793,0.0066,0.006764,65690881,0.00787042,0.0088863761,0.0068544639,11.4327380632,25.8170746462,16.8048374376,23.9699858774,29.3251944685,0.009303,0.744712541,209460501.1,0.3136194206,-3.6868992221,0.0077429092,1,0.0061377063,0.0004655609"
2026-06-09T17:00:00.000-03:00,"CSV=1781035200000,0.006766,0.00688,0.006678,0.006774,76080930,0.00785412,0.0088809403,0.0068272997,11.5620672525,26.1473032969,17.5167840505,23.3202354508,28.3175982468,0.009293,-0.0147601476,202331911.8,0.3760204178,-2.4597828537,0.0077429092,1,0.0061440376,0.0004392048"
2026-06-09T18:00:00.000-03:00,"CSV=1781038800000,0.006774,0.006817,0.006604,0.006629,65226636,0.00784136,0.0088793009,0.0068034191,11.6894437303,26.4734913334,16.9962799812,23.6596220928,27.5223987548,0.008136,1.391862955,190939253.5,0.341609359,-1.4813640985,0.0077429092,1,0.0061488631,0.0004165844"
2026-06-09T19:00:00.000-03:00,"CSV=1781042400000,0.00663,0.006892,0.006538,0.006695,129835828,0.00782288,0.0088727722,0.0067729878,11.8327418691,26.8415784272,17.2068493112,22.4706484156,26.572002794,0.007826,3.6217303823,155426421.6,0.8353523594,0.0208976077,0.0077429092,1,0.0061542973,0.0004103259"
2026-06-09T20:00:00.000-03:00,"CSV=1781046000000,0.006695,0.007049,0.006671,0.006822,134940313,0.00780528,0.0088643867,0.0067461733,11.9478842973,27.1382105972,18.5294747289,21.2489775015,25.2563108008,0.007346,8.1483830057,146423599.6,0.9215748921,2.5170468015,0.0077429092,1,0.0061609411,0.0004070933"
2026-06-09T21:00:00.000-03:00,"CSV=1781049600000,0.006821,0.00688,0.006601,0.00667,83461282,0.00777236,0.008840622,0.006704098,12.0835615867,27.4887422756,17.7656472284,21.4072970171,24.192312697,0.007346,6.7712502001,136327411.3,0.6122120357,3.0598448242,0.0077429092,1,0.0061660063,0.000394284"
2026-06-09T22:00:00.000-03:00,"CSV=1781053200000,0.006674,0.006682,0.006309,0.006459,134557012,0.00772612,0.0088001769,0.0066520631,12.2049467037,27.803267372,16.775121612,24.5784740158,23.8374803898,0.007346,4.5653229723,133873793.3,1.0051034537,3.5694371783,0.0076719668,1,0.0061689217,0.0003921556"
2026-06-09T23:00:00.000-03:00,"CSV=1781056800000,0.006461,0.006477,0.006137,0.006199,112907670,0.0076768,0.0087631599,0.0065904401,12.3968965902,28.3024142015,15.9088449108,25.9216326958,23.8440873569,0.007248,-3.6374941707,117146400,0.9638168138,1.2109987716,0.0074678201,1,0.006169221,0.00038694"
2026-06-10T00:00:00.000-03:00,"CSV=1781060400000,0.006198,0.006619,0.006186,0.006496,151082664,0.00763984,0.0087342779,0.0065454021,12.5303767007,28.6508075102,17.0203416175,24.2153392695,23.4177132291,0.007248,-0.611995104,107648418.6,1.4034824289,0.5210243893,0.0074678201,1,0.0061724725,0.000391546"
2026-06-10T01:00:00.000-03:00,"CSV=1781064000000,0.006492,0.0066,0.006362,0.006424,65293650,0.0076037,0.0087078124,0.0064995876,12.6795612545,29.041451089,16.3851650477,23.3116549323,23.0197640432,0.007248,-4.0477968633,101907686.6,0.6407136908,-0.517143363,0.0074678201,1,0.0061749753,0.0003761914"
2026-06-10T02:00:00.000-03:00,"CSV=1781067600000,0.006426,0.006791,0.006325,0.006753,71946262,0.00758432,0.0086946724,0.0064739676,12.7704918882,29.2802107101,18.1713773437,21.6191245132,22.06276305,0.007049,-0.1626256653,102533224.7,0.7016873039,-0.3827996969,0.0074678201,1,0.0061807268,0.0003851723"
2026-06-10T03:00:00.000-03:00,"CSV=1781071200000,0.006756,0.007046,0.00659,0.006829,124601778,0.0075587,0.0086714037,0.0064459963,12.8318752171,29.4416686123,20.8416620376,20.08986057,20.7143608324,0.007049,0.8119279598,107385309.5,1.1603242434,0.058833434,0.0074678201,1,0.0061871772,0.0003922551"
2026-06-10T04:00:00.000-03:00,"CSV=1781074800000,0.006831,0.006957,0.006717,0.006937,71707681,0.0075399,0.0086550054,0.0064247946,12.8839363077,29.5787843518,20.0421973199,19.3192341833,19.4558520959,0.007049,4.64625132,108033414,0.6637546509,1.067212597,0.0074678201,1,0.0061946382,0.0003770296"
2026-06-10T05:00:00.000-03:00,"CSV=1781078400000,0.006942,0.007447,0.006869,0.007004,242779490,0.00751386,0.0086259695,0.0064017505,12.8925738994,29.6015494351,25.8723782959,17.5792433838,19.4311889067,0.007447,4.6153846154,119327780.2,2.0345596775,3.8415668762,0.0074678201,1,0.0062026915,0.0003971266"
2026-06-10T06:00:00.000-03:00,"CSV=1781082000000,0.007004,0.007144,0.006555,0.00659,172533601,0.00746938,0.008573043,0.006365717,12.8736440339,29.5516641117,23.5560010522,20.7783124063,18.5534646194,0.007447,-3.4007622398,123087109,1.4017195009,0.9720730009,0.0074678201,1,0.0062065453,0.0004163139"
2026-06-10T07:00:00.000-03:00,"CSV=1781085600000,0.006591,0.00667,0.006255,0.006383,137461254,0.00742424,0.008525254,0.006323226,12.9147357879,29.6599795723,22.0646946445,24.039411431,17.6021115791,0.007447,-4.3028485757,128487106.2,1.0698447344,-0.8864112965,0.0074678201,1,0.0062083011,0.0004161825"
2026-06-10T08:00:00.000-03:00,"CSV=1781089200000,0.006384,0.006403,0.006069,0.006272,134814062,0.00735486,0.0084162854,0.0062934346,12.6115663417,28.8632392497,20.9224990788,25.6777567338,17.1089281106,0.007447,-2.8951850132,128512811.2,1.0490320828,-1.6033215192,0.0074598929,1,0.0062089349,0.0004079643"
2026-06-10T09:00:00.000-03:00,"CSV=1781092800000,0.006271,0.006532,0.00621,0.006482,92991117,0.00732132,0.0083833011,0.0062593389,12.6678153114,29.0106456321,21.8939612557,24.3744404225,16.3257372479,0.007447,4.5652524601,126521155.9,0.7349847252,0.0495825955,0.0074598929,1,0.006211652,0.0003993679"
2026-06-10T10:00:00.000-03:00,"CSV=1781096400000,0.006481,0.006529,0.006363,0.006414,62475468,0.0072823,0.0083410542,0.0062235458,12.6932903817,29.0774682432,21.2968923883,23.7097265607,15.5947591093,0.007447,-1.2623152709,117660436.3,0.5309811009,-0.1903667871,0.0074598929,1,0.0062136654,0.0003760311"
2026-06-10T11:00:00.000-03:00,"CSV=1781100000000,0.006416,0.006647,0.006324,0.0066,77863678,0.00724622,0.0082968413,0.0061955987,12.6629075059,28.9977766474,22.1164942194,22.4342588583,14.6026594586,0.007447,2.7397260274,118917439.1,0.6547708947,0.471053096,0.0074598929,1,0.0062175095,0.000370728"
2026-06-10T12:00:00.000-03:00,"CSV=1781103600000,0.006599,0.006642,0.006364,0.006387,62597922,0.00719804,0.0082315838,0.0061644962,12.5558312506,28.71736659,21.0712019768,21.3739481002,13.6766997846,0.007447,-5.4198134163,117982605.1,0.5305690779,-0.6444930716,0.0074598929,1,0.006219196,0.0003614552"
2026-06-10T13:00:00.000-03:00,"CSV=1781107200000,0.006387,0.006668,0.006356,0.006534,75191735,0.0071575,0.0081764382,0.0061385618,12.4618832255,28.4719015777,20.3862104619,20.2245428504,12.7914591756,0.007447,-4.3198125641,113041600.8,0.6651687031,-1.3874634213,0.0074598929,1,0.0062223284,0.0003565097"
2026-06-10T14:00:00.000-03:00,"CSV=1781110800000,0.006538,0.006659,0.006499,0.006655,39069179,0.0071143,0.0081075134,0.0061210866,12.2505299979,27.9216045354,19.8011412305,19.6441133605,11.9652346072,0.007447,-4.0651578492,109777750.6,0.3558934191,-1.4072299229,0.0074598929,1,0.0062266336,0.0003368587"
2026-06-10T15:00:00.000-03:00,"CSV=1781114400000,0.006656,0.006719,0.006498,0.006552,27228969,0.00705718,0.0079975589,0.0061168011,11.7583243436,26.6502743882,20.1005203554,18.8437740331,11.3826880201,0.007447,-6.4534551685,88222698.5,0.3086390403,-1.6020826853,0.0074598929,1,0.006229871,0.0003252728"
2026-06-10T16:00:00.000-03:00,"CSV=1781118000000,0.006551,0.006587,0.006327,0.006358,55980436,0.00699548,0.0078766383,0.0061143217,11.1869842988,25.1922180785,19.118673442,21.1359343377,10.957925794,0.007447,-3.5204855842,76567382,0.7311264214,-1.9260284658,0.0074132366,1,0.006231146,0.0003187455"
2026-06-10T17:00:00.000-03:00,"CSV=1781121600000,0.006358,0.006416,0.006008,0.006053,58938193,0.00694024,0.0077916745,0.0060888055,10.9274911192,24.5361700406,17.6676781711,25.4657208179,11.4326571878,0.007447,-5.1699827667,68715075.9,0.8577185171,-2.7621489612,0.007195013,1,0.0062293734,0.000327671"
2026-06-10T18:00:00.000-03:00,"CSV=1781125200000,0.006057,0.006094,0.005522,0.005598,170926553,0.00687528,0.0077023923,0.0060481677,10.7383816454,24.0604681908,15.8596659326,31.5545507772,12.8772562557,0.007447,-10.7461734694,72326325,2.3632688789,-10.3067984167,0.0068643117,1,0.006223091,0.0003521039"
2026-06-10T19:00:00.000-03:00,"CSV=1781128800000,0.005599,0.005691,0.005531,0.0056,50746055,0.00680648,0.0075927292,0.0060202308,10.3552909922,23.1029608033,15.3877293932,30.6155810939,14.2255487191,0.007447,-13.6069114471,68101818.8,0.7451497756,-10.2509279485,0.0066096805,1,0.0062168911,0.0003328935"
2026-06-10T20:00:00.000-03:00,"CSV=1781132400000,0.0056,0.0056,0.005408,0.005488,81012102,0.00673608,0.007478418,0.005993742,9.9264036315,22.0406512711,14.8207035432,31.8480740197,15.7095502765,0.007447,-14.4371686935,69955482.2,1.1580522277,-12.4069504213,0.0064604124,1,0.0062096385,0.0003188041"
2026-06-10T21:00:00.000-03:00,"CSV=1781136000000,0.005487,0.005642,0.005487,0.005627,47327128,0.00666102,0.0073169366,0.0060051034,8.9643604086,19.694177904,15.199892054,30.8643371137,16.9292909113,0.007447,-14.7424242424,66901827.2,0.7074115907,-11.7476208755,0.0064604124,1,0.0062038411,0.0003024237"
2026-06-10T22:00:00.000-03:00,"CSV=1781139600000,0.005627,0.00575,0.005578,0.005693,59632155,0.00659144,0.0071553779,0.0060275021,7.881315981,17.1112213878,16.8857285913,29.7710119109,17.6418178955,0.007447,-10.8658211993,66605250.5,0.89530712,-11.0744962784,0.0064604124,1,0.0061987581,0.0002893814"
2026-06-10T23:00:00.000-03:00,"CSV=1781143200000,0.005692,0.00575,0.005616,0.005713,38316340,0.00652678,0.006994112,0.006059448,6.6817913899,14.3204450438,16.4007791527,28.916003764,18.3068430807,0.007447,-12.5650443832,62917711,0.608991322,-9.9336651823,0.0064604124,1,0.0061939247,0.0002738432"
2026-06-11T00:00:00.000-03:00,"CSV=1781146800000,0.005713,0.005831,0.005632,0.005826,36527748,0.00648468,0.0069171288,0.0060522312,6.2518536696,13.3375515448,17.4628108725,27.6523719602,18.5920974363,0.007447,-12.4567993989,62663567.9,0.5829184201,-9.0428760634,0.0064604124,1,0.0061902637,0.0002663589"
2026-06-11T01:00:00.000-03:00,"CSV=1781150400000,0.005818,0.005822,0.005669,0.005701,35534969,0.00644762,0.006866013,0.006029227,6.0936815859,12.9782142221,16.8407215187,26.6672930786,18.8583348349,0.007144,-12.9884004884,63494167.9,0.5596572122,-8.4516013785,0.0064604124,1,0.0061853954,0.000255423"
2026-06-11T02:00:00.000-03:00,"CSV=1781154000000,0.005702,0.005729,0.005634,0.005717,37850177,0.00641994,0.0068399692,0.0059999108,6.1408048992,13.0851428944,16.4605580774,26.8969798892,19.2058195295,0.006719,-10.0817867254,61681142,0.6136426106,-7.6966055608,0.0063996421,1,0.0061807348,0.0002393807"
2026-06-11T03:00:00.000-03:00,"CSV=1781157600000,0.005717,0.005787,0.005687,0.005714,28866157,0.00639744,0.0068244916,0.0059703884,6.2576320722,13.3507019516,17.4918733128,26.2291985262,19.2577144237,0.006719,-5.6005286635,58673938.4,0.4919757866,-6.0495118721,0.0063996421,1,0.0061760907,0.0002254426"
2026-06-11T04:00:00.000-03:00,"CSV=1781161200000,0.005713,0.005732,0.005645,0.005678,29054242,0.00636626,0.006787752,0.005944768,6.2095964474,13.2414324114,17.096221297,26.7278762102,19.4390659988,0.006719,1.4290818149,44486707.3,0.6530994035,-3.7218970878,0.0063232951,1,0.0061711345,0.0002115984"
2026-06-11T05:00:00.000-03:00,"CSV=1781164800000,0.005678,0.005786,0.005652,0.005721,48540407,0.00634252,0.0067662528,0.0059187872,6.2624441731,13.3616544997,17.9311335347,25.7660989622,19.3384694774,0.006719,2.1607142857,44266142.5,1.0965583233,-1.6914816471,0.0063232951,1,0.0061666556,0.0002038385"
2026-06-11T06:00:00.000-03:00,"CSV=1781168400000,0.005726,0.005774,0.005538,0.005551,53522767,0.00632284,0.0067598197,0.0058858603,6.4643697336,13.8222615599,16.7909967605,27.1992223337,19.626592689,0.006719,1.1479591837,41517209,1.2891706425,-0.6343493386,0.0062771641,1,0.0061605297,0.0002070547"
2026-06-11T07:00:00.000-03:00,"CSV=1781172000000,0.005551,0.005695,0.005539,0.005691,38439784,0.00629874,0.0067366723,0.0058608077,6.5007210043,13.9053927989,16.0674414207,26.0271571586,19.8955076865,0.006719,1.1373733784,40628474.6,0.9461291466,-0.0641988578,0.0062228476,1,0.0061558577,0.0002019492"
2026-06-11T08:00:00.000-03:00,"CSV=1781175600000,0.005693,0.005925,0.005653,0.005904,81956345,0.00628254,0.0067197926,0.0058452874,6.5069355008,13.9196111192,21.1702989976,24.088039097,18.998930939,0.006719,3.7063059898,42860893.6,1.9121473706,2.3195351792,0.0062228476,1,0.0061533517,0.0002089543"
2026-06-11T09:00:00.000-03:00,"CSV=1781179200000,0.0059,0.005983,0.005731,0.005737,87730521,0.00626178,0.0066997991,0.0058237609,6.5377951749,13.9902438362,21.2973907675,22.4292643797,17.9049036038,0.006719,0.4200945213,47802311.7,1.8352777906,1.8033535011,0.0062228476,1,0.0061492089,0.0002132589"
2026-06-11T10:00:00.000-03:00,"CSV=1781182800000,0.00574,0.005871,0.00571,0.005846,53006422,0.00624794,0.0066879408,0.0058079392,6.5790180798,14.0846690851,20.3386595996,22.0067503832,16.9738599076,0.006719,0.3432887058,49450179.1,1.0719156728,1.3248945154,0.0062228476,1,0.0061461919,0.000208033"
2026-06-11T11:00:00.000-03:00,"CSV=1781186400000,0.005842,0.005957,0.005789,0.005854,50126085,0.0062358,0.0066781226,0.0057934774,6.6234566459,14.1865535133,21.8169934414,20.952247685,15.9770617184,0.006587,2.6837396948,50909290.7,0.9846156627,1.7640803896,0.0062228476,1,0.0061432845,0.0002040297"
2026-06-11T12:00:00.000-03:00,"CSV=1781190000000,0.005852,0.005875,0.005753,0.005828,35534156,0.0062262,0.0066720462,0.0057803538,6.6823009442,14.3216153245,21.0328357952,21.2597700242,14.9476963595,0.006416,1.9415777506,50677688.6,0.701179493,1.6298517607,0.0062228476,1,0.0061401473,0.0001958267"
2026-06-11T13:00:00.000-03:00,"CSV=1781193600000,0.005828,0.005914,0.005653,0.00567,60936207,0.00621466,0.0066672351,0.0057620849,6.7880471496,14.5647568623,19.4319213459,22.5578662776,14.4474856809,0.006094,-0.7700385019,53884693.6,1.1308630138,0.7962984868,0.0062228476,1,0.0061354692,0.000202344"
2026-06-11T14:00:00.000-03:00,"CSV=1781197200000,0.005667,0.00582,0.005611,0.005816,64316330,0.00620744,0.006663425,0.005751455,6.84310194,14.691562477,18.2407300498,22.406933264,14.167623407,0.005983,2.4304332511,57410902.4,1.1202807709,1.4384548699,0.0062228476,1,0.0061322904,0.0002030096"
2026-06-11T15:00:00.000-03:00,"CSV=1781200800000,0.005819,0.005826,0.005493,0.005611,83466214,0.006191,0.0066533303,0.0057286697,6.9488549747,14.9355603799,16.5127225532,23.6411683719,14.4066361545,0.005983,-1.9227407796,60903483.1,1.3704670037,0.0806189816,0.0062228476,1,0.0061271035,0.0002160087"
2026-06-11T16:00:00.000-03:00,"CSV=1781204400000,0.005616,0.005667,0.005576,0.005615,44495323,0.00617258,0.0066391258,0.0057060342,7.0272176501,15.1167201249,16.0670659312,23.0031243907,14.6297147189,0.005983,1.1529454152,60000738.7,0.7415795866,0.3387462492,0.0062228476,1,0.0061220079,0.0002035078"
2026-06-11T17:00:00.000-03:00,"CSV=1781208000000,0.005615,0.005622,0.005488,0.005579,52190150,0.00615026,0.0066179726,0.0056825474,7.0673099487,15.2095241079,15.4108671981,24.7457591182,15.2041474451,0.005983,-1.9680196802,61375775.3,0.8503379345,-0.3319964305,0.0061446711,1,0.0061166049,0.000196557"
2026-06-11T18:00:00.000-03:00,"CSV=1781211600000,0.005576,0.005624,0.00532,0.00537,79260768,0.00612238,0.0065942067,0.0056505533,7.1551694217,15.4131778303,14.0191456014,27.5017184296,16.3553244268,0.005983,-9.0447154472,61106217.6,1.2970982514,-4.1319591507,0.006093904,1,0.0061091759,0.0002073013"
2026-06-11T19:00:00.000-03:00,"CSV=1781215200000,0.00537,0.005527,0.00535,0.005517,44401067,0.00609724,0.0065671612,0.0056273188,7.1556210403,15.4142256547,13.2714797529,26.0350031082,17.4297562765,0.005983,-3.8347568416,56773272.2,0.7820769401,-3.754331066,0.0060513136,1,0.0061032837,0.0002042712"
2026-06-11T20:00:00.000-03:00,"CSV=1781218800000,0.005515,0.005639,0.005467,0.005616,44288403,0.00607698,0.0065453729,0.0056085871,7.1560917623,15.4153178128,15.9988257819,24.6654064798,17.6886085135,0.005983,-3.9343140609,55901470.3,0.7922582852,-3.5418850144,0.0060513136,1,0.0060984351,0.0002010441"
2026-06-11T21:00:00.000-03:00,"CSV=1781222400000,0.005616,0.005768,0.005577,0.005601,64191019,0.0060551,0.0065196485,0.0055905515,7.1253614538,15.3440413127,19.0347134613,23.2125395301,17.1686338584,0.005983,-4.3218312265,57307963.7,1.1201064364,-3.9748936676,0.0060513136,1,0.0060934855,0.0002000397"
2026-06-11T22:00:00.000-03:00,"CSV=1781226000000,0.0056,0.005618,0.005427,0.005471,41783634,0.00602808,0.0064864859,0.0055696741,7.0670919793,15.2090193449,17.9047386148,26.4966391007,17.3140933865,0.005983,-6.1256005491,57932911.5,0.7212417418,-4.122608715,0.0060513136,1,0.0060872916,0.0001991357"
2026-06-11T23:00:00.000-03:00,"CSV=1781229600000,0.005474,0.005631,0.005473,0.005553,28261399,0.00600574,0.0064595128,0.0055519672,7.024875891,15.1113019924,17.4100233926,25.1562872554,17.3730278005,0.005983,-2.0634920635,54665430.7,0.5169884996,-3.1040063653,0.0060513136,1,0.0060819752,0.0001952221"
2026-06-12T00:00:00.000-03:00,"CSV=1781233200000,0.005554,0.005623,0.00552,0.005535,18809132,0.00598726,0.0064410124,0.0055335076,7.0447371239,15.1572636254,16.8230567754,24.3081608342,17.4280332536,0.005983,-4.8314993122,50114710.9,0.3753215705,-2.6737928801,0.0060513136,1,0.0060765327,0.0001859999"
2026-06-12T01:00:00.000-03:00,"CSV=1781236800000,0.005535,0.005591,0.005481,0.005507,26314610,0.00597342,0.0064310399,0.0055158001,7.1157999063,15.3218736861,16.198173671,24.7221871029,17.654880284,0.005983,-1.8535020495,44399550.5,0.5926773966,-2.1487048432,0.0060513136,1,0.0060708657,0.0001783999"
2026-06-12T02:00:00.000-03:00,"CSV=1781240400000,0.005507,0.005517,0.005371,0.005396,45985334,0.00595142,0.0064098286,0.0054930114,7.1516520667,15.405017377,15.3854774438,27.2619122789,18.3344199953,0.005983,-3.9002671416,44548551.6,1.0322520564,-2.774489488,0.0059694798,1,0.0060641506,0.0001751599"
2026-06-12T03:00:00.000-03:00,"CSV=1781244000000,0.005402,0.005456,0.005205,0.005362,74817137,0.00593018,0.0063907981,0.0054695619,7.2075206617,15.5347086598,14.0839021927,30.5505229468,19.5716052338,0.005983,-3.8895859473,46811250.3,1.5982725631,-3.9218658258,0.0058787318,1,0.006057164,0.0001827439"
2026-06-12T04:00:00.000-03:00,"CSV=1781247600000,0.005366,0.005493,0.005361,0.005418,37239930,0.00590348,0.006354215,0.005452745,7.0934806213,15.2701460969,14.7184442873,29.1605160879,20.4610603538,0.005983,0.8938547486,42609166.5,0.8739886991,-2.3541709009,0.0058787318,1,0.0060508042,0.0001776695"
2026-06-12T05:00:00.000-03:00,"CSV=1781251200000,0.005419,0.005474,0.005368,0.005474,24641069,0.00587638,0.006311104,0.005441656,6.888240146,14.7956394698,14.163973638,28.0619862452,21.2912184659,0.005957,-0.7794090991,40633166.7,0.6064274828,-1.7269989666,0.0058787318,1,0.0060450649,0.0001705026"
2026-06-12T06:00:00.000-03:00,"CSV=1781254800000,0.005475,0.005526,0.00544,0.005493,24543926,0.0058475,0.0062580998,0.0054369002,6.5610940913,14.0436021322,15.6321228616,27.1721770317,21.6691395584,0.005957,-2.1901709402,38658719,0.6348872036,-1.6148364789,0.0058787318,1,0.0060395717,0.0001620523"
2026-06-12T07:00:00.000-03:00,"CSV=1781258400000,0.005495,0.005542,0.005409,0.005445,29308213,0.00581632,0.0061959386,0.0054367014,6.1268944781,13.053567247,14.8518005713,26.9792990533,22.1573025365,0.005914,-2.7852169255,35170438.4,0.8333195244,-1.8502162005,0.0058787318,1,0.0060336555,0.0001591471"
2026-06-12T08:00:00.000-03:00,"CSV=1781262000000,0.005447,0.005567,0.005411,0.005509,29758133,0.0057947,0.0061601588,0.0054292412,5.9326205307,12.6135554411,14.9210916569,25.3867274957,22.4111011684,0.005914,0.6945713763,33967888.3,0.8760666173,-1.0306472016,0.0058787318,1,0.0060284351,0.0001588324"
2026-06-12T09:00:00.000-03:00,"CSV=1781265600000,0.005508,0.005569,0.005491,0.005532,30446205,0.00577768,0.0061350716,0.0054202884,5.8253864354,12.3714581136,14.5423062706,24.6085345791,22.6311209227,0.005826,-0.37817396,34186368.9,0.8905948768,-0.7993647315,0.0058787318,1,0.0060234954,0.0001507491"
2026-06-12T10:00:00.000-03:00,"CSV=1781269200000,0.005526,0.005564,0.005412,0.005474,33286232,0.00576172,0.0061144684,0.0054089716,5.7690773338,12.2445523626,13.6675568761,26.2546041657,23.2243110468,0.005826,-1.1020776874,35634078.9,0.9341123168,-0.8760646017,0.0058787318,1,0.0060180278,0.0001508742"
2026-06-12T11:00:00.000-03:00,"CSV=1781272800000,0.005477,0.005549,0.005445,0.005541,19086569,0.0057429,0.0060815378,0.0054042622,5.5682916045,11.793266688,13.0903205933,25.1457658963,23.7779551626,0.005768,0.6173960414,34911274.8,0.5467164722,-0.4715295392,0.0058787318,1,0.0060132813,0.0001461868"
2026-06-12T12:00:00.000-03:00,"CSV=1781276400000,0.005542,0.005555,0.005442,0.005453,27700094,0.00572368,0.0060507571,0.0053966029,5.4055572791,11.4289108823,12.7257019481,23.9673694363,24.2352268548,0.005768,1.0563380282,33082750.8,0.8372971815,-0.0195300749,0.0058787318,1,0.0060077063,0.0001428681"
2026-06-12T13:00:00.000-03:00,"CSV=1781280000000,0.005454,0.005545,0.005376,0.005487,38019127,0.00570142,0.0060051395,0.0053977005,5.0576601127,10.6541720347,11.836840936,25.0210838063,25.0042412481,0.005768,2.3312196941,29402949.8,1.2930378502,0.9917650506,0.0058787318,1,0.0060025252,0.0001454813"
2026-06-12T14:00:00.000-03:00,"CSV=1781283600000,0.005489,0.005536,0.005452,0.005467,17594599,0.00568302,0.0059721664,0.0053938736,4.8415668929,10.1758020489,11.4123362639,24.1237525814,25.7219880151,0.005768,0.9043927649,27438416.7,0.6412395873,0.8544875148,0.0058787318,1,0.0059971966,0.0001393332"
2026-06-12T15:00:00.000-03:00,"CSV=1781287200000,0.005466,0.005569,0.00539,0.005554,32165444,0.00566342,0.0059262338,0.0054006062,4.4347521702,9.2810980369,10.5486049603,24.9194275164,26.708367228,0.005768,1.4614541469,28190854.2,1.140988626,1.1254925296,0.0058787318,1,0.0059927867,0.0001432999"
2026-06-12T16:00:00.000-03:00,"CSV=1781290800000,0.005555,0.005648,0.005528,0.005588,30897962,0.00564208,0.0058635858,0.0054205742,3.777651395,7.8519209929,13.3990388158,23.6346029013,26.7703798633,0.005768,1.7294738758,28826257.8,1.0718686489,1.3682512952,0.0058787318,1,0.0059887589,0.0001409699"
2026-06-12T17:00:00.000-03:00,"CSV=1781294400000,0.005587,0.0058,0.005571,0.005571,61288657,0.00562246,0.0058019645,0.0054429555,3.0938564651,6.385263828,18.4512236041,21.380653218,25.4759869072,0.0058,2.3140495868,32024302.2,1.9138170948,2.3883900826,0.0058787318,1,0.0059846021,0.0001497729"
2026-06-12T18:00:00.000-03:00,"CSV=1781298000000,0.005576,0.005619,0.005509,0.005524,26630546,0.00560578,0.0057517839,0.0054597761,2.5384103168,5.2090476362,17.5879820332,23.0173341217,24.6689902864,0.0058,0.2722817208,31711543.5,0.839774513,1.6684784716,0.0058787318,1,0.005980019,0.0001457956"
2026-06-12T19:00:00.000-03:00,"CSV=1781301600000,0.005523,0.005541,0.005313,0.00535,38465166,0.00559172,0.005727469,0.005455971,2.3701400761,4.8553589607,15.9325966322,28.9419763983,24.9570934107,0.0058,-3.2899493854,32513439.6,1.1830543453,-0.1850773244,0.0058787318,1,0.0059737502,0.000154016"
2026-06-12T20:00:00.000-03:00,"CSV=1781305200000,0.00535,0.00544,0.005336,0.005423,19136077,0.00558822,0.0057260028,0.0054504372,2.4062644597,4.9311863028,15.2319480107,27.6692299442,25.2259896601,0.0058,-0.9316770186,31098424.1,0.6153391226,-0.3144839893,0.0058350433,1,0.0059682701,0.0001490144"
2026-06-12T21:00:00.000-03:00,"CSV=1781308800000,0.00542,0.005613,0.005418,0.005576,29507702,0.00558774,0.0057255227,0.0054499573,2.4064650016,4.9316074094,21.1970316612,25.4232338419,24.1486010905,0.0058,0.6316549359,32140537.4,0.9180836534,-0.0163519691,0.0058350433,1,0.0059643669,0.000153613"
2026-06-12T22:00:00.000-03:00,"CSV=1781312400000,0.005578,0.005579,0.005478,0.005507,19000253,0.00558812,0.0057256531,0.0054505869,2.4020503727,4.9223377784,20.2833365359,24.3273688547,23.1430384256,0.0058,0.9902805795,31270553.3,0.6076084685,0.1896663094,0.0058350433,1,0.005959816,0.0001483517"
2026-06-12T23:00:00.000-03:00,"CSV=1781316000000,0.005506,0.005606,0.005479,0.005568,22159238,0.00558694,0.0057243875,0.0054494925,2.4010866501,4.9203143102,20.3369323954,22.9921530287,22.0087047274,0.0058,1.4762165118,29684564.4,0.7464902534,0.4937712855,0.0058350433,1,0.0059559173,0.0001462165"
2026-06-13T00:00:00.000-03:00,"CSV=1781319600000,0.005566,0.005594,0.005364,0.005392,26849154,0.00558092,0.0057201703,0.0054416697,2.4343725638,4.9902258157,18.379538327,25.591610923,21.6349129951,0.0058,-1.3718675691,30610019.9,0.8771361171,-0.0719240072,0.0058350433,1,0.0059503062,0.0001545949"
2026-06-13T01:00:00.000-03:00,"CSV=1781323200000,0.005392,0.005418,0.00528,0.005412,44712450,0.0055749,0.0057148149,0.0054349851,2.4482834568,5.0194574601,17.3085889071,27.6472068806,21.7257386099,0.0058,-2.5567158804,31864720.5,1.4031960519,-1.2438072146,0.0058078062,1,0.0059449499,0.0001529354"
2026-06-13T02:00:00.000-03:00,"CSV=1781326800000,0.005412,0.005482,0.005217,0.00528,44272362,0.00556398,0.0057051721,0.0054227879,2.4748094147,5.0752208734,18.0410702484,24.6875439152,21.3143619232,0.0058,-5.5118110236,33202160.5,1.3334181069,-3.27905435,0.0058078062,1,0.0059383335,0.0001641418"
2026-06-13T03:00:00.000-03:00,"CSV=1781330400000,0.005277,0.005298,0.005006,0.00516,111761312,0.00555316,0.0057038473,0.0054024727,2.6418532315,5.4270820044,16.0168063841,30.025351321,21.9217694262,0.0058,-7.3774905762,38249426,2.9219082137,-9.3714863371,0.005682783,1,0.0059305889,0.0001769277"
2026-06-13T04:00:00.000-03:00,"CSV=1781334000000,0.005161,0.005204,0.00511,0.005191,24355079,0.00554264,0.005699746,0.005385534,2.7563692651,5.6689970217,15.4200476736,28.9066582741,22.4886830956,0.0058,-6.0282404055,38021879.3,0.6405543189,-7.5347960339,0.0056629047,1,0.0059232298,0.0001686349"
2026-06-13T05:00:00.000-03:00,"CSV=1781337600000,0.00519,0.005253,0.005166,0.005207,18732557,0.0055325,0.005694504,0.005370496,2.8449182222,5.8564475891,16.877395759,27.8767018433,22.6279178551,0.0058,-2.6728971963,36048618.4,0.5196470165,-5.4861850404,0.0056629047,1,0.0059161031,0.0001604714"
2026-06-13T06:00:00.000-03:00,"CSV=1781341200000,0.005207,0.005225,0.005117,0.005162,22708768,0.00552218,0.0056908833,0.0053534767,2.9644476187,6.1100236892,16.1137611326,28.6682203465,22.9883647954,0.0058,-4.8128342246,36405887.5,0.623766362,-4.6581513919,0.0056366728,1,0.0059085996,0.0001552243"
2026-06-13T07:00:00.000-03:00,"CSV=1781344800000,0.005162,0.005193,0.005101,0.005168,27292511,0.00551112,0.0056844888,0.0053377512,3.0498575946,6.2916000307,15.4747179361,28.2209978522,23.400510368,0.0058,-7.3170731707,36184368.4,0.7542624677,-4.9450988165,0.0055937055,1,0.0059012305,0.0001489018"
2026-06-13T08:00:00.000-03:00,"CSV=1781348400000,0.005172,0.005264,0.00516,0.005186,26348298,0.00550382,0.0056829448,0.0053246952,3.1519721401,6.5091096014,17.8943857757,26.9275785698,23.1840427439,0.0058,-5.8289449791,36919172.9,0.7136751972,-4.6833903635,0.0055937055,1,0.0058941137,0.0001444117"
2026-06-13T09:00:00.000-03:00,"CSV=1781352000000,0.005187,0.005277,0.005169,0.005188,29831377,0.00549376,0.0056761843,0.0053113357,3.2138542875,6.6411453082,17.6101875407,25.6210539553,22.8737913265,0.0058,-6.8247126437,37686386.8,0.7915690395,-4.9230039863,0.0055937055,1,0.0058870877,0.0001407705"
2026-06-13T10:00:00.000-03:00,"CSV=1781355600000,0.005185,0.005339,0.005169,0.005275,26379981,0.00548118,0.0056564271,0.0053059329,3.0981943401,6.3945028041,19.0367831097,23.6830844161,22.0739523845,0.0058,-2.1698813056,37639469.5,0.7008595326,-3.7889299901,0.0055937055,1,0.0058809973,0.0001436934"
2026-06-13T11:00:00.000-03:00,"CSV=1781359200000,0.005275,0.005626,0.005249,0.005554,57935633,0.00547752,0.005649262,0.005305778,3.0400792607,6.2707956803,27.7341822042,20.0751093517,21.6703589537,0.0058,2.6237989653,38961787.8,1.4869860002,-1.2254358839,0.0055937055,1,0.0058777436,0.0001670241"
2026-06-13T12:00:00.000-03:00,"CSV=1781362800000,0.005559,0.005719,0.00544,0.0055,112792582,0.0054706,0.0056341298,0.0053070702,2.9024857289,5.9784964646,28.3376402598,17.9114802274,21.7285668512,0.0058,4.1666666667,45813809.8,2.4619777856,2.6024563352,0.0055937055,1,0.005873985,0.0001782217"
2026-06-13T13:00:00.000-03:00,"CSV=1781366400000,0.005503,0.005609,0.005397,0.005511,63549966,0.00546374,0.0056179725,0.0053095075,2.7453414253,5.6456759308,26.0517436852,18.1027838082,21.4801685946,0.005719,6.8023255814,40992675.2,1.5502761332,5.2501318899,0.0055937055,1,0.0058703732,0.0001815995"
2026-06-13T14:00:00.000-03:00,"CSV=1781370000000,0.005515,0.00559,0.005467,0.005525,22493209,0.00545768,0.005603187,0.005312173,2.5968620236,5.332193762,24.8077648139,17.2383702457,21.2483302218,0.005719,6.4342130611,40806488.2,0.5512164852,4.6823026962,0.0055937055,1,0.0058669366,0.0001757396"
2026-06-13T15:00:00.000-03:00,"CSV=1781373600000,0.005525,0.005641,0.005496,0.005607,22694998,0.00545642,0.0056003472,0.0053124928,2.5699695174,5.2755182456,25.3973184517,16.2578311161,21.294497159,0.005719,7.6819665834,41202732.3,0.5508129372,4.5319773233,0.0050505032,-1,0.0058643502,0.0001726656"
2026-06-13T16:00:00.000-03:00,"CSV=1781377200000,0.005608,0.005623,0.005497,0.005616,19117342,0.00545242,0.0055888839,0.0053159561,2.4417026654,5.0056278803,24.11996478,15.440146355,21.3375863004,0.005719,8.7950406819,40843589.7,0.4680622379,4.3935270236,0.0050560029,-1,0.005861879,0.000167999"
2026-06-13T17:00:00.000-03:00,"CSV=1781380800000,0.00562,0.005622,0.00548,0.005535,19061841,0.0054509,0.0055860056,0.0053157944,2.4186446346,4.957185982,22.7390207502,15.2415743651,21.2310940468,0.005719,7.1013931889,40020522.7,0.4763016501,4.056486447,0.0050560029,-1,0.0058586265,0.0001653991"
2026-06-13T18:00:00.000-03:00,"CSV=1781384400000,0.005533,0.005599,0.005468,0.005592,12535283,0.00545044,0.0055850243,0.0053158557,2.4097347821,4.9384736823,21.5211238398,14.9158629445,21.024214511,0.005719,7.8287697648,38639221.2,0.3244186247,3.5509238713,0.0050560029,-1,0.0058559735,0.0001619592"
2026-06-13T19:00:00.000-03:00,"CSV=1781388000000,0.005594,0.005596,0.00548,0.005516,12794589,0.00544918,0.0055828466,0.0053155134,2.394236569,4.9059327746,20.480419112,14.1945711941,20.8311269443,0.005719,6.3222821897,36935542.4,0.3464031707,3.0973021131,0.0050659101,-1,0.0058525907,0.0001573633"
2026-06-13T20:00:00.000-03:00,"CSV=1781391600000,0.005517,0.005517,0.005433,0.005452,9102844,0.00545082,0.0055840072,0.0053176328,2.3851543442,4.8868680336,19.7398083263,15.7046127672,20.2013565996,0.005719,3.355450237,35207828.7,0.2585460205,2.3540475106,0.0050659101,-1,0.0058486047,0.000150027"
2026-06-13T21:00:00.000-03:00,"CSV=1781395200000,0.005454,0.005562,0.005431,0.005514,17786014,0.00545076,0.005583918,0.005317602,2.3846703083,4.8858520805,20.572371122,14.8097544412,19.9403862829,0.005719,-0.7202016565,31192866.8,0.5701949139,1.4324798999,0.0050659101,-1,0.0058452753,0.0001481243"
2026-06-13T22:00:00.000-03:00,"CSV=1781398800000,0.00552,0.005561,0.0055,0.005552,10172878,0.00544948,0.0055813448,0.0053176152,2.3625993373,4.8395375568,20.0037025825,14.4003781287,19.6968139874,0.005719,0.9454545455,20930896.4,0.4860220893,1.1081571978,0.0051122644,-1,0.0058423571,0.0001394119"
2026-06-13T23:00:00.000-03:00,"CSV=1781402400000,0.005555,0.005565,0.00548,0.005537,10709172,0.0054482,0.0055788932,0.0053175068,2.3426372085,4.7976663336,19.2108827816,14.7621950774,19.2566760137,0.005719,0.4717837053,15646817,0.6844313447,0.8464059838,0.005120588,-1,0.0058393188,0.0001339707"
2026-06-14T00:00:00.000-03:00,"CSV=1781406000000,0.005535,0.005559,0.005348,0.005416,33813954,0.0054471,0.0055778282,0.0053163718,2.3437106606,4.7999174992,17.3789314851,19.3201252117,18.3255304234,0.005719,-1.9728506787,16778891.5,2.0152674567,-0.7610032674,0.005120588,-1,0.0058351066,0.0001416736"
2026-06-14T01:00:00.000-03:00,"CSV=1781409600000,0.005414,0.00543,0.005369,0.005374,19143589,0.00544352,0.0055737491,0.0053132909,2.3364716341,4.7847372979,16.8803249046,18.7658252206,17.4564612058,0.005719,-4.1555198859,16423750.6,1.165603976,-2.121899012,0.005120588,-1,0.0058305185,0.0001336062"
2026-06-14T02:00:00.000-03:00,"CSV=1781413200000,0.005373,0.005408,0.005346,0.005393,9979369,0.00544068,0.0055704306,0.0053109294,2.3292741093,4.7696463562,16.3689027001,19.3211968967,16.8441655028,0.005719,-3.9707977208,15509953.3,0.6434170888,-2.2662257113,0.005120588,-1,0.0058261651,0.0001264456"
2026-06-14T03:00:00.000-03:00,"CSV=1781416800000,0.005395,0.005457,0.005339,0.005383,18587506,0.0054382,0.0055678443,0.0053085557,2.32844663,4.7679115354,17.8326567281,18.1969762721,15.7886322294,0.005719,-2.7461607949,15462519.8,1.2021007081,-2.6112044195,0.005120588,-1,0.0058217555,0.0001256011"
2026-06-14T04:00:00.000-03:00,"CSV=1781420400000,0.005383,0.005389,0.005228,0.005233,18716659,0.00543494,0.0055676183,0.0053022617,2.3830354677,4.8824207536,16.4347217552,22.175137196,15.7272397591,0.005719,-6.4198855508,16080657.4,1.1639237461,-4.2315553595,0.005120588,-1,0.0058158972,0.0001291409"
2026-06-14T05:00:00.000-03:00,"CSV=1781424000000,0.005234,0.005284,0.0052,0.005249,16788550,0.00543268,0.0055675262,0.0052978338,2.4220128466,4.9642607258,15.7447621605,22.6435786213,15.8768320656,0.005719,-4.8404641044,16480053.5,1.018719387,-4.4647284482,0.005120588,-1,0.0058102565,0.0001246269"
2026-06-14T06:00:00.000-03:00,"CSV=1781427600000,0.005249,0.005353,0.005211,0.005291,18579716,0.00543014,0.0055664272,0.0052938528,2.448378347,5.0196568864,18.0658878963,21.043464952,15.325940956,0.005719,-2.9530447542,17427740.7,1.0661000941,-4.0258993956,0.005120588,-1,0.0058050897,0.0001263642"
2026-06-14T07:00:00.000-03:00,"CSV=1781431200000,0.005291,0.00541,0.005279,0.005283,31044070,0.00542632,0.005563994,0.005288646,2.4743740906,5.0743054814,19.7271649042,19.6695898604,14.3139543316,0.005719,-4.189336235,18753546.3,1.6553706432,-4.9955676696,0.005120588,-1,0.0057998948,0.0001268278"
2026-06-14T08:00:00.000-03:00,"CSV=1781434800000,0.005284,0.005292,0.005181,0.005218,23757503,0.00542082,0.005561187,0.005280453,2.5240482802,5.1788122827,18.6233345071,23.5091382952,14.1327767187,0.005641,-6.0158501441,20112008.8,1.1812595766,-5.6991386445,0.005120588,-1,0.0057941048,0.000125245"
2026-06-14T09:00:00.000-03:00,"CSV=1781438400000,0.005218,0.00525,0.005119,0.005129,24305417,0.0054145,0.0055606316,0.0052683684,2.6279679859,5.3977881154,17.392734053,25.0830671008,14.3976056119,0.005641,-7.3686111613,21471633.3,1.1319780224,-6.579794393,0.005120588,-1,0.0057874869,0.0001258205"
2026-06-14T10:00:00.000-03:00,"CSV=1781442000000,0.005129,0.005141,0.005032,0.005099,39522358,0.0054063,0.0055582849,0.0052543151,2.7343848558,5.6225107954,16.4251527456,28.1279627286,15.1889050265,0.005641,-5.853028065,22042473.7,1.7930091939,-7.8847073062,0.0054589153,1,0.0057806362,0.0001241384"
2026-06-14T11:00:00.000-03:00,"CSV=1781445600000,0.005096,0.00512,0.005033,0.005088,23656591,0.00539742,0.0055546804,0.0052401596,2.8311337496,5.8272445874,15.6792193891,26.8505569123,15.9274511468,0.005623,-5.3219203573,22493773.9,1.0516950648,-7.1221506625,0.0054377738,1,0.0057737443,0.0001204246"
2026-06-14T12:00:00.000-03:00,"CSV=1781449200000,0.005085,0.005144,0.005078,0.005119,21831588,0.00539032,0.0055519167,0.0052287233,2.9106472809,5.9958114857,16.4155612856,25.8947073941,16.3592137457,0.005622,-5.080660115,23678995.8,0.9219811594,-6.3095247427,0.0054377738,1,0.0057672295,0.0001149821"
2026-06-14T13:00:00.000-03:00,"CSV=1781452800000,0.005117,0.005174,0.005094,0.005112,16268340,0.00538174,0.0055464671,0.0052170129,2.9699471932,6.1217058165,17.3472684239,24.7504377245,16.4409783859,0.005599,-5.0343674531,23447079.2,0.6938322621,-5.3706853478,0.0054377738,1,0.0057607098,0.0001114839"
2026-06-14T14:00:00.000-03:00,"CSV=1781456400000,0.005113,0.005167,0.005064,0.005084,11764003,0.00537436,0.0055439241,0.0052047959,3.0585577149,6.3101139055,16.350576564,25.0018490753,16.7396354572,0.005596,-2.8473151156,22751813.6,0.5170578138,-4.0711990748,0.0054377738,1,0.0057539763,0.0001106355"
2026-06-14T15:00:00.000-03:00,"CSV=1781460000000,0.005084,0.005101,0.005023,0.005091,18540970,0.00536644,0.0055397645,0.0051931155,3.1287332804,6.4595692538,15.6223015173,26.2295061777,17.313304763,0.005565,-3.0100971614,22927055.6,0.8086938996,-3.5255484538,0.0053841159,1,0.0057473796,0.000107372"
2026-06-14T16:00:00.000-03:00,"CSV=1781463600000,0.005093,0.005124,0.00506,0.005084,12983099,0.00535878,0.0055359124,0.0051816476,3.1996968054,6.6109231063,16.3878113916,25.2411355253,17.5768998183,0.005565,-3.9123039123,22367393.9,0.5804475505,-3.1073280434,0.0053841159,1,0.0057407788,0.0001030348"
2026-06-14T17:00:00.000-03:00,"CSV=1781467200000,0.005085,0.005147,0.00505,0.005132,13821971,0.00535034,0.0055280224,0.0051726576,3.2142121999,6.6419094642,16.8101022802,23.785675757,17.5506399842,0.005565,-2.8582244937,20645184,0.6695009839,-2.7094133991,0.0053841159,1,0.0057347213,0.0001024313"
2026-06-14T18:00:00.000-03:00,"CSV=1781470800000,0.005132,0.005415,0.00512,0.005374,30210857,0.00534606,0.0055205142,0.0051716058,3.1601072249,6.526457505,28.520706668,20.0234581902,17.5475413448,0.005565,2.9896512074,21290519.4,1.4189816806,-0.3921888345,0.0053841159,1,0.005731132,0.0001216882"
2026-06-14T19:00:00.000-03:00,"CSV=1781474400000,0.005377,0.00538,0.005271,0.005319,20547145,0.00534102,0.0055125179,0.0051695221,3.1110634208,6.4219167444,26.8400484138,18.8435228303,17.5446492812,0.005559,3.704425814,20914692.2,0.9824263634,0.951649304,0.0053841159,1,0.0057270312,0.0001204194"
2026-06-14T20:00:00.000-03:00,"CSV=1781478000000,0.005317,0.005317,0.005258,0.005285,19797749,0.00533624,0.0055058921,0.0051665879,3.0812820308,6.3584869782,25.9240625895,18.9277480725,17.4149215776,0.005457,3.6477740733,18942231.3,1.0451645683,1.9052742743,0.0053841159,1,0.0057226329,0.0001144774"
2026-06-14T21:00:00.000-03:00,"CSV=1781481600000,0.005285,0.005397,0.005269,0.005374,22229490,0.00533672,0.0055064443,0.0051669957,3.0822840276,6.3606204431,28.5304479948,17.5789649702,17.8373320616,0.005457,5.6210691824,18799521.2,1.1824497956,3.4857268847,0.0053841159,1,0.0057191639,0.0001158297"
2026-06-14T22:00:00.000-03:00,"CSV=1781485200000,0.005376,0.005388,0.005318,0.005372,11409788,0.0053357,0.0055050555,0.0051663445,3.0763634121,6.3480148299,27.3869431131,16.8743972654,18.2315818466,0.005457,4.9423715569,17757341.2,0.6425392108,3.382373763,0.0053841159,1,0.0057157095,0.0001112467"
2026-06-14T23:00:00.000-03:00,"CSV=1781488800000,0.005373,0.005497,0.005355,0.005454,37104113,0.00533326,0.0054999944,0.0051665256,3.0315372227,6.2526251028,31.3433709042,15.5222109372,19.2667157722,0.005497,6.6901408451,19840918.5,1.8700804098,6.4252829531,0.0050830339,-1,0.0057131054,0.000114322"
2026-06-15T00:00:00.000-03:00,"CSV=1781492400000,0.005457,0.005559,0.005427,0.005455,28505596,0.00533222,0.005498027,0.005166413,3.0157551113,6.2190618997,32.4983300854,14.3749470213,20.559910609,0.005559,7.2974036192,21515077.8,1.3249125225,7.5063291144,0.0051447305,-1,0.0057105372,0.0001160898"
2026-06-15T01:00:00.000-03:00,"CSV=1781496000000,0.005448,0.005452,0.005357,0.005376,24783653,0.00532838,0.0054908722,0.0051658878,2.9593149447,6.0991221219,30.6937542687,17.5430356766,21.0067725308,0.005559,5.5981143194,22139346.1,1.1194392503,7.0931357085,0.0051447305,-1,0.0057072085,0.0001142808"
2026-06-15T02:00:00.000-03:00,"CSV=1781499600000,0.005372,0.00541,0.005332,0.005372,16914204,0.00532798,0.0054903397,0.0051656203,2.9571879203,6.0946047563,29.3060310848,18.1989811721,21.1650407491,0.005559,5.6648308419,22532456.6,0.7506595619,6.146210285,0.0051447305,-1,0.0057038731,0.0001106528"
2026-06-15T03:00:00.000-03:00,"CSV=1781503200000,0.005366,0.00546,0.005348,0.00542,16902463,0.00532814,0.0054905863,0.0051656937,2.9586330343,6.0976738618,30.3034351223,17.0154418119,21.6261581632,0.005559,5.611847233,22840505.8,0.7400213965,5.4817691989,0.0051447305,-1,0.0057010485,0.0001107875"
2026-06-15T04:00:00.000-03:00,"CSV=1781506800000,0.005422,0.005464,0.005375,0.005386,12266733,0.00533026,0.0054927559,0.0051677641,2.9583671235,6.0971091187,28.9493737251,16.1227336283,22.0816172122,0.005559,0.2232973576,21046093.4,0.5828508297,3.697895816,0.0051447305,-1,0.0056979137,0.0001086087"
2026-06-15T05:00:00.000-03:00,"CSV=1781510400000,0.005383,0.005441,0.005367,0.005406,19099223,0.00533518,0.0054961634,0.0051741966,2.9290147698,6.0347894129,27.6567493077,15.8855498743,22.4117721256,0.005559,1.6356457981,20901301.2,0.9137815305,2.9634715176,0.0051447305,-1,0.0056950091,0.0001051479"
2026-06-15T06:00:00.000-03:00,"CSV=1781514000000,0.005407,0.005464,0.00538,0.005421,17103592,0.00533978,0.0054998614,0.0051796986,2.9106440905,5.9958047166,27.6425434679,15.0673116864,22.8805470502,0.005559,2.573320719,20631885.5,0.8289883152,2.6867319475,0.0051447305,-1,0.0056922826,0.0001030331"
2026-06-15T07:00:00.000-03:00,"CSV=1781517600000,0.005419,0.00545,0.005341,0.005385,15952112,0.00534334,0.005502405,0.005184275,2.8908262843,5.9537655892,25.7952826507,16.4514606753,22.829661233,0.005559,0.2046892445,20004147.7,0.7974402229,1.8455637772,0.0051447305,-1,0.0056892251,0.0001036298"
2026-06-15T08:00:00.000-03:00,"CSV=1781521200000,0.00538,0.005543,0.005366,0.005478,27965833,0.00534966,0.0055076686,0.0051916514,2.8688828373,5.9072373944,28.5812003084,14.7379129812,23.4381194422,0.005559,1.973194341,21659752.2,1.2911427953,2.0796010705,0.0051447305,-1,0.0056871233,0.0001109668"
2026-06-15T09:00:00.000-03:00,"CSV=1781524800000,0.00548,0.005587,0.00541,0.005555,25716034,0.0053574,0.0055157985,0.0051990015,2.8717235642,5.9132595976,28.2074896959,13.2583163498,24.2790321035,0.005587,1.8518518519,20520944.3,1.2531603626,2.1599564931,0.0051457897,-1,0.0056858087,0.0001175701"
2026-06-15T10:00:00.000-03:00,"CSV=1781528400000,0.00556,0.005611,0.00552,0.005567,19280217,0.00536502,0.0055241523,0.0052058877,2.8806651953,5.9322177218,28.1113884516,12.5635313659,25.2087418232,0.005611,2.0531622365,19598406.4,0.9837645269,2.1132470541,0.0052207607,-1,0.0056846265,0.0001149131"
2026-06-15T11:00:00.000-03:00,"CSV=1781532000000,0.005567,0.005643,0.005509,0.005532,31329631,0.0053719,0.0055306661,0.0052131339,2.8706514643,5.9109867565,27.7883077044,11.6041281048,26.2671247386,0.005643,2.9017857143,20253004.2,1.5469127785,2.90510117,0.0052255346,-1,0.0056831078,0.0001168218"
2026-06-15T12:00:00.000-03:00,"CSV=1781535600000,0.005526,0.005537,0.005445,0.00552,15330456,0.0053768,0.005536279,0.005217321,2.8806175784,5.9321167547,26.3103489237,14.6868671388,26.4061084688,0.005643,2.7550260611,20094629.4,0.7629130996,2.6373492706,0.0052255346,-1,0.0056814848,0.0001143396"
2026-06-15T13:00:00.000-03:00,"CSV=1781539200000,0.00552,0.005591,0.005496,0.005536,19624767,0.00537644,0.0055355385,0.0052173415,2.8741283393,5.9183578797,28.0071041539,13.870667168,26.8961293349,0.005643,2.1402214022,20366859.8,0.9635637105,2.4456460722,0.0052255346,-1,0.0056800372,0.0001124057"
2026-06-15T14:00:00.000-03:00,"CSV=1781542800000,0.005525,0.005832,0.005503,0.005634,92988222,0.00537912,0.0055413746,0.0052168654,2.9280563566,6.0327551849,35.7419816388,11.4994107846,28.5241458203,0.005832,4.6045302636,28439008.7,3.2697420287,6.6489727566,0.0052653047,-1,0.0056795792,0.0001340651"
2026-06-15T15:00:00.000-03:00,"CSV=1781546400000,0.005638,0.005797,0.005569,0.005592,48359731,0.00538074,0.0055446986,0.0052167814,2.9570341165,6.0942781159,31.7160826378,10.2041421882,30.0436278733,0.005832,3.4406215316,31365059.5,1.5418345054,6.2009381702,0.0052653047,-1,0.0056787077,0.0001434586"
2026-06-15T16:00:00.000-03:00,"CSV=1781550000000,0.005597,0.005629,0.005455,0.005486,28567092,0.00537996,0.0055433222,0.0052165978,2.9470083902,6.0729882537,29.041359607,14.8688803275,30.1924542361,0.005832,1.1990407674,32511409.5,0.8786789758,4.4851494179,0.0052653047,-1,0.0056767902,0.0001465127"
2026-06-15T17:00:00.000-03:00,"CSV=1781553600000,0.005494,0.005516,0.005443,0.005471,9731624,0.00537724,0.0055379093,0.0052165707,2.9012626711,5.9759019548,27.9806560984,14.9262036949,30.2079635505,0.005832,1.5970287837,31889360.7,0.3051683629,3.1525538318,0.0052653047,-1,0.0056747426,0.0001391614"
2026-06-15T18:00:00.000-03:00,"CSV=1781557200000,0.005469,0.005556,0.0054,0.005547,17178629,0.00537586,0.0055347592,0.0052169608,2.8709327441,5.911583062,25.821319003,15.9015019059,29.7791338953,0.005832,1.2595837897,30810640.3,0.5575550794,2.3357983345,0.0052653047,-1,0.0056734715,0.0001408453"
2026-06-15T19:00:00.000-03:00,"CSV=1781560800000,0.005538,0.005547,0.005363,0.005436,25657071,0.00537388,0.0055313947,0.0052163653,2.8476480513,5.8622318331,23.5268471673,16.2753514198,29.0084471114,0.005832,-2.1422142214,30804744,0.8328934985,0.9624534572,0.0052653047,-1,0.0056711086,0.0001451608"
2026-06-15T20:00:00.000-03:00,"CSV=1781564400000,0.005431,0.0056,0.005429,0.005582,21936042,0.00537368,0.0055309237,0.0052164363,2.8429914683,5.8523651794,24.1338478664,14.9523640973,28.6405732504,0.005832,0.2694449434,31070326.5,0.7060126002,0.7050461465,0.0052653047,-1,0.0056702219,0.0001477447"
2026-06-15T21:00:00.000-03:00,"CSV=1781568000000,0.005586,0.005646,0.005514,0.005577,21964188,0.0053749,0.0055334742,0.0052163258,2.8657254578,5.9005443162,24.808819598,14.0104354903,28.5856738488,0.005832,0.8134490239,30133782.2,0.7288891867,0.6676688301,0.0052653047,-1,0.0056692944,0.0001461702"
2026-06-15T22:00:00.000-03:00,"CSV=1781571600000,0.005581,0.00577,0.00557,0.005674,28610485,0.00537934,0.005543036,0.005215644,2.9531832701,6.0861002342,28.2593139424,12.7105862277,29.2100681253,0.005832,2.7898550725,31461785.1,0.9093725899,1.290785131,0.0052653047,-1,0.0056693412,0.0001515532"
2026-06-15T23:00:00.000-03:00,"CSV=1781575200000,0.005681,0.005681,0.005427,0.005534,46373038,0.00537974,0.0055437886,0.0052156914,2.9591429104,6.0987567487,25.0916602218,17.5965390425,28.4332522069,0.005832,-0.0361271676,34136612.2,1.3584546038,0.8441643816,0.0052653047,-1,0.0056679945,0.0001617979"
2026-06-16T00:00:00.000-03:00,"CSV=1781578800000,0.005543,0.005695,0.00551,0.005679,17771456,0.00538228,0.00554992,0.00521464,3.0205836636,6.2293294343,23.6820659931,16.1811174073,27.792150893,0.005832,0.7987220447,26614935.6,0.6677249296,0.7405517948,0.0052653047,-1,0.005668104,0.0001641181"
2026-06-16T01:00:00.000-03:00,"CSV=1781582400000,0.005682,0.005718,0.005518,0.005616,39010607,0.00538386,0.0055533132,0.0052144068,3.0513899047,6.2948605487,22.6437896286,14.8020022584,27.3354545176,0.005832,0.4291845494,25680023.2,1.5191032616,0.7110264128,0.0052653047,-1,0.0056675856,0.0001677063"
2026-06-16T02:00:00.000-03:00,"CSV=1781586000000,0.005618,0.00578,0.005555,0.005747,41621677,0.00539048,0.0055673622,0.0052135978,3.1771284131,6.5627642747,23.1013782978,13.4230219456,27.2796462612,0.005832,4.7575647102,26985481.7,1.5423729494,2.9199973131,0.0052653047,-1,0.0056683758,0.0001734357"
2026-06-16T03:00:00.000-03:00,"CSV=1781589600000,0.005754,0.005862,0.005637,0.005653,56194614,0.00539606,0.0055766953,0.0052154247,3.239109357,6.6950796659,24.3123566196,12.2047870653,27.6713932081,0.005862,3.3266313288,31631780.7,1.7765238869,3.9166115483,0.0052653047,-1,0.0056682228,0.0001785921"
2026-06-16T04:00:00.000-03:00,"CSV=1781593200000,0.005648,0.005839,0.005637,0.005792,37562140,0.00540404,0.005592986,0.005215094,3.3782673358,6.9927691062,22.3603081842,11.224860032,28.0370236919,0.005862,4.4168018749,33670131.8,1.1155923067,4.2535244294,0.0052653047,-1,0.0056694544,0.0001809329"
2026-06-16T05:00:00.000-03:00,"CSV=1781596800000,0.005787,0.006215,0.005742,0.006109,121145110,0.00541856,0.0056316804,0.0052054396,3.784312019,7.866309743,31.9392520637,9.3428717537,29.8169872622,0.006215,12.3804267844,43218935.7,2.8030563002,14.4033607185,0.0053480812,-1,0.005673828,0.0002101396"
2026-06-16T06:00:00.000-03:00,"CSV=1781600400000,0.006111,0.006175,0.005945,0.006107,104136540,0.00543604,0.0056682147,0.0052038653,4.0960811403,8.542051647,29.3734624581,8.5923268385,31.4782865945,0.006215,9.4052311,51438985.5,2.0244672205,15.9491011667,0.0054236231,-1,0.0056781381,0.0002121256"
2026-06-16T07:00:00.000-03:00,"CSV=1781604000000,0.006119,0.006135,0.005861,0.006051,64864469,0.00545208,0.0056980711,0.0052060889,4.3170946737,9.0237533214,26.6416928628,10.6443635672,32.2400222137,0.006215,8.4991931146,55729013.6,1.1639263789,13.9302124663,0.0054236231,-1,0.0056818482,0.0002183131"
2026-06-16T08:00:00.000-03:00,"CSV=1781607600000,0.006052,0.006059,0.005801,0.005933,70939087,0.00546492,0.005718797,0.005211043,4.439342173,9.2911502996,24.3564359592,11.7261418238,32.4242779043,0.006215,4.5646810011,59961873.8,1.1830698826,11.0869205163,0.0054236231,-1,0.0056843472,0.0002222818"
2026-06-16T09:00:00.000-03:00,"CSV=1781611200000,0.005931,0.006006,0.005862,0.005982,36988103,0.0054789,0.0057414712,0.0052163288,4.573238205,9.5848127274,23.1680208695,11.1539922733,32.5962498821,0.006215,8.0954101915,59023380.3,0.6266686661,9.0823269796,0.0054236231,-1,0.0056873089,0.0002144536"
2026-06-16T10:00:00.000-03:00,"CSV=1781614800000,0.005986,0.006014,0.005834,0.00598,61886945,0.00549414,0.0057631604,0.0052251196,4.6679326141,9.7929956668,21.7469184438,11.4239796102,32.4978644473,0.006215,5.3002289135,63434929.2,0.9755972897,7.7785143073,0.0054236231,-1,0.0056902213,0.0002110082"
2026-06-16T11:00:00.000-03:00,"CSV=1781618400000,0.005979,0.00629,0.005884,0.006275,149394524,0.00551706,0.005802323,0.005231797,4.9163584203,10.3411235385,27.7155905189,9.949157905,33.4760016459,0.00629,11.7343304843,74473320.9,2.0060139953,13.0320865971,0.0054236231,-1,0.00569604,0.0002305074"
2026-06-16T12:00:00.000-03:00,"CSV=1781622000000,0.006274,0.006327,0.006063,0.006216,111901700,0.0055394,0.0058346131,0.0052441869,5.0596855655,10.6586661224,26.5850288484,9.1281523461,34.5029859309,0.006327,8.1607795371,81501323.2,1.3730047023,12.4229872912,0.00549343,-1,0.0057012137,0.0002338567"
2026-06-16T13:00:00.000-03:00,"CSV=1781625600000,0.006216,0.006254,0.005955,0.006153,82907643,0.0055607,0.0058609531,0.0052604469,5.1229399769,10.7991119784,24.1652202449,11.5850267287,34.5487274951,0.006327,8.8448611357,84172626.1,0.9849715619,11.1859704233,0.00549343,-1,0.0057057091,0.000240371"
2026-06-16T14:00:00.000-03:00,"CSV=1781629200000,0.006151,0.006415,0.006054,0.006387,67689123,0.00558606,0.0059011191,0.0052710009,5.3389725672,11.2801914621,26.3176795568,10.3646403432,35.1447938437,0.006415,10.2727900552,87185324.4,0.7763820742,10.1158502993,0.00549343,-1,0.0057124881,0.0002524339"
2026-06-16T15:00:00.000-03:00,"CSV=1781632800000,0.006392,0.006809,0.006389,0.006755,214280068,0.00561892,0.0059667939,0.0052710461,5.8301641254,12.3822327421,34.1326482293,9.156546941,36.6482025428,0.006809,10.5745621215,96498820.2,2.2205459876,14.5710006959,0.0057908285,-1,0.0057228614,0.0002693905"
2026-06-16T16:00:00.000-03:00,"CSV=1781636400000,0.00676,0.006987,0.006725,0.006975,183683885,0.00565674,0.0060448665,0.0052686135,6.4207615954,13.7226198992,36.5652125823,8.4976785986,38.357338974,0.006987,14.2131979695,104453554.7,1.7585221061,18.0454080732,0.0060500456,-1,0.0057353205,0.0002686515"
2026-06-16T17:00:00.000-03:00,"CSV=1781640000000,0.006972,0.007187,0.006904,0.007149,350037828,0.0056979,0.0061304316,0.0052653684,7.0554834,15.1821401801,39.187072038,7.8444325168,40.2429694708,0.007187,18.1457610312,132970890.6,2.6324395243,27.9528115613,0.0062352411,-1,0.0057493869,0.0002700863"
2026-06-16T18:00:00.000-03:00,"CSV=1781643600000,0.007145,0.007258,0.006919,0.007056,183740966,0.00573734,0.0062008908,0.0052737892,7.4755510982,16.1590826791,37.5487936028,7.1399825561,42.0964878958,0.007258,18.9280296646,144251078.5,1.2737580052,26.6717841436,0.006257567,-1,0.0057623881,0.0002769777"
2026-06-16T19:00:00.000-03:00,"CSV=1781647200000,0.007053,0.00755,0.00701,0.007484,280288673,0.00578438,0.0063004752,0.0052682848,8.1913691579,17.8444424729,39.7449600036,6.1910976147,44.1597030388,0.00755,25.1086593113,168581135.5,1.6626336759,31.6966902714,0.0063701603,-1,0.0057795185,0.0003032799"
2026-06-16T20:00:00.000-03:00,"CSV=1781650800000,0.007482,0.00768,0.007421,0.007672,493626365,0.00583034,0.0064066523,0.0052540277,8.9955295037,19.7694233143,40.4128909385,5.7953099116,46.2101582236,0.00768,28.2943143813,211755077.5,2.3311193801,43.1169350481,0.0066539442,-1,0.0057983492,0.0002988519"
2026-06-16T21:00:00.000-03:00,"CSV=1781654400000,0.007671,0.0084,0.007423,0.008367,1023841035,0.0058913,0.0065635226,0.0052190774,10.2417963395,22.8208585329,47.2465416726,4.6053870606,48.6119070443,0.0084,33.3386454183,299199728.6,3.4219316969,66.7721458616,0.0068114998,-1,0.0058239079,0.0003666667"
2026-06-16T22:00:00.000-03:00,"CSV=1781658000000,0.008362,0.008565,0.007946,0.008384,1186220663,0.00595328,0.0067049187,0.0052016413,11.210258808,25.2512478526,44.7276894562,4.0420103734,50.9327193512,0.008565,34.8777348777,406631624.9,2.9171874256,78.4297271137,0.0070797998,-1,0.0058493814,0.0003919001"
2026-06-16T23:00:00.000-03:00,"CSV=1781661600000,0.008381,0.008546,0.00821,0.008434,765884764,0.00601448,0.0068376346,0.0051913254,12.0385870992,27.3724277549,41.7568938521,3.7735416285,53.0988108378,0.008565,37.0713473103,474929337,1.6126288783,72.2139264859,0.0072190698,-1,0.005875099,0.0003863101"
2026-06-17T00:00:00.000-03:00,"CSV=1781665200000,0.008429,0.008784,0.00828,0.00862,836332409,0.00607944,0.0069743605,0.0051845195,12.8315783461,29.4408871988,42.2840255952,3.409582971,55.2306450709,0.008784,34.9616408329,551793665.6,1.5156614893,65.8059551952,0.0073377629,-1,0.0059024115,0.000398079"
2026-06-17T01:00:00.000-03:00,"CSV=1781668800000,0.008617,0.00869,0.008002,0.008301,1203049669,0.00613638,0.0070789953,0.0051937647,13.3156654733,30.72219576,37.0565816047,7.9834569345,55.8519028053,0.008784,22.8867505551,650670625.7,1.8489380364,57.9760313402,0.0073377629,-1,0.005926278,0.0004270711"
2026-06-17T02:00:00.000-03:00,"CSV=1781672400000,0.008301,0.008473,0.00802,0.008351,574493100,0.0061943,0.0071812013,0.0052073987,13.7428443189,31.8648214408,34.0839822521,7.3430411734,56.4317433573,0.008784,19.7275985663,689751547.2,0.8328986029,44.1277173215,0.0073377629,-1,0.0059504046,0.000429664"
2026-06-17T03:00:00.000-03:00,"CSV=1781676000000,0.008352,0.008383,0.007063,0.007359,1393336729,0.00623396,0.0072270056,0.0052409144,13.7407611852,31.8592219777,27.2575121593,20.3929256463,53.6300361496,0.008784,2.9374737726,794081437.3,1.754652185,31.1365598054,0.0073377629,-1,0.0059644205,0.0005186976"
2026-06-17T04:00:00.000-03:00,"CSV=1781679600000,0.007359,0.007378,0.006658,0.006867,768378558,0.00626386,0.0072530014,0.0052747186,13.6376843911,31.5824889478,24.4013579876,24.1501772951,50.0891903135,0.008784,-2.6785714286,852545196.5,0.9012760393,19.9529957876,0.0086344836,1,0.0059734014,0.0005388279"
2026-06-17T05:00:00.000-03:00,"CSV=1781683200000,0.00687,0.006924,0.006561,0.006736,392258298,0.00629018,0.0072740115,0.0053063485,13.5252946134,31.2815049278,23.094178278,24.2879370365,46.9178728933,0.008784,-9.9946552646,863742159,0.4541381869,11.7890123184,0.0083062352,1,0.0059809894,0.0005212451"
2026-06-17T06:00:00.000-03:00,"CSV=1781686800000,0.006732,0.006946,0.00667,0.006782,224426731,0.0063181,0.0072956642,0.0053405358,13.3992488602,30.9448790774,22.4617972564,23.2723274291,43.9081657423,0.008784,-11.6006256517,836822195.6,0.2681892667,6.8222871166,0.0082981617,1,0.0059889597,0.0004967206"
2026-06-17T07:00:00.000-03:00,"CSV=1781690400000,0.006779,0.006886,0.006722,0.006806,138480577,0.0063461,0.0073171665,0.0053750335,13.2710730319,30.6035679118,21.8793343584,22.6688464554,41.0991057348,0.008784,-18.656627226,748286149.8,0.1850636645,3.397303477,0.0081943455,1,0.0059970895,0.0004634485"
2026-06-17T08:00:00.000-03:00,"CSV=1781694000000,0.006801,0.007328,0.006777,0.007165,410685705,0.00638098,0.0073495095,0.0054124505,13.178150983,30.3567618801,26.8600540164,20.7334647939,39.2173479196,0.008784,-14.5395992366,670732654,0.6122941869,-0.7026350461,0.0081943455,1,0.0060087105,0.0004722037"
2026-06-17T09:00:00.000-03:00,"CSV=1781697600000,0.007165,0.007647,0.007139,0.007485,521588019,0.00642298,0.0073929403,0.0054530197,13.1200883391,30.2028123379,29.6549717154,19.120887351,38.0426528756,0.008784,-11.2520749348,646302979.5,0.8070332886,-3.4953563769,0.0081943455,1,0.0060233999,0.0004757833"
2026-06-17T10:00:00.000-03:00,"CSV=1781701200000,0.007485,0.007692,0.00741,0.00754,393109453,0.00646422,0.0074369569,0.0054914831,13.0797711418,30.0960347519,29.0493517826,18.2754798347,37.0241953737,0.008784,-12.5290023202,601980683.9,0.6530266893,-5.0574952195,0.0081943455,1,0.0060384904,0.000456405"
2026-06-17T11:00:00.000-03:00,"CSV=1781704800000,0.007537,0.007983,0.007513,0.007874,443958784,0.0065106,0.007494105,0.005527095,13.1237149748,30.212422115,31.454313692,16.9381572036,36.5556973588,0.008784,-5.1439585592,526071595.4,0.843913239,-4.8186817226,0.0081943455,1,0.0060567542,0.0004577645"
2026-06-17T12:00:00.000-03:00,"CSV=1781708400000,0.007871,0.0082,0.00775,0.008185,454836738,0.00656296,0.0075643616,0.0055615584,13.2384152202,30.5167667322,32.625130406,15.7554529014,36.4432304622,0.008784,-1.9877858939,514105959.2,0.8847139969,-3.7986618161,0.0081943455,1,0.0060779308,0.000456988"
2026-06-17T13:00:00.000-03:00,"CSV=1781712000000,0.008185,0.008248,0.007626,0.007926,617216626,0.00661084,0.0076190129,0.0056026671,13.2323299388,30.500599888,29.5676229609,16.1472094989,35.9708019873,0.008784,7.7048512026,436493948.9,1.4140324913,1.0991954363,0.0081943455,1,0.0060963195,0.0004734892"
2026-06-17T14:00:00.000-03:00,"CSV=1781715600000,0.007927,0.00809,0.007686,0.007857,269654858,0.00665758,0.0076682667,0.0056468933,13.1801197462,30.3619855446,27.7573366653,15.1585919118,35.5298687441,0.008784,14.4167758847,386621578.9,0.6974645822,4.0845271472,0.0081943455,1,0.0061138388,0.0004665403"
2026-06-17T15:00:00.000-03:00,"CSV=1781719200000,0.007864,0.007877,0.007654,0.007782,203008276,0.0067025,0.0077122512,0.0056927488,13.0928202203,30.1305835799,26.7873897417,15.1303287998,35.0151700201,0.008784,15.5285035629,367696576.7,0.552108148,5.5808225461,0.0081943455,1,0.0061304374,0.0004421863"
2026-06-17T16:00:00.000-03:00,"CSV=1781722800000,0.007782,0.008054,0.00773,0.007997,169424770,0.00674976,0.0077636854,0.0057358346,13.0598464724,30.0433020705,28.2237838968,14.3497480728,34.8533858112,0.008784,17.9150693011,362196380.6,0.4677704667,6.5139284735,0.0081943455,1,0.0061490101,0.0004303676"
2026-06-17T17:00:00.000-03:00,"CSV=1781726400000,0.007998,0.008041,0.007672,0.007747,110992998,0.00679286,0.0078024484,0.0057832716,12.9393790726,29.7249868763,26.5522493554,14.4307911782,34.5016111862,0.008784,13.8260358507,359447622.7,0.3087876814,5.7657221668,0.0081943455,1,0.0061649105,0.0004242309"
2026-06-17T18:00:00.000-03:00,"CSV=1781730000000,0.007746,0.007779,0.007202,0.007604,202311711,0.00683522,0.0078334563,0.0058369837,12.7432415333,29.2086063183,24.1554688726,20.4809093801,32.7503176391,0.008784,6.1270062805,338610223.3,0.597476677,5.0640625619,0.0081943455,1,0.0061792298,0.0004395078"
2026-06-17T19:00:00.000-03:00,"CSV=1781733600000,0.007602,0.007673,0.00743,0.007532,62745317,0.00687644,0.0078599361,0.0058929439,12.512775137,28.6048052309,23.2101076584,19.6793576709,31.1157769952,0.008784,0.6279225117,292725953.1,0.2143483225,3.4209064203,0.0081943455,1,0.0061926902,0.000419857"
2026-06-17T20:00:00.000-03:00,"CSV=1781737200000,0.007532,0.007836,0.007423,0.007793,96849004,0.00692136,0.0078943452,0.0059483748,12.3250910282,28.115435015,24.2916347471,18.3701683721,29.9667264616,0.00869,3.3554376658,263099908.2,0.3681073272,2.6923246771,0.0081943455,1,0.0062086137,0.0004191713"
2026-06-17T21:00:00.000-03:00,"CSV=1781740800000,0.007792,0.00794,0.007526,0.007534,110790068,0.00696332,0.0079163784,0.0060102616,12.0390707008,27.3736778288,24.3469264376,17.1451401867,29.1260793559,0.008473,-4.318008636,229783036.6,0.4821507699,1.1009060554,0.0081943455,1,0.0062218016,0.0004186542"
2026-06-17T22:00:00.000-03:00,"CSV=1781744400000,0.007534,0.007588,0.00728,0.007299,83993968,0.00699766,0.007931059,0.006064261,11.7689080752,26.6774621474,23.1180781452,20.3110221992,27.6152431952,0.008383,-10.8246792914,192698759.6,0.4358822453,-0.8388244678,0.0081943455,1,0.00623252,0.0004075888"
2026-06-17T23:00:00.000-03:00,"CSV=1781748000000,0.007298,0.007304,0.006939,0.006989,188680920,0.0070259,0.007936983,0.006114817,11.4789590421,25.9349843107,21.7257720732,24.7143535566,26.2032498646,0.008248,-11.8218521322,149845189,1.2591723582,-5.5211327878,0.0081943455,1,0.0062400472,0.0004033299"
2026-06-18T00:00:00.000-03:00,"CSV=1781751600000,0.006988,0.007064,0.00682,0.006886,103706010,0.00705014,0.0079408271,0.0061594529,11.2165530615,25.2672169155,20.8273563921,25.709135779,25.1557143939,0.008248,-12.3584065165,133250304.2,0.7782797242,-6.8868542635,0.0081041907,1,0.0062464746,0.0003873969"
2026-06-18T01:00:00.000-03:00,"CSV=1781755200000,0.006891,0.006916,0.00658,0.006604,127937013,0.00707154,0.0079380691,0.0062050109,10.9161196933,24.5075083296,19.6297098646,28.33816475,24.6889844306,0.008248,-15.1374967875,125743177.9,1.0174469513,-9.7251028279,0.0078947716,1,0.0062500321,0.0003822572"
2026-06-18T02:00:00.000-03:00,"CSV=1781758800000,0.006601,0.006799,0.006522,0.006755,123980297,0.00709306,0.0079378264,0.0062482936,10.642288314,23.8195184572,18.6808650072,27.9804920034,24.3717214513,0.008248,-15.530824059,121198730.6,1.0229504582,-11.7791564144,0.0077756945,1,0.0062550566,0.0003717315"
2026-06-18T03:00:00.000-03:00,"CSV=1781762400000,0.006753,0.006849,0.006712,0.006725,91683549,0.00711524,0.0079351263,0.0062953537,10.3323658093,23.0459204205,19.1258023622,27.2816861133,23.9185733099,0.008248,-13.1922034336,119267785.7,0.7687201407,-11.2331417693,0.0077756945,1,0.0062597327,0.0003482583"
2026-06-18T04:00:00.000-03:00,"CSV=1781766000000,0.006724,0.00705,0.00671,0.007033,98581593,0.00714096,0.0079373554,0.0063445646,10.0335106951,22.3049954993,21.6162113661,25.5827758166,22.8842629942,0.008248,-7.5092056812,108894773.9,0.9052922328,-9.7547697053,0.0077756945,1,0.0062674269,0.0003474325"
2026-06-18T05:00:00.000-03:00,"CSV=1781769600000,0.007033,0.007051,0.006732,0.006774,98596606,0.00716338,0.0079328965,0.0063938635,9.7003221796,21.4847326452,20.3612229331,24.0756410453,21.9159032242,0.008248,-10.0637280935,112479902.8,0.8765708677,-9.4437034261,0.0077756945,1,0.0062724674,0.0003445893"
2026-06-18T06:00:00.000-03:00,"CSV=1781773200000,0.006773,0.006782,0.006556,0.006563,98893773,0.0071788,0.007928142,0.006429458,9.4516717273,20.8765239682,19.4896774515,26.3785259194,21.4560955781,0.008248,-15.7833953548,112684379.7,0.8776174059,-10.9130631133,0.007667191,1,0.0062753583,0.0003327303"
2026-06-18T07:00:00.000-03:00,"CSV=1781776800000,0.006563,0.006575,0.006359,0.006416,107257957,0.00718494,0.0079267105,0.0064431695,9.3578605309,20.6479250946,18.6712717757,29.1006486207,21.4811295232,0.008248,-14.8393947438,112331168.6,0.9548370086,-11.9984431712,0.0074301719,1,0.0062767577,0.0003210573"
2026-06-18T08:00:00.000-03:00,"CSV=1781780400000,0.006415,0.006516,0.006365,0.006483,72229377,0.00719246,0.0079251142,0.0064598058,9.2447152921,20.372841806,18.1019271657,28.2132801736,21.5044945387,0.008248,-11.1796136457,111154709.5,0.6498094172,-10.4205015233,0.0073526547,1,0.0062788098,0.0003040516"
2026-06-18T09:00:00.000-03:00,"CSV=1781784000000,0.006484,0.006518,0.00635,0.006427,45704421,0.00719998,0.0079227425,0.0064772175,9.1226304241,20.0767924218,17.4670122981,27.5368799105,21.5625647857,0.00809,-8.041207612,96857059.6,0.4718749587,-8.2118158522,0.0073053392,1,0.0062802844,0.0002904464"
2026-06-18T10:00:00.000-03:00,"CSV=1781787600000,0.006428,0.006978,0.006422,0.006776,175287599,0.00721684,0.0079194009,0.0065142791,8.87138947,19.4700422149,24.686428395,24.4909179191,20.1515646046,0.008054,-1.5974440895,104015218.5,1.6852110828,-6.3718873961,0.0073053392,1,0.0062852169,0.0003170018"
2026-06-18T11:00:00.000-03:00,"CSV=1781791200000,0.006779,0.006891,0.0066,0.006617,90070970,0.00722954,0.0079152003,0.0065438797,8.662577087,18.9682975734,23.2446010226,23.0605094669,18.8346311023,0.008054,0.1968503937,100228614.2,0.8986552465,-4.188958051,0.0073053392,1,0.0062885182,0.0003144016"
2026-06-18T12:00:00.000-03:00,"CSV=1781794800000,0.006614,0.006782,0.006168,0.006422,154117623,0.00723838,0.0079105908,0.0065661692,8.4976054791,18.5735149853,20.533439935,28.577143023,18.6709061681,0.008041,-4.9296817172,103242346.8,1.4927752785,-5.2456077002,0.0073053392,1,0.0062898464,0.0003443614"
2026-06-18T13:00:00.000-03:00,"CSV=1781798400000,0.006419,0.006445,0.006261,0.006404,76107547,0.00724096,0.0079097069,0.0065722131,8.4547626225,18.4712233312,19.7922309889,27.5455752911,18.5180962296,0.00794,-4.7732342007,101684746.6,0.7484657192,-4.6879391898,0.0073053392,1,0.0062909822,0.0003283253"
2026-06-18T14:00:00.000-03:00,"CSV=1781802000000,0.006405,0.006464,0.006276,0.006395,34451348,0.00724454,0.0079082506,0.0065808294,8.3926349706,18.3230572517,19.4240271508,26.4984406948,18.3105648098,0.00794,-9.0715199773,95271722.1,0.3616114755,-4.2187480345,0.0073053392,1,0.0062920172,0.0003142928"
2026-06-18T15:00:00.000-03:00,"CSV=1781805600000,0.006396,0.006444,0.00628,0.006373,40878191,0.00724894,0.0079060966,0.0065917834,8.3120239322,18.1311100727,18.7575637354,25.5892450296,18.116868818,0.00794,-5.9196929436,89499880.6,0.4567401736,-3.7137525505,0.0072597905,1,0.006292823,0.0002992635"
2026-06-18T16:00:00.000-03:00,"CSV=1781809200000,0.006373,0.006608,0.00627,0.006586,67188194,0.00725292,0.0079054305,0.0066004095,8.2539531379,17.9930436682,20.8537710237,23.7870040518,17.3471274589,0.00794,0.3504494896,86329322.7,0.7782777844,-2.3849193496,0.0072597905,1,0.0062957402,0.0003031371"
2026-06-18T17:00:00.000-03:00,"CSV=1781812800000,0.006586,0.00671,0.006481,0.006647,75264509,0.00725076,0.0079050914,0.0065964286,8.2773417269,18.0486302571,22.0059129326,22.6300327792,16.2838686235,0.007588,3.6003740648,83129977.9,0.9053834838,-0.5033731618,0.0072597905,1,0.0062992353,0.0002957234"
2026-06-18T18:00:00.000-03:00,"CSV=1781816400000,0.006648,0.00682,0.006647,0.006722,42250091,0.0072457,0.0079031153,0.0065882847,8.3184324704,18.1463574295,23.580799937,21.7728528173,15.4640328407,0.007304,3.6865648619,80132049.3,0.5272558404,0.3123388437,0.0072597905,1,0.0063034419,0.0002834511"
2026-06-18T19:00:00.000-03:00,"CSV=1781820000000,0.00672,0.0068,0.006588,0.006666,42590208,0.00723604,0.0078983357,0.0065737443,8.3852564393,18.305473799,22.4636287623,22.0598270098,14.4935600929,0.007064,3.7186867901,79820628,0.5335739528,0.8696240324,0.0072597905,1,0.0063070495,0.000276306"
2026-06-18T20:00:00.000-03:00,"CSV=1781823600000,0.006668,0.006726,0.006536,0.006571,37657821,0.00722634,0.0078947252,0.0065579548,8.4662250947,18.4985817606,21.486164156,22.2908209797,13.6498615442,0.007051,-3.0253837072,66057650.2,0.5700750918,0.0048507235,0.0072597905,1,0.0063096759,0.0002676754"
2026-06-18T21:00:00.000-03:00,"CSV=1781827200000,0.006571,0.006729,0.006568,0.006636,37098871,0.00720938,0.0078817589,0.0065370011,8.5308230768,18.6528913099,20.7404179178,21.4436795259,12.8510124371,0.007051,0.2871391869,60760440.3,0.6105760725,0.0616739213,0.0072597905,1,0.0063129229,0.0002570078"
2026-06-18T22:00:00.000-03:00,"CSV=1781830800000,0.006636,0.006674,0.006418,0.00647,43788731,0.00718534,0.0078622217,0.0065084583,8.6092925274,18.840630006,19.4792322731,23.7027051524,12.6463214098,0.007051,0.7474307069,49727551.1,0.880572842,0.2605050082,0.0072597905,1,0.0063144858,0.0002569071"
2026-06-18T23:00:00.000-03:00,"CSV=1781834400000,0.00647,0.00651,0.006376,0.00646,33028975,0.0071472,0.0078100047,0.0064843953,8.4866108553,18.5472550729,18.8368438441,23.9546770528,12.6005615561,0.007051,0.8744534666,45419693.9,0.7271950153,0.3856360728,0.007176849,1,0.0063159337,0.0002446163"
2026-06-19T00:00:00.000-03:00,"CSV=1781838000000,0.00646,0.006461,0.006206,0.006259,49234651,0.0071047,0.0077548449,0.0064545551,8.383724825,18.3018242316,17.6500624598,26.6456689505,13.1143952039,0.007051,-2.1266614543,46898024.2,1.0498235659,-0.487115722,0.0070704641,1,0.0063153672,0.0002456547"
2026-06-19T01:00:00.000-03:00,"CSV=1781841600000,0.006259,0.006343,0.006224,0.006305,21722718,0.00706212,0.0076932499,0.0064309901,8.2036834293,17.8736658196,17.1110374284,25.8319221112,13.5939732751,0.006978,-1.0670014122,44982476.9,0.4829151149,-0.4965008512,0.0069824677,1,0.0063152641,0.0002329892"
2026-06-19T02:00:00.000-03:00,"CSV=1781845200000,0.006307,0.006373,0.006234,0.006271,34636588,0.00701514,0.0076152195,0.0064150605,7.8800026113,17.108125998,17.2756551377,24.8809649176,13.8904154652,0.006978,-4.7828727604,41727316.3,0.8300698696,-1.6543734236,0.006974271,1,0.0063148236,0.0002235903"
2026-06-19T03:00:00.000-03:00,"CSV=1781848800000,0.006272,0.006322,0.006204,0.006292,28906473,0.00697496,0.0075545037,0.0063954163,7.6714990904,16.6178352617,16.7159419618,24.8985499007,14.2752464888,0.006978,-5.3407552279,37091512.7,0.7793285012,-2.4903165381,0.0069020939,1,0.0063145965,0.0002130313"
2026-06-19T04:00:00.000-03:00,"CSV=1781852400000,0.006292,0.00685,0.006186,0.006836,128396201,0.00694466,0.0074900674,0.0063992526,7.2817425857,15.7072464232,26.9787215487,20.8297654768,14.1810061373,0.006978,1.6959238322,45706123.7,2.8091684572,-0.0721657803,0.0069020939,1,0.0063197846,0.0002581282"
2026-06-19T05:00:00.000-03:00,"CSV=1781856000000,0.006835,0.006879,0.006632,0.006657,66348531,0.00693062,0.0074742132,0.0063870268,7.2729152308,15.6867117065,26.0469634974,19.5560735802,14.1845030434,0.006978,-0.1350135014,48081956,1.3799049897,-0.1102124549,0.0069020939,1,0.00632314,0.0002570153"
2026-06-19T06:00:00.000-03:00,"CSV=1781859600000,0.006658,0.00666,0.006431,0.006455,37244748,0.00692238,0.007469983,0.006374777,7.3307122344,15.821233574,24.5554420109,23.4623600378,13.3906301634,0.006891,-1.7653325217,48040648.7,0.7752757094,-0.5296814443,0.0069020939,1,0.006324452,0.0002542138"
2026-06-19T07:00:00.000-03:00,"CSV=1781863200000,0.006457,0.006483,0.006319,0.006366,30842675,0.00691498,0.0074675292,0.0063624308,7.3993582041,15.9812244508,23.5219267474,25.3492258069,12.7471890618,0.006879,-4.068716094,47415029.1,0.6504830976,-1.2353313122,0.0069020939,1,0.0063248655,0.0002451924"
2026-06-19T08:00:00.000-03:00,"CSV=1781866800000,0.006369,0.006483,0.006356,0.006455,29287448,0.00690844,0.0074644489,0.0063524311,7.4487596531,16.0965096203,22.7282242605,24.4938646037,12.1466440336,0.006879,-0.2318392581,45964900.8,0.6371698294,-0.872794535,0.0069020939,1,0.0063261603,0.0002333732"
2026-06-19T09:00:00.000-03:00,"CSV=1781870400000,0.006456,0.006472,0.006374,0.006405,24733440,0.00690042,0.0074607241,0.0063401159,7.5100498526,16.239710024,22.1113651509,23.8290848418,11.5861353406,0.006879,-0.8513931889,45135347.3,0.5479838193,-0.7373795871,0.0069020939,1,0.0063269448,0.0002198359"
2026-06-19T10:00:00.000-03:00,"CSV=1781874000000,0.006405,0.006726,0.006343,0.006627,74144449,0.00688966,0.0074499457,0.0063293743,7.5206677812,16.2645373853,26.622665563,21.3973491374,11.5391622232,0.006879,5.8795334718,47626327.1,1.5567954431,2.5594905807,0.0069020939,1,0.0063299304,0.0002361523"
2026-06-19T11:00:00.000-03:00,"CSV=1781877600000,0.006629,0.006629,0.006488,0.006553,32305966,0.00687102,0.0074266735,0.0063153665,7.4818621416,16.1738277807,25.5925039813,20.5693806915,11.495320647,0.006879,3.9333862014,48684651.9,0.6635759883,2.5763605991,0.0069020939,1,0.00633215,0.0002266371"
2026-06-19T12:00:00.000-03:00,"CSV=1781881200000,0.006552,0.006602,0.006465,0.006507,20067024,0.00685036,0.0073999266,0.0063007934,7.4266495968,16.0448975099,24.601489736,20.4229673569,11.3476700296,0.006879,3.7633551268,47227695.5,0.4248994957,2.2505896312,0.0069020939,1,0.0063338898,0.0002176733"
2026-06-19T13:00:00.000-03:00,"CSV=1781884800000,0.006505,0.006694,0.006431,0.006436,31801160,0.0068216,0.00735421,0.00628899,7.2422466083,15.615398915,25.3671928499,18.9163503307,11.5623008773,0.006879,2.2886204704,47517164.2,0.6692562685,2.0109509528,0.0069020939,1,0.0063349058,0.000222206"
2026-06-19T14:00:00.000-03:00,"CSV=1781888400000,0.006436,0.008049,0.006411,0.007994,583453649,0.00681778,0.0073412034,0.0062943566,7.1299404656,15.3546589748,44.2877295477,12.6762054833,14.4910758985,0.008049,16.9397308367,93022909,6.2721501109,36.7568121839,0.0061386438,-1,0.0063514142,0.0003637854"
2026-06-19T15:00:00.000-03:00,"CSV=1781892000000,0.007993,0.008222,0.007769,0.007958,353544217,0.00681842,0.0073432158,0.0062936242,7.1466760641,15.3934738385,43.7447523033,11.5474711486,17.4070788586,0.008222,19.5433378399,121742477.6,2.9040333659,43.4227098454,0.0068773794,-1,0.0063674002,0.0003727069"
2026-06-19T16:00:00.000-03:00,"CSV=1781895600000,0.007955,0.008309,0.007615,0.007728,428852561,0.00681584,0.0073358186,0.0062958614,7.0882154413,15.2579470408,38.1663751666,12.9046434222,19.5442021191,0.008309,19.7211463981,160903258.9,2.6652820082,46.4692787887,0.0068773794,-1,0.0063809385,0.0004048362"
2026-06-19T17:00:00.000-03:00,"CSV=1781899200000,0.007723,0.007859,0.007623,0.007774,133726484,0.00681568,0.0073353625,0.0062959975,7.0846186726,15.2496143725,36.4718222736,12.3316888058,21.5388504956,0.008309,22.1174992146,171191639.8,0.7811507861,36.7385531583,0.0068773794,-1,0.0063947998,0.0003879526"
2026-06-19T18:00:00.000-03:00,"CSV=1781902800000,0.007777,0.007847,0.007637,0.007728,73047840,0.0068103,0.0073190014,0.0063015986,6.9504210547,14.9391778738,34.9906789054,11.8308912598,23.4005223137,0.008309,19.7211463981,175567679,0.4160665586,27.2274719433,0.0068773794,-1,0.0064080655,0.0003701573"
2026-06-19T19:00:00.000-03:00,"CSV=1781906400000,0.007728,0.007994,0.007657,0.007901,92899286,0.00681338,0.0073281732,0.0062985868,7.0248503016,15.1112427877,35.5539093834,11.0587121989,25.3438586618,0.008309,23.3567525371,182384263.6,0.5093602056,22.1173147201,0.0068773794,-1,0.0064229205,0.0003668416"
2026-06-19T20:00:00.000-03:00,"CSV=1781910000000,0.0079,0.007946,0.00769,0.007737,52688464,0.00681604,0.0073352363,0.0062968437,7.078113301,15.2345449548,33.7604871458,10.5008849242,27.1576392533,0.008309,16.7496604799,180238665.1,0.2923260887,16.3769973917,0.0068773794,-1,0.0064359959,0.0003557574"
2026-06-19T21:00:00.000-03:00,"CSV=1781913600000,0.007737,0.0085,0.007728,0.008248,248246816,0.00683036,0.0073781903,0.0062825297,7.4249949899,16.0410361071,39.0859857943,9.0292868874,29.5116702819,0.0085,25.8660155654,201832750.1,1.2299630059,21.5227456796,0.006921855,-1,0.0064540258,0.0003973817"
2026-06-19T22:00:00.000-03:00,"CSV=1781917200000,0.008249,0.00843,0.008015,0.008224,249959052,0.00683898,0.007404979,0.006272981,7.643491771,16.5521454148,36.1667647472,8.3549151455,31.7087659086,0.0085,26.3869678807,224821952.9,1.1118089171,24.1275858483,0.0070250695,-1,0.0064716375,0.0003991435"
2026-06-19T23:00:00.000-03:00,"CSV=1781920800000,0.008225,0.008242,0.007844,0.008193,168827111,0.00685216,0.0074413861,0.0062629339,7.9182310526,17.1982600749,33.5890115501,10.8217048662,33.0125378024,0.0085,27.2995649472,238524548,0.7077976352,22.5259130689,0.0070250695,-1,0.0064887655,0.0003990292"
2026-06-20T00:00:00.000-03:00,"CSV=1781924400000,0.008193,0.008375,0.008021,0.008176,194588413,0.0068697,0.0074844662,0.0062549338,8.2138955592,17.8979064625,33.8422525203,10.133415683,34.4059375502,0.0085,2.2767075306,199638024.4,0.9747061642,15.7569823341,0.0070250695,-1,0.0065055539,0.0003945262"
2026-06-20T01:00:00.000-03:00,"CSV=1781928000000,0.008179,0.008375,0.008056,0.008253,157119532,0.00689498,0.0075394055,0.0062505545,8.5474307988,18.6925985205,31.8842973069,9.5471434172,35.7064439816,0.0085,3.7069615481,179995555.9,0.8729078405,11.5832668226,0.0070545791,-1,0.0065229414,0.0003869736"
2026-06-20T02:00:00.000-03:00,"CSV=1781931600000,0.008251,0.008445,0.008031,0.008339,176911413,0.00692404,0.0075994228,0.0062486572,8.8872910386,19.5083455205,30.7692052846,8.8362804887,37.017914527,0.0085,7.9063146998,154801441.1,1.1428279462,10.7340303452,0.0070689712,-1,0.0065410117,0.0003896763"
2026-06-20T03:00:00.000-03:00,"CSV=1781935200000,0.008336,0.008636,0.008107,0.008319,394217042,0.00695834,0.0076596496,0.0062570304,9.1558972217,20.1573837853,31.2628828629,8.0188632689,38.4948917057,0.008636,7.0105479804,180850496.9,2.1797951831,12.2498731363,0.0071606741,-1,0.0065587031,0.0004036086"
2026-06-20T04:00:00.000-03:00,"CSV=1781938800000,0.008315,0.008375,0.007267,0.007637,683956714,0.00697598,0.0076830222,0.0062689378,9.2026574822,20.2707639387,25.8885011575,19.6731841439,36.8380018098,0.008636,-1.1775362319,241941384.3,2.8269521396,7.0569692342,0.0071606741,-1,0.0065694324,0.0004740478"
2026-06-20T05:00:00.000-03:00,"CSV=1781942400000,0.007636,0.007829,0.007543,0.007595,163739356,0.00699338,0.0077047237,0.0062820363,9.2325657925,20.343344225,24.7135388896,18.780307074,35.2915712403,0.008636,-3.8729274775,249025391.3,0.6575207257,3.8558027943,0.0071606741,-1,0.0065796371,0.000455243"
2026-06-20T06:00:00.000-03:00,"CSV=1781946000000,0.007591,0.007886,0.007358,0.007836,192998216,0.00700944,0.0077304953,0.0062883847,9.3274135066,20.5738335419,22.6776839756,20.119575295,33.3372846376,0.008636,1.2795657231,263056366.5,0.7336762785,2.8834642021,0.0071606741,-1,0.0065921382,0.0004625187"
2026-06-20T07:00:00.000-03:00,"CSV=1781949600000,0.007836,0.007857,0.007456,0.007573,126813588,0.00702542,0.0077499258,0.0063009142,9.3485516774,20.6252671091,21.2530391623,18.8556345584,31.5132838084,0.008636,-8.1838021339,250913043.7,0.5054085118,0.5435883824,0.0071606741,-1,0.006601898,0.0004563668"
2026-06-20T08:00:00.000-03:00,"CSV=1781953200000,0.007572,0.007751,0.007433,0.007579,90627689,0.00704574,0.0077712386,0.0063202414,9.3356876037,20.5939632849,20.1761001771,18.2666747154,29.7435268432,0.008636,-7.8428988327,234979907.4,0.3856827165,-0.6458979207,0.0071606741,-1,0.0066116204,0.0004425301"
2026-06-20T09:00:00.000-03:00,"CSV=1781956800000,0.007578,0.007713,0.007256,0.007449,89410333,0.0070664,0.0077883711,0.0063444289,9.2698597994,20.4339148577,18.7158355031,19.7477893482,27.9394873509,0.008636,-9.0809227389,227038229.6,0.3938117962,-1.6226567787,0.0071606741,-1,0.0066199526,0.0004439771"
2026-06-20T10:00:00.000-03:00,"CSV=1781960400000,0.007444,0.007499,0.007316,0.007399,63062747,0.00708472,0.0078032685,0.0063661715,9.2083017433,20.2844575442,18.1521705533,19.1530450372,26.2557171581,0.008636,-9.5034246575,213885663,0.294843264,-2.0157781008,0.0071606741,-1,0.0066277043,0.0004178794"
2026-06-20T11:00:00.000-03:00,"CSV=1781964000000,0.007399,0.007571,0.007304,0.007524,60750446,0.00710666,0.0078215292,0.0063917908,9.1397630095,20.1182900512,18.5484800088,18.2918664411,24.5517730671,0.008636,-8.8331515812,204248754.4,0.297433618,-2.2196108117,0.0071606741,-1,0.0066366226,0.0004027915"
2026-06-20T12:00:00.000-03:00,"CSV=1781967600000,0.007524,0.00803,0.007502,0.007992,133795626,0.00713098,0.0078548145,0.0064071455,9.2151698506,20.3011226334,24.4964898931,16.700832641,24.1765033904,0.008636,-4.1611704041,199937175.7,0.6691883364,-2.4079427746,0.0071606741,-1,0.006650109,0.0004153123"
2026-06-20T13:00:00.000-03:00,"CSV=1781971200000,0.007992,0.008291,0.007903,0.007986,265260939,0.00715836,0.0078881027,0.0064286173,9.251181389,20.3885439626,27.2378735541,15.6304157801,24.3698715528,0.008636,-4.0028849621,187041565.4,1.4181924666,-3.4975822825,0.0071606741,-1,0.0066634014,0.0004125811"
2026-06-20T14:00:00.000-03:00,"CSV=1781974800000,0.007985,0.008029,0.007855,0.007949,94261396,0.0071889,0.0079191393,0.0064586607,9.2211950899,20.3157446258,26.4241141867,15.9876072839,24.3857201364,0.008636,4.0853738379,128072033.6,0.7360029614,-1.3294391073,0.0071606741,-1,0.0066761935,0.000388723"
2026-06-20T15:00:00.000-03:00,"CSV=1781978400000,0.007952,0.008193,0.00768,0.007957,125462013,0.00721996,0.0079491807,0.0064907393,9.1735331991,20.2001322351,24.145406281,17.5506724858,23.8144185678,0.008636,4.7662936142,124244299.3,1.0098009624,0.7180432213,0.0071606741,-1,0.0066889378,0.0004011507"
2026-06-20T16:00:00.000-03:00,"CSV=1781982000000,0.007961,0.00797,0.007411,0.007511,117082266,0.00724228,0.0079629378,0.0065216222,9.0501493077,19.9014055303,21.9367960235,20.3470373284,22.4774394446,0.008636,-4.1475242471,116652704.3,1.0036823981,-0.9089035467,0.0071606741,-1,0.0066971175,0.0004169356"
2026-06-20T17:00:00.000-03:00,"CSV=1781985600000,0.007512,0.007638,0.00748,0.007564,35078749,0.0072661,0.0079772521,0.0065549479,8.9147503967,19.5745204313,21.3455073609,19.7985993306,21.229592263,0.008636,-0.1188432589,107479220.4,0.3263770324,-0.6188649345,0.0071606741,-1,0.0067057432,0.0003910421"
2026-06-20T18:00:00.000-03:00,"CSV=1781989200000,0.007565,0.007712,0.007543,0.007617,20380400,0.00728672,0.0079927823,0.0065806577,8.8337492348,19.3794285949,22.017954618,19.2053444808,20.2691437935,0.008636,0.501385407,100454491.5,0.2028819189,-0.3786692785,0.0071606741,-1,0.0067148104,0.0003688378"
2026-06-20T19:00:00.000-03:00,"CSV=1781992800000,0.007618,0.007701,0.007596,0.007644,12778346,0.00730666,0.0080084396,0.0066048804,8.7630002894,19.2093127069,21.587356515,18.8297516955,19.372725222,0.008636,2.6178010471,92791292.8,0.137710615,-0.1322798549,0.0071606741,-1,0.0067240561,0.0003424541"
2026-06-20T20:00:00.000-03:00,"CSV=1781996400000,0.007644,0.007721,0.007508,0.007705,23695215,0.00732632,0.0080252084,0.0066274316,8.7086637443,19.0788394637,20.7071802917,19.7465192651,18.239524698,0.008636,4.1356940127,88854539.6,0.2666742195,0.2794410877,0.0071606741,-1,0.0067338167,0.0003295087"
2026-06-20T21:00:00.000-03:00,"CSV=1782000000000,0.007705,0.007845,0.007612,0.007612,31925097,0.00734524,0.0080387808,0.0066516992,8.6274378065,18.8840886135,22.1899593248,18.8459289762,17.5668256201,0.008636,1.1695906433,85972004.7,0.3713429402,0.3310671346,0.0071606741,-1,0.0067425549,0.0003198578"
2026-06-20T22:00:00.000-03:00,"CSV=1782003600000,0.007619,0.007706,0.007576,0.007689,21936702,0.0073676,0.0080538021,0.0066813979,8.5202258111,18.6275619647,21.6010317937,19.0807142636,16.8087175729,0.008636,-3.7912912913,74786112.3,0.2933258773,-0.1499831916,0.0071606741,-1,0.0067519723,0.000300872"
2026-06-20T23:00:00.000-03:00,"CSV=1782007200000,0.007692,0.007759,0.007621,0.0077,23458578,0.00738888,0.008068531,0.006709229,8.4234793543,18.3965918227,22.0934353187,18.521622197,16.2744235799,0.008375,-3.5812672176,50605876.2,0.4635544281,-0.6533595534,0.0071606741,-1,0.0067614054,0.0002845848"
2026-06-21T00:00:00.000-03:00,"CSV=1782010800000,0.0077,0.007909,0.0077,0.00787,21831289,0.00741688,0.0080868683,0.0067468917,8.2848914617,18.066579419,24.3481950603,17.6809536286,16.2470203359,0.008291,-0.9938357026,43362865.5,0.5034558659,-0.6023571737,0.0071606741,-1,0.0067724362,0.0002770263"
2026-06-21T01:00:00.000-03:00,"CSV=1782014400000,0.007865,0.008005,0.007745,0.007798,36163879,0.00744364,0.0081014856,0.0067857944,8.1200613117,17.6753738142,25.0655439259,16.6723229181,16.5045101432,0.008291,-1.9982405429,34433052.1,1.0502664386,-1.1011331086,0.0071606741,-1,0.0067826408,0.0002753237"
2026-06-21T02:00:00.000-03:00,"CSV=1782018000000,0.007797,0.007911,0.007713,0.007843,33376059,0.00747532,0.0081131911,0.0068374489,7.8621480777,17.0660546425,23.9507350586,16.649608852,16.6030706101,0.008291,4.4201837305,26062431.4,1.2806195434,1.1527691512,0.0071606741,-1,0.0067931916,0.0002675913"
2026-06-21T03:00:00.000-03:00,"CSV=1782021600000,0.007838,0.007995,0.007815,0.007981,33375294,0.00750884,0.0081280954,0.0068895846,7.6187020778,16.4940355876,24.8939411918,15.958287296,16.9544067361,0.008291,5.5129561079,25892085.9,1.2890152662,3.1372742959,0.0071606741,-1,0.0068050106,0.0002588322"
2026-06-21T04:00:00.000-03:00,"CSV=1782025200000,0.007982,0.007994,0.007806,0.007921,40863944,0.00754184,0.0081377769,0.0069459031,7.323091996,15.8034879534,23.7886069067,15.4622731026,17.2383205336,0.008291,3.9910726008,27940440.3,1.4625375821,4.0372140878,0.0071606741,-1,0.006816115,0.000251749"
2026-06-21T05:00:00.000-03:00,"CSV=1782028800000,0.007922,0.007974,0.007737,0.007914,30000452,0.00757428,0.0081449081,0.0070036519,7.005949438,15.0675218376,22.4426596979,16.2346765292,17.1591458249,0.008291,3.5321821036,29662650.9,1.0113880955,3.8822783687,0.0071606741,-1,0.0068270392,0.0002502741"
2026-06-21T06:00:00.000-03:00,"CSV=1782032400000,0.007914,0.008018,0.00764,0.007777,39584684,0.0075931,0.0081545117,0.0070316883,6.8846754013,14.7874164237,20.4640618464,17.065756575,16.6188659218,0.008291,0.9344581441,31251597.8,1.2666451249,2.9827278634,0.0071606741,-1,0.0068364915,0.0002630467"
2026-06-21T07:00:00.000-03:00,"CSV=1782036000000,0.007778,0.007937,0.007762,0.007928,20580043,0.00761852,0.0081655615,0.0070714785,6.6993736041,14.360833068,19.6066375198,16.3507179406,16.1146046788,0.008291,4.1513399895,30117092.4,0.6833343248,2.9340696118,0.0071606741,-1,0.0068473523,0.000254242"
2026-06-21T08:00:00.000-03:00,"CSV=1782039600000,0.00793,0.008,0.007826,0.007969,27276238,0.0076488,0.0081719813,0.0071256187,6.4021349483,13.6800875635,20.3159352255,15.6520826543,15.9047420679,0.008291,3.6415658733,30651046,0.8898958293,3.0362511688,0.0071743466,-1,0.006858513,0.0002462178"
2026-06-21T09:00:00.000-03:00,"CSV=1782043200000,0.007966,0.007978,0.007712,0.007789,29271497,0.00767726,0.0081675561,0.0071869639,6.0029720083,12.7726847041,18.9871091293,17.4315131134,15.129187941,0.008193,1.1558441558,31232337.9,0.9372176074,2.385259944,0.0071743466,-1,0.0068677716,0.000248196"
2026-06-21T10:00:00.000-03:00,"CSV=1782046800000,0.007788,0.007984,0.007713,0.007922,32512635,0.0077066,0.008165783,0.007247417,5.6232570931,11.9166161489,17.869359253,16.2698860594,14.4329184212,0.008193,0.6607369759,32300472.5,1.0065684024,1.8118656167,0.0071743466,-1,0.0068782614,0.0002504764"
2026-06-21T11:00:00.000-03:00,"CSV=1782050400000,0.007922,0.007938,0.007323,0.007536,67336358,0.00772922,0.0081499767,0.0073084633,5.1626732543,10.8874288879,15.377683147,22.8436775799,14.7729615424,0.008018,-3.3598358553,35417720.4,1.9012053074,-0.9213355089,0.0071743466,-1,0.0068848061,0.0002869288"
2026-06-21T12:00:00.000-03:00,"CSV=1782054000000,0.007533,0.008242,0.007509,0.008145,132740088,0.00775958,0.0081536284,0.0073655316,4.8327978539,10.1564357152,19.3220309535,19.3908726454,13.7999525207,0.008242,3.8505673849,45354123.3,2.9267479634,3.142323078,0.0071743466,-1,0.0068973453,0.0003315359"
2026-06-21T13:00:00.000-03:00,"CSV=1782057600000,0.008146,0.00819,0.007959,0.007975,51748798,0.00778802,0.0081433743,0.0074326657,4.3637233813,9.1256655645,18.3837942852,18.4492931712,12.8918107671,0.008242,-0.0751785491,47191473.7,1.0965709257,2.0674025149,0.0071743466,-1,0.0069080683,0.0003214823"
2026-06-21T14:00:00.000-03:00,"CSV=1782061200000,0.007975,0.008262,0.007968,0.008235,41206498,0.00782258,0.0081328345,0.0075123255,3.8148390292,7.9322818421,18.7629959345,17.3035348144,12.3021287345,0.008262,3.9641459412,47225729.1,0.872543395,2.5312314626,0.0071743466,-1,0.0069212716,0.0003187341"
2026-06-21T15:00:00.000-03:00,"CSV=1782064800000,0.008235,0.008237,0.008091,0.008181,29420345,0.00785748,0.0081007023,0.0076142577,3.0024841766,6.1908475719,18.1628377226,16.7500593166,11.7517588373,0.008262,3.3737680061,47167718.4,0.6237389892,2.3889378571,0.007259618,-1,0.0069338062,0.0003014607"
2026-06-21T16:00:00.000-03:00,"CSV=1782068400000,0.008183,0.008277,0.008085,0.008262,21781647,0.00786284,0.0081118949,0.0076137851,3.0702429694,6.334985382,18.2780031667,16.0277109958,11.4056099681,0.008277,6.2363379195,45387414.7,0.4799049945,2.5902418096,0.0073094562,-1,0.006947022,0.0002905146"
2026-06-21T17:00:00.000-03:00,"CSV=1782072000000,0.008263,0.008518,0.008205,0.008233,93263602,0.00786834,0.0081224214,0.0076142586,3.1281481456,6.4583221767,22.3911505174,14.9049984261,11.9833816507,0.008518,3.8471241171,52655770.6,1.7711943238,3.9981626727,0.0074832106,-1,0.0069598178,0.0002927631"
2026-06-21T18:00:00.000-03:00,"CSV=1782075600000,0.008237,0.00844,0.008132,0.008427,47586234,0.00788232,0.0081472917,0.0076173483,3.2522676074,6.7231913907,20.851229809,15.5099519295,12.1637899235,0.008518,5.7472706739,54686770.2,0.8701598911,4.3324565896,0.0074832106,-1,0.0069744167,0.0002942868"
2026-06-21T19:00:00.000-03:00,"CSV=1782079200000,0.008429,0.008439,0.008188,0.008264,27578817,0.00789212,0.0081619216,0.0076223184,3.3056137664,6.837240289,19.670056087,14.6313491892,12.3321709781,0.008518,6.0983438182,54517502.2,0.5058708834,3.9166292513,0.0074832106,-1,0.0069872483,0.0002899581"
2026-06-21T20:00:00.000-03:00,"CSV=1782082800000,0.008264,0.008395,0.008164,0.008223,39795183,0.00790202,0.0081746843,0.0076293557,3.3354719082,6.9011290369,18.6294562295,14.4069495855,12.3621178585,0.008518,3.7995455693,55245757,0.7203301242,3.5233952115,0.0074832106,-1,0.0069995444,0.0002840623"
2026-06-21T21:00:00.000-03:00,"CSV=1782086400000,0.008224,0.008645,0.008215,0.008414,57037264,0.00791228,0.0081942073,0.0076303527,3.4405682961,7.1263225879,22.4003359249,13.0319365378,13.3006633818,0.008645,11.6507430998,54215847.6,1.052040437,6.4346144282,0.0075340317,-1,0.0070136185,0.0002986561"
2026-06-21T22:00:00.000-03:00,"CSV=1782090000000,0.008413,0.008564,0.008327,0.00854,36090384,0.00792834,0.008222434,0.007634246,3.5767264663,7.4188032314,21.2051922671,12.3366328444,14.1766392036,0.008645,4.8496009822,44550877.2,0.8100936787,5.5992866521,0.0075680285,-1,0.0070288064,0.0002924905"
2026-06-21T23:00:00.000-03:00,"CSV=1782093600000,0.00854,0.008585,0.008143,0.008334,54462733,0.00793006,0.0082262624,0.0076338576,3.6006922326,7.4703694787,19.1622791829,15.1586622879,14.0092119495,0.008645,4.5015673981,44822270.7,1.2150819704,5.5561155627,0.0075680285,-1,0.0070417934,0.0003074414"
2026-06-22T00:00:00.000-03:00,"CSV=1782097200000,0.008334,0.008361,0.00795,0.007982,46009637,0.00792522,0.008218543,0.007631897,3.5690387258,7.4022672358,17.484116206,17.9435888881,13.1617265137,0.008645,-3.0722525804,45302584.6,1.0156073303,2.6640096281,0.0075680285,-1,0.0070511487,0.0003177973"
2026-06-22T01:00:00.000-03:00,"CSV=1782100800000,0.007981,0.008183,0.007856,0.008179,43636755,0.00792494,0.0082180138,0.0076318662,3.5662364893,7.3962404027,16.2695227419,18.6940273553,12.7465699247,0.008645,-0.0244468891,46724225.6,0.9339214174,1.7683959276,0.0075680285,-1,0.0070623711,0.0003187176"
2026-06-22T02:00:00.000-03:00,"CSV=1782104400000,0.008175,0.008217,0.008045,0.008079,26921175,0.007923,0.0082147234,0.0076312766,3.5512264427,7.3639639194,16.4013067514,17.9897303733,12.2047128583,0.008645,-2.2149600581,47238178.4,0.5699029029,0.7581598961,0.0075680285,-1,0.0070724868,0.0003040458"
2026-06-22T03:00:00.000-03:00,"CSV=1782108000000,0.00808,0.008387,0.008013,0.008384,33870069,0.00792562,0.0082208625,0.0076303775,3.5913807131,7.4503311834,18.7456205271,16.5381341101,11.808157457,0.008645,1.8340823515,41298825.1,0.8201218538,1.0068302701,0.0075680285,-1,0.0070855367,0.0003110412"
2026-06-22T04:00:00.000-03:00,"CSV=1782111600000,0.008386,0.008505,0.007951,0.008063,61648126,0.0079201,0.0082100956,0.0076301044,3.5321830271,7.3230288359,19.035564026,14.6606518055,11.8865065116,0.008645,-4.3194493889,42705014.3,1.4435805024,-1.407270793,0.0075680285,-1,0.0070952627,0.0003353371"
2026-06-22T05:00:00.000-03:00,"CSV=1782115200000,0.008063,0.008213,0.008043,0.008106,24545617,0.00791584,0.0082014762,0.0076302038,3.4827416367,7.2168267018,18.3506391825,14.1331421068,11.9596322958,0.008645,-1.9119070668,42401694.3,0.5788829292,-1.307103983,0.0075680285,-1,0.0071053198,0.0003188034"
2026-06-22T06:00:00.000-03:00,"CSV=1782118800000,0.008105,0.00835,0.008026,0.008221,32779408,0.00792752,0.0082134554,0.0076415846,3.4813045227,7.2137413492,19.9887661215,13.165792441,12.5342763289,0.008645,-0.0243220236,41700116.8,0.7860747287,-0.8777756314,0.0075680285,-1,0.0071164211,0.0003193231"
2026-06-22T07:00:00.000-03:00,"CSV=1782122400000,0.008226,0.008477,0.008128,0.008453,41121436,0.00794468,0.0082358428,0.0076535172,3.5353127731,7.3297553223,21.1894756689,12.2019261492,13.4930418962,0.008645,0.4635131923,40108534,1.025254027,-0.4267774986,0.0075680285,-1,0.0071297204,0.0003222908"
2026-06-22T08:00:00.000-03:00,"CSV=1782126000000,0.008454,0.008662,0.008277,0.008414,58860686,0.00795624,0.008254252,0.007658228,3.6104056944,7.4912768758,23.3287793869,11.2301754627,14.9274119844,0.008662,-1.4754098361,42385564.2,1.3886965317,-0.9674838398,0.0075680285,-1,0.0071424993,0.0003285617"
2026-06-22T09:00:00.000-03:00,"CSV=1782129600000,0.008414,0.008859,0.008354,0.008846,69375107,0.0079817,0.0082995977,0.0076638023,3.8302781023,7.9656632601,24.9071996405,10.0997756833,16.7521508997,0.008859,6.1435085193,43876801.6,1.5811340952,2.5929143682,0.0075680285,-1,0.0071594495,0.0003462055"
2026-06-22T10:00:00.000-03:00,"CSV=1782133200000,0.008846,0.009649,0.008835,0.009604,379001682,0.0080222,0.0084079622,0.0076364378,4.5880582842,9.6173669703,35.5912679041,8.6040712805,19.7062371713,0.009649,20.3207216237,77176006.1,4.9108745211,34.9927809364,0.0080630451,-1,0.0071837734,0.000392985"
2026-06-22T11:00:00.000-03:00,"CSV=1782136800000,0.009599,0.010193,0.008969,0.009364,866802977,0.0080605,0.0084809557,0.0076400443,4.9576449385,10.4324959862,37.2966646967,6.9466598985,22.9656833543,0.010193,14.488323756,159492628.3,5.4347526042,49.5753390452,0.0081527406,-1,0.0072054672,0.0004760865"
2026-06-22T12:00:00.000-03:00,"CSV=1782140400000,0.009359,0.009466,0.009099,0.009453,186675974,0.00810158,0.0085544871,0.0076486729,5.2943810541,11.180711584,35.1231261308,6.5418292436,26.007833125,0.010193,17.0070553286,175468108.2,1.0638740904,39.0813478693,0.0081527406,-1,0.0072278307,0.0004651778"
2026-06-22T13:00:00.000-03:00,"CSV=1782144000000,0.009454,0.010074,0.009431,0.009848,321971056,0.00814806,0.0086552998,0.0076408202,5.8604528575,12.4505652203,40.9838439851,5.8967431262,29.2635483234,0.010193,17.4618320611,204278206.9,1.5761400146,35.228329326,0.0083036199,-1,0.0072539021,0.00048296"
2026-06-22T14:00:00.000-03:00,"CSV=1782147600000,0.009848,0.010563,0.009732,0.010236,491345701,0.00819294,0.0087777312,0.0076081488,6.6622134779,14.2754906157,43.1296451341,5.1883116897,32.5475978935,0.010563,26.9502666501,247247964.4,1.9872588322,41.3379380276,0.0085942079,-1,0.0072835747,0.000517764"
2026-06-22T15:00:00.000-03:00,"CSV=1782151200000,0.010238,0.01086,0.010134,0.010549,481087588,0.0082442,0.0089146603,0.0075737397,7.5208734316,16.2650183033,42.905172815,4.6638334562,35.7371775883,0.01086,30.1381692573,292902161.5,1.6424856189,44.0591285465,0.0088812371,-1,0.0073160665,0.0005385876"
2026-06-22T16:00:00.000-03:00,"CSV=1782154800000,0.010555,0.011056,0.010417,0.010963,679823837,0.00830448,0.009073881,0.007535079,8.4792939439,18.5297826236,41.8405637227,4.2579260413,38.7898211257,0.011056,33.3536066172,357606604.4,1.90103826,50.5082464606,0.0090906134,-1,0.0073523544,0.0005486289"
2026-06-22T17:00:00.000-03:00,"CSV=1782158400000,0.010961,0.011119,0.01017,0.010584,770489831,0.00835702,0.0091881198,0.0075259202,9.0453741369,19.8898605785,36.7509883309,6.9060109414,40.7613271351,0.011119,25.2099846208,430543443.9,1.7895751101,48.7105513079,0.0090906134,-1,0.0073845101,0.000588666"
2026-06-22T18:00:00.000-03:00,"CSV=1782162000000,0.010584,0.010917,0.010306,0.010888,339054251,0.00842456,0.009318969,0.007530151,9.5977247428,21.2333698804,33.9058893123,6.3713781099,42.6013994106,0.011119,29.4033753268,458562800.4,0.7393845526,39.7205013753,0.0090906134,-1,0.0074193707,0.0005908994"
2026-06-22T19:00:00.000-03:00,"CSV=1782165600000,0.010884,0.011036,0.010511,0.010939,307614860,0.00849206,0.0094444507,0.0075396693,10.084130399,22.4301459658,33.1581558496,5.9474971382,44.400133947,0.011119,23.6604114854,482386775.7,0.6376933936,31.5096969478,0.0090906134,-1,0.0074543918,0.0005843094"
2026-06-22T20:00:00.000-03:00,"CSV=1782169200000,0.01094,0.011028,0.010632,0.010722,267372745,0.00855416,0.0095478047,0.0075605153,10.4070485963,23.2318467764,31.4663296869,5.6440384264,46.0789528477,0.011119,11.6409829238,471223882,0.5674006671,23.2081651241,0.0091335645,-1,0.0074869054,0.0005654785"
2026-06-22T21:00:00.000-03:00,"CSV=1782172800000,0.010717,0.012399,0.010657,0.012169,900792777,0.00864466,0.009750966,0.007538354,11.345604359,25.5951310187,40.6236258423,4.5498773809,48.3307553607,0.012399,29.9551473729,474622862,1.8979127411,34.4228620361,0.0094786081,-1,0.0075334934,0.0006831306"
2026-06-22T22:00:00.000-03:00,"CSV=1782176400000,0.012168,0.012566,0.01191,0.012078,705020058,0.00873212,0.0099297681,0.0075344719,12.0611892224,27.430867249,39.5233964027,4.2198096553,50.4891347018,0.012566,27.7689622342,526457270.4,1.3391781207,35.3444369102,0.0101967472,-1,0.0075787123,0.0006804176"
2026-06-22T23:00:00.000-03:00,"CSV=1782180000000,0.012074,0.012241,0.009666,0.010118,1579169431,0.00878224,0.0099843918,0.0075800882,12.0403105825,27.3768828932,30.2838431394,23.6057332749,47.9493397696,0.012566,2.7416734362,652177107.9,2.4213812657,25.7758368386,0.0123841981,1,0.0076039789,0.0008698758"
2026-06-23T00:00:00.000-03:00,"CSV=1782183600000,0.010118,0.010745,0.00977,0.010571,547956726,0.00883988,0.0100572281,0.0076225319,12.1042105743,27.5421852476,27.6605427792,21.5609159009,45.5788644995,0.012566,3.272762798,657838210.4,0.8329657921,18.0925910445,0.0123841981,1,0.0076335015,0.0008803882"
2026-06-23T01:00:00.000-03:00,"CSV=1782187200000,0.010575,0.010675,0.009954,0.0102,434928835,0.00888988,0.0101107192,0.0076690408,12.0747017007,27.4658191312,25.884051199,20.1761713619,43.3664209141,0.012566,-3.3083704617,653222335.1,0.6658205203,11.327467049,0.0123841981,1,0.0076590388,0.0008644494"
2026-06-23T02:00:00.000-03:00,"CSV=1782190800000,0.010194,0.010438,0.009903,0.009992,232839989,0.00893232,0.0101538508,0.0077107892,12.0302217953,27.3508062446,24.6266068504,19.659113198,41.2231208325,0.012566,-8.8570646721,608523950.3,0.3826307722,6.4219828677,0.0123841981,1,0.0076822523,0.0008315045"
2026-06-23T03:00:00.000-03:00,"CSV=1782194400000,0.009999,0.01025,0.009295,0.009854,490276962,0.00897344,0.0101906922,0.0077561878,11.9447446317,27.130111841,22.5330298962,23.4001704457,38.6007680833,0.012566,-6.8972033258,580502663.4,0.8445731483,2.3395910028,0.0123040621,1,0.0077038617,0.000843854"
2026-06-23T04:00:00.000-03:00,"CSV=1782198000000,0.009854,0.009887,0.00941,0.00951,250864769,0.00900678,0.010215412,0.007798148,11.8314561642,26.8382705428,21.5525013029,22.3819080852,36.1532388507,0.012566,-12.6561351947,571683715.2,0.4388174131,-0.2915168333,0.0120700059,1,0.0077218333,0.0008071686"
2026-06-23T05:00:00.000-03:00,"CSV=1782201600000,0.009506,0.009862,0.009367,0.009626,332289981,0.00903968,0.0102423159,0.0078370441,11.7418354722,26.6079303484,20.5578553519,21.7498832778,33.9308574251,0.012566,-12.0029253131,574151227.3,0.5787499272,-2.5099086059,0.0119423553,1,0.0077407802,0.0007759518"
2026-06-23T06:00:00.000-03:00,"CSV=1782205200000,0.009623,0.010458,0.009619,0.010415,564023157,0.00908956,0.010296476,0.007882644,11.7216415171,26.5560930641,24.4613141961,20.0680033444,32.3265408404,0.012566,-2.8632717777,603816268.5,0.934097318,-2.5647972334,0.0119423553,1,0.0077673894,0.0007822566"
2026-06-23T07:00:00.000-03:00,"CSV=1782208800000,0.010408,0.01053,0.009952,0.010423,516713037,0.00913974,0.0103488929,0.0079305871,11.6838861316,26.4592397012,23.8131176642,18.9844148739,30.9236158725,0.012566,-14.3479332731,565408294.5,0.9138759407,-6.0806084945,0.0119423553,1,0.0077938133,0.0007618309"
2026-06-23T08:00:00.000-03:00,"CSV=1782212400000,0.010427,0.0106,0.010091,0.010328,414479090,0.00919076,0.010395146,0.007986374,11.5860421262,26.2086267934,23.3254102363,18.0641135786,29.7094856606,0.012566,-14.4891538334,536354197.7,0.7727712243,-7.7860060452,0.0119423553,1,0.0078190291,0.0007365478"
2026-06-23T09:00:00.000-03:00,"CSV=1782216000000,0.010327,0.01103,0.010321,0.011001,739037376,0.00925222,0.0104689436,0.0080354964,11.6222197787,26.3012258277,25.84349287,16.8453890842,29.1340753416,0.012566,8.7270211504,452340992.2,1.633805887,-0.4379178528,0.0119423553,1,0.0078506905,0.0007337931"
2026-06-23T10:00:00.000-03:00,"CSV=1782219600000,0.010996,0.011128,0.010517,0.010988,524668668,0.0093126,0.010539016,0.008086184,11.6369119526,26.3388530431,25.2685627761,15.8575564935,28.717355856,0.012566,3.9447545171,450012186.4,1.1658987998,1.2411162837,0.0119423553,1,0.0078819075,0.0007215137"
2026-06-23T11:00:00.000-03:00,"CSV=1782223200000,0.010993,0.011125,0.009446,0.009628,851937173,0.00934938,0.0105569834,0.0081417766,11.4389055946,25.8328008962,21.5481947366,22.914498216,27.0077268731,0.012566,-5.6078431373,491713020.2,1.7325902264,-2.4112872145,0.0119423553,1,0.0078992816,0.0008172624"
2026-06-23T12:00:00.000-03:00,"CSV=1782226800000,0.009634,0.009938,0.0095,0.009822,235896655,0.00938738,0.0105792613,0.0081954987,11.2662051931,25.3932680724,20.6964906833,22.0087902786,25.4120731558,0.012566,-1.7013610889,492018686.8,0.4794465359,-1.8794287031,0.0119423553,1,0.0079184131,0.0007793361"
2026-06-23T13:00:00.000-03:00,"CSV=1782230400000,0.009822,0.01,0.009608,0.009935,156475205,0.00943536,0.0105997158,0.0082710042,10.9847834894,24.6806870105,20.5182809513,21.2050917769,23.8276753269,0.012566,0.8220012178,458638511.1,0.3411732796,-1.1594708516,0.0119423553,1,0.0079384787,0.0007406025"
2026-06-23T14:00:00.000-03:00,"CSV=1782234000000,0.009936,0.010057,0.009852,0.009984,84119381,0.00947214,0.0106241345,0.0083201455,10.843184276,24.3238482397,20.6643830068,20.7799128554,22.2577475949,0.012566,4.9842271293,441963972.3,0.1903308556,-0.4567631631,0.0119423553,1,0.0079588321,0.0006870423"
2026-06-23T15:00:00.000-03:00,"CSV=1782237600000,0.009984,0.010196,0.009802,0.009912,102475588,0.00951088,0.0106442958,0.0083774642,10.6481053959,23.8340897932,21.2438901344,19.9559464893,20.9823037022,0.012566,2.9711198836,418982533,0.244582005,-0.0622812892,0.0119423553,1,0.0079782666,0.000657738"
2026-06-23T16:00:00.000-03:00,"CSV=1782241200000,0.009917,0.009978,0.009467,0.009568,110090825,0.00953754,0.0106562127,0.0084188673,10.4978449188,23.4583064717,20.1344752711,22.3373980989,19.9292688192,0.012566,-8.1325012002,373589299.8,0.2946840958,-0.840360447,0.0116516927,1,0.0079940849,0.0006430642"
2026-06-23T17:00:00.000-03:00,"CSV=1782244800000,0.00957,0.009586,0.008082,0.008242,599170391,0.00953876,0.0106559849,0.0084215351,10.4844830076,23.4249510248,17.2875079305,32.1999356925,20.6095682677,0.012566,-20.9248776744,381835035.2,1.5691865224,-11.5052523075,0.0110214734,1,0.0079965517,0.0007291578"
2026-06-23T18:00:00.000-03:00,"CSV=1782248400000,0.008247,0.008556,0.008123,0.008355,189239929,0.00954062,0.0106557933,0.0084254467,10.4654180057,23.3773761435,16.565009127,30.8542000835,21.2445144196,0.012241,-19.1034082107,359311119.1,0.5266742913,-11.0239261985,0.0104381261,1,0.0080001183,0.000699542"
2026-06-23T19:00:00.000-03:00,"CSV=1782252000000,0.008358,0.008718,0.008331,0.00854,175632600,0.00954676,0.0106555437,0.0084379763,10.4056977526,23.2284810342,17.5384090708,29.6668928992,21.5410837395,0.011128,-22.3706935733,302970641.5,0.5797017134,-11.6720605974,0.0104381261,1,0.0080054903,0.0006682878"
2026-06-23T20:00:00.000-03:00,"CSV=1782255600000,0.008541,0.008603,0.008333,0.008354,114911306,0.0095453,0.0106556042,0.0084349958,10.419908251,23.2638927858,17.0480222058,28.8373846728,21.8178817713,0.011128,-23.9716053877,261994905.3,0.4386012998,-11.2860328252,0.0103533771,1,0.008008958,0.000628459"
2026-06-23T21:00:00.000-03:00,"CSV=1782259200000,0.008356,0.008574,0.008247,0.00848,112759075,0.00954962,0.0106553412,0.0084438988,10.3771544126,23.1573865895,16.4511357403,28.7485348881,22.1771452224,0.011128,-11.9235562941,188077095.5,0.5995364545,-9.9068907718,0.0102054394,1,0.008013645,0.0005983131"
2026-06-23T22:00:00.000-03:00,"CSV=1782262800000,0.008481,0.008878,0.008288,0.008635,200470220,0.00955786,0.0106551675,0.0084605525,10.298359662,22.9613630768,18.6746063403,26.9260738836,21.9050057831,0.011128,-12.0851150479,184534452,1.0863566008,-10.9808420157,0.0102054394,1,0.0080198277,0.0005974818"
2026-06-23T23:00:00.000-03:00,"CSV=1782266400000,0.008635,0.008678,0.00825,0.008307,105324346,0.00955572,0.010655358,0.008456082,10.3200477053,23.0152836643,17.7976842581,26.0785962082,21.7028935698,0.011128,-16.3865123301,179419366.1,0.5870288603,-10.5270132297,0.0102054394,1,0.0080226851,0.0005805336"
2026-06-24T00:00:00.000-03:00,"CSV=1782270000000,0.008304,0.008412,0.008254,0.008385,79346227,0.00955262,0.0106553313,0.0084499087,10.3489159217,23.087095997,17.473152385,25.6030660463,21.5142555041,0.011128,-16.015625,178942050.7,0.4434185631,-9.3852172947,0.0099478408,1,0.0080262902,0.0005382803"
2026-06-24T01:00:00.000-03:00,"CSV=1782273600000,0.008386,0.008486,0.007883,0.007908,210407600,0.0095441,0.010657785,0.008430415,10.449498057,23.3376649606,16.2607211676,28.0956745744,21.8587387225,0.011128,-20.2179176755,189735251.9,1.1089536493,-13.7303893925,0.0098187568,1,0.0080251132,0.0005447523"
2026-06-24T02:00:00.000-03:00,"CSV=1782277200000,0.007908,0.007965,0.007568,0.007736,295490295,0.00953918,0.0106602739,0.0084180861,10.5165581719,23.5050372607,15.5019537053,30.4871052552,22.5737672419,0.011128,-19.1471571906,208275198.9,1.4187493113,-18.2085982875,0.0093564311,1,0.0080222365,0.000529977"
2026-06-24T03:00:00.000-03:00,"CSV=1782280800000,0.00774,0.007786,0.007508,0.007514,158307042,0.00952588,0.0106668007,0.0083849593,10.6959968007,23.9541261703,14.9775949892,30.1859119433,23.3137765048,0.011128,-8.832807571,164188864,0.9641764864,-14.977860648,0.009161338,1,0.0080171794,0.0005047793"
2026-06-24T04:00:00.000-03:00,"CSV=1782284400000,0.007519,0.007624,0.007454,0.007486,149712861,0.00951402,0.0106728609,0.0083551791,10.8578282961,24.3606995175,14.6528580104,30.2201425908,24.0723163009,0.011128,-10.4009575105,160236157.2,0.9343263319,-13.2245365918,0.0089529042,1,0.008011894,0.0004713014"
2026-06-24T05:00:00.000-03:00,"CSV=1782288000000,0.007491,0.00764,0.007378,0.007563,155019794,0.0094976,0.010677953,0.008317247,11.0541134942,24.8558172355,14.146391279,30.1782329871,24.8787721622,0.011128,-11.4402810304,158174876.6,0.9800532002,-12.5537190728,0.0088601138,1,0.0080074274,0.0004503713"
2026-06-24T06:00:00.000-03:00,"CSV=1782291600000,0.007564,0.00757,0.007323,0.007451,139297300,0.00948536,0.0106835642,0.0082871558,11.2153978695,25.2642859244,13.6691595825,29.9113527257,25.7048136645,0.011125,-10.8091932009,160613476,0.8672827677,-11.4940217139,0.0087366024,1,0.0080018908,0.0004300341"
2026-06-24T07:00:00.000-03:00,"CSV=1782295200000,0.007449,0.007761,0.007375,0.007566,193434671,0.00947456,0.0106874915,0.0082616285,11.349076044,25.6039656161,15.583903819,28.31212728,25.9242458735,0.010196,-10.7783018868,168681035.6,1.1467481825,-11.7826805091,0.0087366024,1,0.0079975536,0.0004256307"
2026-06-24T08:00:00.000-03:00,"CSV=1782298800000,0.007567,0.00784,0.007541,0.007805,236379512,0.00946624,0.0106891276,0.0082433524,11.4404808192,25.8368178261,16.0443662169,27.1092051138,25.9053368108,0.010196,-9.6120440069,172271964.8,1.3721298894,-12.2514446326,0.0087366024,1,0.0079956376,0.0004129676"
2026-06-24T09:00:00.000-03:00,"CSV=1782302400000,0.00781,0.008362,0.007523,0.008213,348368953,0.00946144,0.0106887583,0.0082341217,11.48232784,25.9435829248,21.2742841315,24.0385735204,24.5850111947,0.010196,-1.1315757795,196576425.5,1.7721807288,-8.8360820182,0.0087366024,1,0.0079978004,0.0004555709"
2026-06-24T10:00:00.000-03:00,"CSV=1782306000000,0.008214,0.008731,0.007918,0.008126,514845937,0.00945568,0.0106885637,0.0082227963,11.5346063102,26.0771038913,23.81158011,21.5091268913,23.2847008427,0.010196,-3.0888491354,240126396.5,2.1440622293,-8.0982829332,0.0087366024,1,0.0079990761,0.0004913138"
2026-06-24T11:00:00.000-03:00,"CSV=1782309600000,0.008126,0.008141,0.007802,0.007988,149168498,0.00943852,0.0106856589,0.0081913811,11.6711462362,26.4265769087,22.7424596598,22.0797578677,21.8309549091,0.009978,1.0116337886,234002486.3,0.6374654405,-5.1838947626,0.0087366024,1,0.0079989659,0.0004760824"
2026-06-24T12:00:00.000-03:00,"CSV=1782313200000,0.007988,0.00846,0.007904,0.008149,195164856,0.00940942,0.0106692685,0.0081495715,11.8081990178,26.7784508,25.2750715168,20.4650652091,21.0766207237,0.009586,5.3386763185,223969942.4,0.8713886065,-1.9052426025,0.0087366024,1,0.0080004587,0.0004840742"
2026-06-24T13:00:00.000-03:00,"CSV=1782316800000,0.008149,0.008348,0.007481,0.007654,210626350,0.00937522,0.0106588232,0.0080916168,12.0426353683,27.3828926518,22.5231715772,23.5489114575,19.8199380432,0.008878,1.8631887144,229201873.2,0.9189556222,-0.6994324869,0.0087366024,1,0.0079970114,0.0005223668"
2026-06-24T14:00:00.000-03:00,"CSV=1782320400000,0.007654,0.007948,0.007442,0.007679,208119717,0.00933974,0.0106450371,0.0080344429,12.2620252589,27.9514663863,21.0874848917,22.5391385112,18.7204387699,0.008878,2.5781458723,235042558.8,0.8854554599,0.2946561217,0.0087366024,1,0.0079938471,0.0005207301"
2026-06-24T15:00:00.000-03:00,"CSV=1782324000000,0.007684,0.00811,0.007672,0.007834,138880010,0.00929946,0.0106194436,0.0079794764,12.4298751534,28.3883919892,21.9749219236,21.2810532815,17.5793494483,0.008878,3.5832341663,233428580.4,0.5949571803,0.9070610465,0.0087366024,1,0.0079922566,0.0005124571"
2026-06-24T16:00:00.000-03:00,"CSV=1782327600000,0.00783,0.00826,0.0078,0.007968,131576888,0.0092541,0.0105800761,0.0079281239,12.5327654668,28.6570520577,22.6033448435,20.0234092896,16.8108851956,0.008878,6.9386659509,232656539.2,0.5655413274,1.9127414817,0.0087366024,1,0.0079920152,0.0005072114"
2026-06-24T17:00:00.000-03:00,"CSV=1782331200000,0.007969,0.00823,0.007824,0.008116,80373999,0.00920544,0.0105276408,0.0078832392,12.559326842,28.7265099602,21.4070118608,18.9636252123,16.0936518932,0.008878,7.2693629395,221350472,0.3631074209,2.1550141973,0.0087366024,1,0.0079932489,0.0004970902"
2026-06-24T18:00:00.000-03:00,"CSV=1782334800000,0.008113,0.008127,0.007975,0.008038,29520300,0.00914694,0.0104547132,0.0078391668,12.508934228,28.5947693461,20.9619786541,18.5693878944,15.4242341442,0.008731,2.9852658552,200664550.8,0.1471126808,1.5830662857,0.0087366024,1,0.0079936942,0.0004625812"
2026-06-24T19:00:00.000-03:00,"CSV=1782338400000,0.008036,0.008087,0.007954,0.007994,26815866,0.00909514,0.0103962434,0.0077940366,12.5151302989,28.6109594531,20.5612438815,18.5162436609,14.7448313804,0.008731,-2.6665043224,168509242.1,0.1591358769,0.9139320227,0.0087366024,1,0.0079936972,0.0004296231"
2026-06-24T20:00:00.000-03:00,"CSV=1782342000000,0.007992,0.008032,0.0079,0.007984,37925553,0.00903706,0.0103215453,0.0077525747,12.4446995701,28.4270615461,20.1515876774,18.9623921942,13.9645315303,0.008731,-1.7474772336,120817203.7,0.3139085481,0.426438668,0.0087366024,1,0.0079936007,0.0003998608"
2026-06-24T21:00:00.000-03:00,"CSV=1782345600000,0.007983,0.00819,0.007929,0.008007,60236689,0.00897842,0.0102414864,0.0077153536,12.33284287,28.1356057929,21.7871360447,18.1944324344,13.6326227363,0.008731,0.2378567852,111924022.8,0.538192673,0.3269633717,0.0087366024,1,0.0079937341,0.0003859747"
2026-06-24T22:00:00.000-03:00,"CSV=1782349200000,0.008007,0.008018,0.007843,0.007931,42033911,0.0089226,0.0101689392,0.0076762608,12.2563340456,27.9366810408,21.1711780056,19.069395117,13.0719841619,0.008731,-2.6751748681,96610928.3,0.4350844334,-0.1700000661,0.0087366024,1,0.0079931098,0.0003648772"
2026-06-24T23:00:00.000-03:00,"CSV=1782352800000,0.007932,0.008291,0.007858,0.007987,56998114,0.00883896,0.0100021841,0.0076757359,11.629701001,26.3203839587,24.0909921465,17.7398189071,13.2127187419,0.008731,4.3506663183,81248104.7,0.7015316137,0.9040432769,0.0087366024,1,0.007993049,0.0003716895"
2026-06-25T00:00:00.000-03:00,"CSV=1782356400000,0.007987,0.008032,0.007757,0.007831,42862119,0.00875402,0.0098293653,0.0076786747,10.9401298481,24.5680345805,22.9997828079,18.5998618143,13.0369923933,0.008731,1.9794244042,64722344.9,0.6622460769,1.0396508667,0.0087366024,1,0.0079914366,0.0003620206"
2026-06-25T01:00:00.000-03:00,"CSV=1782360000000,0.007832,0.007879,0.007784,0.007856,22738402,0.00870878,0.0097733179,0.0076442421,10.8922874546,24.4474628367,22.6205458937,18.293173953,12.8729811346,0.008731,0.2808271636,53108184.1,0.4281525039,0.7331795289,0.0087366024,1,0.007990089,0.0003353185"
2026-06-25T02:00:00.000-03:00,"CSV=1782363600000,0.007857,0.007982,0.007795,0.007978,49195851,0.00865692,0.0096922339,0.0076216061,10.6818917711,23.9187595504,23.711398837,17.6784060311,12.9865181172,0.008731,0.125502008,44870080.4,1.0964065712,0.534653428,0.0087366024,1,0.0079899687,0.0003204866"
2026-06-25T03:00:00.000-03:00,"CSV=1782367200000,0.007978,0.008019,0.007822,0.007834,30440949,0.0086096,0.0096272236,0.0075919764,10.5702707874,23.6392771856,23.5312385653,17.0323294113,13.1888530549,0.008731,-3.4746180384,39876775.4,0.7633753907,-0.5277103488,0.0087366024,1,0.0079884168,0.000308138"
2026-06-25T04:00:00.000-03:00,"CSV=1782370800000,0.007834,0.008184,0.00772,0.008131,52589191,0.00857238,0.0095726465,0.0075721135,10.449215733,23.3369608509,24.5469644871,15.5941362392,13.7964891838,0.008731,1.1570042299,42183664.5,1.2466719434,0.1289946714,0.0087366024,1,0.0079898355,0.0003237242"
2026-06-25T05:00:00.000-03:00,"CSV=1782374400000,0.008126,0.008186,0.007971,0.008113,47003115,0.00853756,0.0095227961,0.0075523239,10.346080132,23.0800396619,23.5967709386,14.9667231113,14.3686433456,0.008731,1.4886164623,44202389.4,1.0633614073,0.613642213,0.0087366024,1,0.007991061,0.0003128518"
2026-06-25T06:00:00.000-03:00,"CSV=1782378000000,0.008113,0.00912,0.008104,0.008645,702435165,0.00852026,0.0094958157,0.0075447043,10.273532705,22.8996705537,35.1609708269,12.4338357599,16.5941532554,0.00912,8.2790581162,110653350.6,6.348069545,17.9277737051,0.0087366024,1,0.0079975679,0.0003831666"
2026-06-25T07:00:00.000-03:00,"CSV=1782381600000,0.008641,0.008957,0.0082,0.00834,510047344,0.00849454,0.0094574752,0.0075316048,10.1817361032,22.6718612929,30.9761065674,10.9539586787,18.671295838,0.00912,4.1588609966,155634416.1,3.2772143642,16.4950088023,0.0087366024,1,0.0080009752,0.0004205499"
2026-06-25T08:00:00.000-03:00,"CSV=1782385200000,0.008336,0.008348,0.00805,0.008317,154126225,0.00845258,0.0093758083,0.0075293517,9.8469199079,21.8448884894,29.4954343686,12.8364179088,20.0501017279,0.00912,4.8669776825,166843647.5,0.9237764057,12.4953389182,0.0087366024,1,0.0080041197,0.0004082949"
2026-06-25T09:00:00.000-03:00,"CSV=1782388800000,0.00832,0.008327,0.007905,0.007989,146566276,0.0084039,0.0092851649,0.0075226351,9.4911067585,20.9727606175,27.5009133372,14.2918843626,20.8204945207,0.00912,0.0250406911,175800463.7,0.8337081309,8.3371848214,0.0087366024,1,0.0080039692,0.0004096654"
2026-06-25T10:00:00.000-03:00,"CSV=1782392400000,0.007985,0.008086,0.006681,0.006854,377289087,0.00833442,0.0091980177,0.0074708223,9.3889543993,20.7236421057,22.1563806424,28.4448161643,20.2609578358,0.00912,-12.4760566977,209243160.5,1.8031131154,-1.9404572723,0.0087366024,1,0.0079925268,0.0005091989"
2026-06-25T11:00:00.000-03:00,"CSV=1782396000000,0.00686,0.007299,0.006839,0.007082,207202523,0.00825604,0.009049019,0.007463061,8.763148699,19.2096692818,20.7423302211,26.6294292142,19.7387235966,0.00912,-9.8523421589,227689572.6,0.9100220121,-4.2822542601,0.008581837,1,0.0079834668,0.000504279"
2026-06-25T12:00:00.000-03:00,"CSV=1782399600000,0.007082,0.007281,0.007021,0.007232,73207097,0.00818092,0.0088843926,0.0074774474,7.9180720761,17.197885089,19.970479507,25.6385114274,19.2513049734,0.00912,-9.3507144648,230090697.2,0.3181662618,-3.8465301288,0.008581837,1,0.0079759895,0.0004798511"
2026-06-25T13:00:00.000-03:00,"CSV=1782403200000,0.007231,0.007281,0.007068,0.007105,51875847,0.00813046,0.0088186451,0.0074422749,7.8037512188,16.9285655805,19.338831015,24.8275881306,18.796380925,0.00912,-9.3055910135,232234187,0.2233773058,-3.257239369,0.008533998,1,0.007967323,0.000453166"
2026-06-25T14:00:00.000-03:00,"CSV=1782406800000,0.007106,0.007195,0.006919,0.007066,69265460,0.00807534,0.0087356399,0.0074150401,7.5586891182,16.3534875177,18.5253523812,26.0541019871,18.669181155,0.00912,-13.0980199237,233901813.9,0.2961304953,-3.4644006218,0.0083633482,1,0.0079583546,0.0004354494"
2026-06-25T15:00:00.000-03:00,"CSV=1782410400000,0.007066,0.007335,0.007012,0.007137,57709289,0.00801938,0.0086368809,0.0074018791,7.1495818067,15.4002145511,19.7687839505,24.7487550542,18.170338231,0.00912,-12.030075188,234972431.3,0.2456002548,-3.2944635917,0.0083633482,1,0.0079501819,0.0004242045"
2026-06-25T16:00:00.000-03:00,"CSV=1782414000000,0.007141,0.007144,0.007,0.007095,35343314,0.0079616,0.008525394,0.007397806,6.6131141591,14.1628326067,19.3067413538,24.3650883554,17.7311577665,0.00912,-17.9294389821,168263246.2,0.2100477365,-3.4516550861,0.008260552,1,0.0079416726,0.000396184"
2026-06-25T17:00:00.000-03:00,"CSV=1782417600000,0.007095,0.007908,0.007088,0.007616,184079246,0.00791568,0.0084076786,0.0074236814,5.8517773702,12.4309885132,28.5251413803,21.3242679222,17.5120974709,0.00912,-8.6810551559,135666436.4,1.3568517821,-6.2274051103,0.008260552,1,0.0079384321,0.0004385656"
2026-06-25T18:00:00.000-03:00,"CSV=1782421200000,0.007616,0.007738,0.007535,0.007738,36202374,0.00787908,0.0083112273,0.0074469327,5.1995603973,10.9694858359,27.6111284298,20.640987977,17.3076411949,0.00912,-6.9616448239,123874051.3,0.2922514733,-4.8297870591,0.008260552,1,0.0079364377,0.0004150091"
2026-06-25T19:00:00.000-03:00,"CSV=1782424800000,0.007737,0.007742,0.007532,0.007614,33632945,0.00786652,0.00829706,0.00743598,5.1890664133,10.9461350438,26.7294801748,19.9330664193,17.1248004265,0.00912,-4.693954187,112580718.2,0.2987451629,-3.6872900755,0.008260552,1,0.0079332294,0.0003945081"
2026-06-25T20:00:00.000-03:00,"CSV=1782428400000,0.007613,0.007657,0.007545,0.007608,27886914,0.00785158,0.0082778497,0.0074253103,5.1495219216,10.8581886479,26.2156991593,19.5499227502,16.9541490426,0.00912,11.0008754012,77640500.9,0.3591799857,-1.141095294,0.008260552,1,0.0079299933,0.0003662573"
2026-06-25T21:00:00.000-03:00,"CSV=1782432000000,0.007608,0.007698,0.00757,0.007651,24533136,0.0078338,0.008249391,0.007418209,5.0378391147,10.6102031961,26.3494295808,19.100366125,16.887179523,0.00912,8.0344535442,59373562.2,0.4131996648,0.3458809745,0.008260552,1,0.0079272172,0.0003424316"
2026-06-25T22:00:00.000-03:00,"CSV=1782435600000,0.007651,0.008149,0.007649,0.007808,66359798,0.00782288,0.0082317783,0.0074139817,4.9673143749,10.4539071841,31.9550170923,17.4235013278,17.7232889503,0.00912,7.9646017699,58688832.3,1.1307057135,3.232460892,0.008260552,1,0.007926031,0.0003581884"
2026-06-25T23:00:00.000-03:00,"CSV=1782439200000,0.007808,0.007899,0.007365,0.007446,91930173,0.0078022,0.0082034166,0.0074009834,4.8908481287,10.2847055883,29.0378867249,20.687985207,17.6611940515,0.00912,4.7994370162,62694264.9,1.4663250801,4.5008188837,0.008260552,1,0.0079212546,0.0003757696"
2026-06-26T00:00:00.000-03:00,"CSV=1782442800000,0.007443,0.007647,0.007383,0.00757,44700748,0.0077809,0.0081652544,0.0073965456,4.7071948088,9.8794338131,27.6985207753,19.7337565741,17.6032388126,0.00912,7.1327483725,60237793.7,0.742071468,4.7648822743,0.008260552,1,0.0079177595,0.0003645926"
2026-06-26T01:00:00.000-03:00,"CSV=1782446400000,0.007571,0.007729,0.007546,0.007667,28942108,0.0077681,0.0081453113,0.0073908887,4.6310231992,9.7118022118,28.2652452573,19.0801354396,17.7230378123,0.00912,7.4260893933,57361075.6,0.5045600644,4.4255575638,0.008260552,1,0.0079152644,0.0003464334"
2026-06-26T02:00:00.000-03:00,"CSV=1782450000000,0.007671,0.007733,0.007598,0.007659,19283077,0.00775358,0.0081206008,0.0073865592,4.5196257984,9.4671304677,27.619741816,18.593369347,17.8436392725,0.008957,7.9492600423,55755051.9,0.345853449,3.8667980435,0.008260552,1,0.0079127145,0.00032529"
2026-06-26T03:00:00.000-03:00,"CSV=1782453600000,0.007657,0.007813,0.007623,0.007783,32340956,0.00775108,0.0081174656,0.0073846944,4.5135464619,9.4537943229,28.1563559485,17.9045805539,18.1378622727,0.008348,2.1927521008,40581222.9,0.7969438496,3.1603654625,0.008260552,1,0.0079114238,0.000311761"
2026-06-26T04:00:00.000-03:00,"CSV=1782457200000,0.007786,0.007947,0.007742,0.007794,34197653,0.00775224,0.0081186678,0.0073858122,4.5133982789,9.4534692774,29.6843936705,17.169314663,18.70940265,0.008327,0.7237012148,40380750.8,0.8468800684,2.3112063531,0.008260552,1,0.0079102554,0.0003010849"
2026-06-26T05:00:00.000-03:00,"CSV=1782460800000,0.007795,0.008137,0.00777,0.008014,68446823,0.00776224,0.0081288523,0.0073956277,4.5100124771,9.4460426565,31.2971119353,15.9156535052,19.6340441081,0.008149,5.2534804308,43862138.6,1.5604989904,4.2734878714,0.008260552,1,0.0079112877,0.0003076764"
2026-06-26T06:00:00.000-03:00,"CSV=1782464400000,0.008012,0.008158,0.007894,0.007997,59820370,0.00777246,0.0081383509,0.0074065691,4.4958853162,9.4150609764,30.0534589459,15.0676940455,20.5392600159,0.008158,5.1130389064,47055484.2,1.271273073,5.0156814752,0.008260552,1,0.0079121405,0.0003033088"
2026-06-26T07:00:00.000-03:00,"CSV=1782468000000,0.007998,0.008084,0.007907,0.008011,39803179,0.00778142,0.0081475572,0.0074152828,4.4938278269,9.410549548,28.9456460318,14.5122775765,21.3841281965,0.008158,4.7052672853,48582488.5,0.8192906586,4.6287814945,0.008260552,1,0.0079131242,0.0002906779"
2026-06-26T08:00:00.000-03:00,"CSV=1782471600000,0.008007,0.008216,0.007986,0.008124,52299989,0.00779488,0.0081609933,0.0074287667,4.4861364645,9.3936865257,30.3342252594,13.8038584932,22.4552851582,0.008216,4.0471311475,47176507.6,1.1086023884,4.5814074151,0.008260552,1,0.0079152225,0.0002846101"
2026-06-26T09:00:00.000-03:00,"CSV=1782475200000,0.008125,0.00828,0.007922,0.007963,67223701,0.00780282,0.0081681876,0.0074374524,4.4730556837,9.3650136424,28.0506466485,12.7646957741,23.4550316558,0.00828,6.9433252753,44705860.4,1.5036887871,6.5344717306,0.008260552,1,0.0079156979,0.0002919491"
2026-06-26T10:00:00.000-03:00,"CSV=1782478800000,0.007962,0.008118,0.007749,0.00794,79086393,0.00780552,0.0081713922,0.0074396478,4.4774766488,9.3747034557,25.8976196757,15.3834817008,23.5893372745,0.00828,4.8877146631,48144424.9,1.6426905745,7.0326487564,0.008260552,1,0.0079159397,0.0002996542"
2026-06-26T11:00:00.000-03:00,"CSV=1782482400000,0.00794,0.008599,0.007912,0.008476,134984450,0.00781078,0.0081842835,0.0074372765,4.5636674671,9.5637947225,31.7554291517,13.340876019,24.7389707944,0.008599,10.5517151428,58748659.1,2.297660101,12.7698507978,0.0072471696,-1,0.0079215124,0.0003383888"
2026-06-26T12:00:00.000-03:00,"CSV=1782486000000,0.008475,0.008573,0.008156,0.00827,137345300,0.00781366,0.0081901264,0.0074371936,4.5965883077,9.636108869,29.2312518751,12.2804357417,25.8119620797,0.008599,7.9775427602,70554881.4,1.9466448993,13.6897148396,0.0073257503,-1,0.00792498,0.0003462499"
2026-06-26T13:00:00.000-03:00,"CSV=1782489600000,0.00827,0.008347,0.008161,0.008303,54915821,0.00781996,0.0082018873,0.0074380327,4.6565778822,9.7680107947,28.1614651011,11.831004161,26.8134206127,0.008599,6.6812283181,72812367.9,0.7542100688,10.8061597828,0.0073257503,-1,0.0079287414,0.0003302249"
2026-06-26T14:00:00.000-03:00,"CSV=1782493200000,0.008303,0.00837,0.008054,0.008111,53243692,0.0078192,0.0082005091,0.0074378909,4.6498218362,9.7531476621,26.4025949297,13.2069084117,27.2468222911,0.008599,4.0672312035,74716971.8,0.7126050577,8.170216364,0.0073257503,-1,0.0079305549,0.0003288024"
2026-06-26T15:00:00.000-03:00,"CSV=1782496800000,0.00811,0.008297,0.008081,0.008239,41437760,0.0078309,0.0082159176,0.0074458824,4.6862394577,9.8332904526,25.2477310819,12.6292310619,27.6513305243,0.008599,2.8075867232,72016065.5,0.5753960552,5.9853023511,0.0073257503,-1,0.007933624,0.0003175222"
2026-06-26T16:00:00.000-03:00,"CSV=1782500400000,0.008244,0.008599,0.008184,0.00827,66667057,0.00784272,0.0082319417,0.0074534983,4.7281880966,9.9256810637,29.1733294779,11.586011554,28.6845199161,0.008599,3.4137801676,72700734.2,0.9170066538,5.0336879435,0.0074096901,-1,0.007936971,0.00032727"
2026-06-26T17:00:00.000-03:00,"CSV=1782504000000,0.008268,0.0084,0.008162,0.008197,22986950,0.00784998,0.0082423441,0.0074576159,4.7603459198,9.9965628093,27.7641223727,11.4728669217,29.5402283574,0.008599,2.3218075147,71019111.3,0.3236727351,3.6062938919,0.0074096901,-1,0.0079395584,0.000318343"
2026-06-26T18:00:00.000-03:00,"CSV=1782507600000,0.008197,0.008279,0.008153,0.008257,12319998,0.00785576,0.0082519303,0.0074595897,4.8009408774,10.0861099294,27.0236818843,11.3573900299,30.2920634589,0.008599,1.6371245692,67021112.2,0.1838226433,2.5045094498,0.0074096901,-1,0.007942717,0.0002991087"
2026-06-26T19:00:00.000-03:00,"CSV=1782511200000,0.008256,0.008322,0.008161,0.008247,15837071,0.00785838,0.0082566901,0.0074600699,4.8240889641,10.1372057521,27.0125646202,10.9573261417,31.0915346508,0.008599,3.5664950396,61882449.2,0.2559218519,1.9739209717,0.0074096901,-1,0.0079457447,0.0002852978"
2026-06-26T20:00:00.000-03:00,"CSV=1782514800000,0.008248,0.008286,0.008153,0.0082,11960043,0.00786162,0.0082620313,0.0074612087,4.8464029833,10.1864840327,26.1958464177,10.8078972712,31.7910886181,0.008599,3.274559194,55169814.2,0.2167859938,1.5525735042,0.0074096901,-1,0.0079482746,0.000270068"
2026-06-26T21:00:00.000-03:00,"CSV=1782518400000,0.008203,0.008296,0.008122,0.008133,21769858,0.0078644,0.0082662009,0.0074625991,4.8607685807,10.2182212494,25.1307881782,11.0928331107,32.2552556328,0.008599,-4.046720151,43848355,0.4964806091,0.3653429743,0.0074276163,-1,0.0079501126,0.0002604612"
2026-06-26T22:00:00.000-03:00,"CSV=1782522000000,0.008133,0.008183,0.008002,0.00813,25665091,0.00786732,0.0082705076,0.0074641324,4.8750039555,10.2496802275,24.0413746422,13.4859784753,31.9800523682,0.008599,-1.6928657799,32680334.1,0.785337473,-0.1995949951,0.0074276163,-1,0.0079519026,0.0002525151"
2026-06-26T23:00:00.000-03:00,"CSV=1782525600000,0.008131,0.008239,0.008095,0.008165,14396108,0.00787048,0.0082753655,0.0074655945,4.8926603331,10.2887124175,24.5704640207,13.0054072597,31.8999075772,0.008599,-1.6620498615,28628362.8,0.5028617284,-0.4116570854,0.0074420092,-1,0.0079540229,0.0002416636"
2026-06-27T00:00:00.000-03:00,"CSV=1782529200000,0.008165,0.008177,0.008011,0.008077,17924438,0.0078734,0.0082792368,0.0074675632,4.9018626184,10.3090612568,23.5346269937,14.5904146545,31.3372606359,0.008599,-0.4191838244,25096437.4,0.7142224099,-0.374234884,0.0074420092,-1,0.0079552466,0.0002340972"
2026-06-27T01:00:00.000-03:00,"CSV=1782532800000,0.008076,0.008187,0.008023,0.008084,21151395,0.00787534,0.0082819463,0.0074687337,4.9095503649,10.3260640447,22.7897404943,13.9671330265,30.8482836491,0.008599,-1.8812962738,23067800.9,0.9169229044,-0.8244911372,0.0074420092,-1,0.0079565277,0.0002270875"
2026-06-27T02:00:00.000-03:00,"CSV=1782536400000,0.008084,0.008102,0.007913,0.008054,33050024,0.0078798,0.0082871179,0.0074724821,4.9150731853,10.3382804192,21.6478795133,16.1834370344,29.754680091,0.008599,-2.6118500605,19706097.6,1.6771470776,-2.0098129901,0.0074420092,-1,0.0079574976,0.0002232788"
2026-06-27T03:00:00.000-03:00,"CSV=1782540000000,0.008054,0.008079,0.007803,0.00804,44354414,0.00788348,0.008291397,0.007475563,4.9197621641,10.348653466,20.0741787981,17.9042554443,28.1519392301,0.008599,-1.9153348786,21842844,2.0306153356,-2.6363114525,0.0074420092,-1,0.0079583185,0.0002285509"
2026-06-27T04:00:00.000-03:00,"CSV=1782543600000,0.00804,0.00814,0.007942,0.008086,27350206,0.00788564,0.008294337,0.007476943,4.9274220638,10.3656010403,20.6422081491,16.9567768303,26.9286061911,0.008599,-2.070970086,23345864.8,1.1715225045,-2.5662703223,0.0074420092,-1,0.007959589,0.0002254958"
2026-06-27T05:00:00.000-03:00,"CSV=1782547200000,0.008086,0.008267,0.008007,0.008102,39944251,0.007891,0.0083007406,0.0074812594,4.9361938527,10.3850120309,22.5965782832,15.7817703768,26.3171596178,0.008599,-1.7582151085,25756582.8,1.5508365885,-2.6197483218,0.0074501614,-1,0.007961006,0.0002289462"
2026-06-27T06:00:00.000-03:00,"CSV=1782550800000,0.008097,0.008181,0.007933,0.008056,42276903,0.0078895,0.0082984959,0.0074805041,4.928554636,10.3681070949,21.1021817129,16.7114085556,25.3367907942,0.008599,-1.756097561,28788268.8,1.4685462087,-2.6061356862,0.0074501614,-1,0.0079619512,0.0002308516"
2026-06-27T07:00:00.000-03:00,"CSV=1782554400000,0.008056,0.008071,0.007855,0.007922,36051874,0.00788568,0.0082934607,0.0074778993,4.9168948815,10.3423102883,19.8755674453,17.8390621918,24.0076564276,0.008599,-2.5943686217,30216470.4,1.1931199615,-2.7692214542,0.0074501614,-1,0.0079615537,0.0002293664"
2026-06-27T08:00:00.000-03:00,"CSV=1782558000000,0.007922,0.007969,0.007873,0.007929,13515180,0.00787136,0.0082645346,0.0074781854,4.7573713979,9.9900044081,19.340235552,17.3585818753,22.7671310187,0.008599,-2.4723247232,29001479.3,0.466016918,-2.2301960187,0.0074501614,-1,0.0079612298,0.0002160298"
2026-06-27T09:00:00.000-03:00,"CSV=1782561600000,0.007928,0.007928,0.007855,0.007871,17282104,0.00786198,0.0082494149,0.0074745451,4.6965139548,9.8559122016,18.9193789281,17.5101611486,21.507211491,0.008599,-3.6007348438,29290078.9,0.5900326885,-2.1949810993,0.0074501614,-1,0.007960332,0.0002018268"
2026-06-27T10:00:00.000-03:00,"CSV=1782565200000,0.007871,0.007877,0.00768,0.007716,39124943,0.00784996,0.0082323821,0.0074675379,4.6453397703,9.7432883913,17.8137114131,21.6783095548,20.7257820247,0.008599,-4.469481243,31410129.4,1.245615467,-3.3190723881,0.0074501614,-1,0.0079579008,0.0002013441"
2026-06-27T11:00:00.000-03:00,"CSV=1782568800000,0.007713,0.007859,0.007609,0.007822,38476045,0.00784662,0.0082285421,0.0074646979,4.6414313342,9.7346916991,16.5024113315,22.1731055591,20.3215453933,0.008599,-3.2409698169,33142594.4,1.1609243542,-3.4668885226,0.0074501614,-1,0.0079565486,0.0002062097"
2026-06-27T12:00:00.000-03:00,"CSV=1782572400000,0.007821,0.007854,0.007776,0.007852,15310487,0.00786658,0.0082212077,0.0075119523,4.313571804,9.0160577321,16.1060827265,21.6405872611,19.9442578706,0.0084,-2.508070524,31368640.7,0.4880825773,-2.7193075236,0.0074501614,-1,0.0079555083,0.0001933887"
2026-06-27T13:00:00.000-03:00,"CSV=1782576000000,0.007852,0.007905,0.007785,0.007852,13732072,0.00788198,0.0082184567,0.0075455033,4.0941593595,8.537872839,17.1111628567,20.8165138946,19.2659418495,0.008322,-2.3383084577,28306406.5,0.4851224051,-2.1909936233,0.0074501614,-1,0.0079544783,0.0001860499"
2026-06-27T14:00:00.000-03:00,"CSV=1782579600000,0.007851,0.007883,0.007694,0.00771,25191313,0.00789154,0.0082159891,0.0075670909,3.9489967711,8.2227080162,16.0779913771,22.4667971184,19.0865469452,0.008322,-4.6500123671,28090517.2,0.8967906436,-2.8506916101,0.0074501614,-1,0.0079520457,0.0001863449"
2026-06-27T15:00:00.000-03:00,"CSV=1782583200000,0.00771,0.007789,0.007606,0.007739,28414182,0.00790422,0.008209505,0.007598935,3.7186773209,7.7246078832,15.1302466001,23.9770493652,19.3222353383,0.008296,-4.480375216,26937510.3,1.054818418,-3.4757885059,0.0074501614,-1,0.0079499259,0.0001860104"
2026-06-27T16:00:00.000-03:00,"CSV=1782586800000,0.007739,0.007749,0.007522,0.00773,40159307,0.0079175,0.0081995946,0.0076354054,3.4403482751,7.1258506293,14.0310209071,24.923498205,19.8982221587,0.008296,-4.046673287,26725750.7,1.5026446759,-4.3440963606,0.0074501614,-1,0.0079477375,0.0001901094"
2026-06-27T17:00:00.000-03:00,"CSV=1782590400000,0.00773,0.007794,0.007669,0.007712,12809414,0.007929,0.0081899715,0.0076680285,3.1864762036,6.5827088585,14.9339853034,23.8990977804,20.1107590363,0.008267,-2.650845746,24401504.7,0.5249436114,-3.3599124201,0.0074501614,-1,0.0079453919,0.0001835984"
2026-06-27T18:00:00.000-03:00,"CSV=1782594000000,0.007713,0.00782,0.007711,0.007738,7948277,0.00794186,0.0081758669,0.0077078531,2.8621664957,5.8930004767,15.2638247494,23.0152917828,20.1200323514,0.008267,-2.4088787993,23844814.4,0.3333335654,-2.5075949996,0.0074501614,-1,0.0079433283,0.0001761386"
2026-06-27T19:00:00.000-03:00,"CSV=1782597600000,0.007737,0.00774,0.007609,0.007707,12664456,0.00794368,0.008175489,0.007711871,2.8354146245,5.836312919,14.5700103337,25.5083661304,20.5981910228,0.008267,-2.083598018,23383049.6,0.5416083965,-2.047894727,0.0074501614,-1,0.0079409768,0.0001716247"
2026-06-27T20:00:00.000-03:00,"CSV=1782601200000,0.007705,0.007755,0.007682,0.007737,6924646,0.00794366,0.0081754868,0.0077118332,2.8356329598,5.836775448,14.7279592578,24.8343843838,20.9280161089,0.008267,0.2721617418,20163019.9,0.3434329795,-1.334106712,0.0074501614,-1,0.0079389472,0.0001617622"
2026-06-27T21:00:00.000-03:00,"CSV=1782604800000,0.007738,0.008035,0.007681,0.007813,37784931,0.00794764,0.0081754464,0.0077198336,2.7864703303,5.7326800904,22.497799484,21.8366379702,19.6322353429,0.008267,-0.1150600869,20093908.5,1.8804171921,-0.9615247965,0.0074501614,-1,0.0079376939,0.000180986"
2026-06-27T22:00:00.000-03:00,"CSV=1782608400000,0.007813,0.007959,0.007792,0.007928,13677371,0.00795404,0.0081766504,0.0077314296,2.7225135851,5.5974176254,21.2040877462,20.5809456133,18.4228399614,0.008267,0.9679062659,19930596.9,0.6862499437,-0.4196079909,0.0074501614,-1,0.0079375975,0.0001795874"
2026-06-27T23:00:00.000-03:00,"CSV=1782612000000,0.007928,0.008023,0.007868,0.00798,14576244,0.00796062,0.0081789979,0.0077422421,2.6699837972,5.4864550553,22.2905729239,19.4677010189,17.6453193067,0.008267,1.6301579215,20015014.1,0.7282654875,0.1159905905,0.0074501614,-1,0.0079380194,0.0001771287"
2026-06-28T00:00:00.000-03:00,"CSV=1782615600000,0.00798,0.00813,0.007928,0.00805,19945808,0.00796546,0.0081830822,0.0077478378,2.6594156629,5.4641456716,24.4450301722,18.1005984522,17.4631023411,0.008267,4.4098573281,19490463.6,1.0233624202,1.5816211497,0.0074901526,-1,0.0079391336,0.0001796158"
2026-06-28T01:00:00.000-03:00,"CSV=1782619200000,0.008055,0.008214,0.008024,0.008173,22076374,0.00798,0.0081864284,0.0077735716,2.5215928082,5.1736438476,25.7513912526,16.9042754671,17.6816138402,0.008214,5.6079596847,18856682.8,1.1707453657,3.2429117037,0.0075770373,-1,0.0079414607,0.0001806542"
2026-06-28T02:00:00.000-03:00,"CSV=1782622800000,0.00817,0.008235,0.008043,0.008192,35512233,0.00799244,0.008192427,0.007792453,2.4411205031,5.0044045518,24.7621111192,15.7753982799,17.9807650862,0.008235,5.9767141009,18391975.4,1.9308547466,6.0086633994,0.0075936336,-1,0.0079439536,0.0001817888"
2026-06-28T03:00:00.000-03:00,"CSV=1782626400000,0.008191,0.008211,0.008052,0.008129,20864756,0.00800168,0.0081970365,0.0078063235,2.3832581293,4.8828880858,23.3769596056,14.8929486092,18.2599729158,0.008235,5.4071576763,19197509.6,1.0868470148,5.9646933259,0.0075936336,-1,0.0079457949,0.0001795099"
2026-06-28T04:00:00.000-03:00,"CSV=1782630000000,0.008133,0.00819,0.008013,0.008071,17394913,0.00800992,0.0081992446,0.0078205954,2.309048967,4.7272525093,21.9148261707,15.3395858744,18.219278809,0.008235,4.3034375808,20142173.2,0.8636065646,5.2152878656,0.0075936336,-1,0.0079470407,0.0001792589"
2026-06-28T05:00:00.000-03:00,"CSV=1782633600000,0.008075,0.008128,0.007989,0.00802,19227938,0.00801466,0.0082011902,0.0078281298,2.2744280567,4.6547244727,20.8191871084,15.4359069444,17.9945496529,0.008235,4.0612430258,20798521.4,0.9244858147,4.7283790995,0.0075936336,-1,0.0079477666,0.000175233"
2026-06-28T06:00:00.000-03:00,"CSV=1782637200000,0.008021,0.008072,0.007888,0.007914,16167924,0.00801706,0.0082014958,0.0078326242,2.2488072482,4.601084007,19.440685438,18.048368754,17.0425082455,0.008235,2.2877084141,21722849.2,0.7442819241,3.7198194064,0.0075936336,-1,0.0079474307,0.0001761097"
2026-06-28T07:00:00.000-03:00,"CSV=1782640800000,0.007917,0.007974,0.0079,0.007937,13896637,0.00801552,0.0082002961,0.0078307439,2.2532857872,4.6104583778,18.9014049162,17.5477108039,16.1539362653,0.008235,1.5870984257,19334019.8,0.7187660478,2.8601304252,0.0075936336,-1,0.0079473269,0.0001658988"
2026-06-28T08:00:00.000-03:00,"CSV=1782644400000,0.007938,0.008064,0.007929,0.007962,16878763,0.00801482,0.0081997312,0.0078299088,2.2550884189,4.6142318458,21.358086586,16.6451900618,15.9037598437,0.008235,0.4288597376,19654159,0.8587883613,2.0295202006,0.0075936336,-1,0.0079474729,0.0001628089"
2026-06-28T09:00:00.000-03:00,"CSV=1782648000000,0.00796,0.008075,0.007934,0.00801,16176240,0.0080148,0.0081997117,0.0078298883,2.2550994763,4.6142549928,20.6202924967,15.7393094494,15.7384553706,0.008235,0.3759398496,19814158.6,0.8163980276,1.4553189843,0.0075936336,-1,0.007948095,0.000160628"
2026-06-28T10:00:00.000-03:00,"CSV=1782651600000,0.008007,0.008062,0.007803,0.007866,24826936,0.00800964,0.0081950316,0.0078242484,2.2622433889,4.629210793,18.6253494104,19.1099454478,14.7748382365,0.008235,-2.2857142857,20302271.4,1.2228649451,0.0385060314,0.0075936336,-1,0.0079472782,0.0001704652"
2026-06-28T11:00:00.000-03:00,"CSV=1782655200000,0.007866,0.007942,0.00785,0.007913,13817149,0.00800864,0.0081944149,0.0078228651,2.2670916007,4.6393617827,17.9639132637,18.4312999952,13.8754622447,0.008235,-3.1812064114,19476348.9,0.7094321975,-0.7266127308,0.0075936336,-1,0.0079469371,0.0001626187"
2026-06-28T12:00:00.000-03:00,"CSV=1782658800000,0.007914,0.007949,0.00782,0.00788,16180246,0.00800744,0.0081938471,0.0078210329,2.2749643279,4.6558475262,17.0540499923,18.6756592274,13.2530011517,0.008235,-3.80859375,17543150.2,0.922311319,-1.6553115289,0.0075936336,-1,0.007946271,0.0001592568"
2026-06-28T13:00:00.000-03:00,"CSV=1782662400000,0.007881,0.008011,0.007825,0.007948,22563802,0.00799688,0.0081709943,0.0078227657,2.1308825187,4.3545554992,18.2354014049,17.3204081426,12.5410277528,0.008235,-2.2265961373,17713054.8,1.2738515324,-2.0489919864,0.0075936336,-1,0.0079462882,0.0001619311"
2026-06-28T14:00:00.000-03:00,"CSV=1782666000000,0.007948,0.007998,0.007755,0.007781,20283106,0.0079871,0.0081593217,0.0078148783,2.1107360629,4.3124975672,16.5538878093,18.3795656048,12.0533698313,0.008235,-3.5931111386,18001874.1,1.1267219117,-2.7154736746,0.0075936336,-1,0.0079446436,0.000170038"
2026-06-28T15:00:00.000-03:00,"CSV=1782669600000,0.007781,0.007797,0.007627,0.007751,24998351,0.00797606,0.0081453451,0.0078067749,2.0783052241,4.2448309925,15.4836869191,22.0590640383,12.4174366528,0.008235,-3.3541147132,18578915.4,1.345522624,-3.3146615264,0.0075936336,-1,0.0079427168,0.0001700342"
2026-06-28T16:00:00.000-03:00,"CSV=1782673200000,0.007754,0.007761,0.007641,0.007664,12390990,0.00796712,0.0081407892,0.0077934508,2.133321235,4.3596477616,14.761909348,21.0307729248,12.7572323528,0.008235,-3.1589588072,18201222,0.680777917,-2.9266241498,0.0075936336,-1,0.0079399435,0.0001650308"
2026-06-28T17:00:00.000-03:00,"CSV=1782676800000,0.007663,0.007712,0.007638,0.007653,10001582,0.0079554,0.008130096,0.007780704,2.1487564873,4.3918838641,14.3208357504,20.5235226572,13.0934916925,0.008235,-3.578178153,17811716.5,0.5615170217,-2.6208187464,0.0075936336,-1,0.0079370883,0.0001559277"
2026-06-28T18:00:00.000-03:00,"CSV=1782680400000,0.007653,0.007698,0.0076,0.007654,9675985,0.00794308,0.0081168738,0.0077692862,2.1411416811,4.3759792785,13.7383816794,21.2658637213,13.6542244541,0.008235,-3.8683747802,17091438.7,0.5661305154,-2.4772141669,0.0075936336,-1,0.0079342715,0.0001501349"
2026-06-28T19:00:00.000-03:00,"CSV=1782684000000,0.007654,0.007774,0.007654,0.007752,15138178,0.00793418,0.008106127,0.007762233,2.1211985427,4.3343369781,16.2506878886,20.1886096926,13.4643961193,0.008235,-3.2209737828,16987632.5,0.8911293554,-2.6082442083,0.0075936336,-1,0.0079324579,0.0001471214"
2026-06-28T20:00:00.000-03:00,"CSV=1782687600000,0.007751,0.007873,0.007741,0.007805,21142828,0.00792514,0.008091674,0.007758606,2.0580903592,4.2026755793,19.5605501484,19.0512088466,12.6547120576,0.008235,-0.7754894483,16619221.7,1.2721912242,-2.067686429,0.0075936336,-1,0.0079311896,0.0001456093"
2026-06-28T21:00:00.000-03:00,"CSV=1782691200000,0.007802,0.00787,0.007661,0.00775,14007329,0.0079152,0.0080769911,0.0077534089,2.0031110333,4.0881114786,17.8541463696,20.7284539158,12.3077146357,0.008235,-2.059901428,16638239.7,0.8418756583,-1.9565179096,0.0075936336,-1,0.0079293868,0.0001519484"
2026-06-28T22:00:00.000-03:00,"CSV=1782694800000,0.007745,0.007848,0.007682,0.007786,16814660,0.00790692,0.0080644618,0.0077493782,1.9535320537,3.9849106135,16.6202906504,19.2959619398,11.9838503753,0.008211,-1.192893401,16701681.1,1.0067645226,-1.7046661915,0.0075936336,-1,0.00792796,0.0001533535"
2026-06-28T23:00:00.000-03:00,"CSV=1782698400000,0.007787,0.007813,0.007658,0.007737,8324155,0.007899,0.0080549228,0.0077430772,1.9357454473,3.9479124297,15.5455163504,19.0494477547,11.8601565857,0.00819,-2.6547559134,15277716.4,0.5448559708,-1.6185973311,0.0075936336,-1,0.0079260599,0.0001535182"
2026-06-29T00:00:00.000-03:00,"CSV=1782702000000,0.007737,0.008019,0.007725,0.007996,21551030,0.00789632,0.0080493746,0.0077432654,1.9014465844,3.8766047372,21.8785233669,16.8367784482,11.9376538508,0.008128,2.7631409844,15404508.8,1.399007932,0.2094871641,0.0075936336,-1,0.0079267558,0.0001675664"
2026-06-29T01:00:00.000-03:00,"CSV=1782705600000,0.007995,0.008013,0.007923,0.00798,16187167,0.00789262,0.0080413085,0.0077439315,1.8490587493,3.7677860767,21.0756028954,16.2188850985,12.0099846314,0.008075,2.9544574894,14523390.4,1.1145584161,1.2372965959,0.0075936336,-1,0.0079272856,0.0001598097"
2026-06-29T02:00:00.000-03:00,"CSV=1782709200000,0.00798,0.007986,0.007855,0.007932,16982346,0.00788972,0.0080361815,0.0077432585,1.822525643,3.7127164961,19.9346812259,18.150926504,11.521554998,0.008075,3.496868476,14982526,1.1334768249,2.1460708564,0.0075936336,-1,0.0079273326,0.0001569288"
2026-06-29T03:00:00.000-03:00,"CSV=1782712800000,0.007925,0.008065,0.007903,0.008018,19403015,0.0078884,0.0080333946,0.0077434054,1.8048985197,3.6761477762,21.8642245703,16.9361472017,11.600191907,0.008075,4.7693714883,15922669.3,1.2185780308,3.3679976763,0.0075936336,-1,0.0079282347,0.0001574359"
2026-06-29T04:00:00.000-03:00,"CSV=1782716400000,0.008018,0.00815,0.007935,0.008143,17031798,0.00789018,0.0080377206,0.0077426394,1.8356024532,3.7398537536,23.3997526152,15.4644460739,12.1880482591,0.00815,6.3888163052,16658250.6,1.0224241674,4.4226918481,0.0075936336,-1,0.0079303717,0.0001631923"
2026-06-29T05:00:00.000-03:00,"CSV=1782720000000,0.008145,0.008178,0.007958,0.007972,24280964,0.00788882,0.0080352828,0.0077423572,1.8227458774,3.7131734712,22.4714342904,14.1193108454,12.8972304589,0.008178,2.8379772962,17572529.2,1.38175693,4.2555928308,0.0075936336,-1,0.0079307859,0.0001688731"
2026-06-29T06:00:00.000-03:00,"CSV=1782723600000,0.007969,0.008271,0.007948,0.008198,24326099,0.00789106,0.0080413283,0.0077407917,1.8687005612,3.8085719273,23.2322421893,12.4199194242,14.0592322445,0.008271,5.0352338245,17890856.3,1.359694505,5.1191884746,0.0075936336,-1,0.0079334447,0.0001842858"
2026-06-29T07:00:00.000-03:00,"CSV=1782727200000,0.008199,0.008212,0.008066,0.008111,17448217,0.00789124,0.0080417661,0.0077407139,1.8718038283,3.8150172963,21.9526253561,11.7358383169,15.1437672444,0.008271,4.6580645161,18234945.1,0.9568560204,4.8984913416,0.0075976285,-1,0.0079352115,0.0001804572"
2026-06-29T08:00:00.000-03:00,"CSV=1782730800000,0.008111,0.008153,0.007998,0.008144,18740576,0.007893,0.0080459374,0.0077400626,1.9008024263,3.8752660029,20.6583504683,13.6304495697,15.5005960686,0.008271,4.5979964038,18427536.7,1.0169875825,4.8243626434,0.0075976285,-1,0.007937289,0.0001779115"
2026-06-29T09:00:00.000-03:00,"CSV=1782734400000,0.008147,0.008225,0.008056,0.008116,18157835,0.00789688,0.008052933,0.007740827,1.9378408008,3.9522703082,22.0724211673,12.7521518326,16.2514553237,0.008271,4.8985394856,19410904.7,0.9354450645,4.7436799574,0.0076094391,-1,0.0079390672,0.0001770203"
2026-06-29T10:00:00.000-03:00,"CSV=1782738000000,0.008115,0.00817,0.007968,0.008057,19656685,0.00789944,0.0080570412,0.0077418388,1.956067485,3.990185695,20.3898497849,15.1009532304,16.1615023592,0.008271,0.7628814407,19221470.2,1.0226421182,3.4225048691,0.0076094391,-1,0.0079402406,0.0001795183"
2026-06-29T11:00:00.000-03:00,"CSV=1782741600000,0.008057,0.008199,0.007936,0.008074,21856903,0.0079035,0.0080629205,0.0077440795,1.977205184,4.0341742708,18.4300257965,14.8189774783,15.8081102859,0.008271,1.1779448622,19788443.8,1.1045286441,2.7153611932,0.0076094391,-1,0.0079415716,0.0001878665"
2026-06-29T12:00:00.000-03:00,"CSV=1782745200000,0.008072,0.008339,0.008,0.008131,27985151,0.0079118,0.0080720436,0.0077515564,1.9851672421,4.0507486189,21.1098447573,13.0823877318,16.3193981844,0.008339,2.5088250126,20888724.3,1.3397252316,2.9306195191,0.0076094391,-1,0.0079434564,0.0002029798"
2026-06-29T13:00:00.000-03:00,"CSV=1782748800000,0.008131,0.008229,0.008071,0.008228,12884934,0.00791992,0.0080856017,0.0077542383,2.0490957811,4.1839241759,19.9428044973,12.3591387758,16.7966002231,0.008339,2.6191070092,20236916.2,0.6367044204,2.5096120162,0.0076094391,-1,0.0079462877,0.0001984818"
2026-06-29T14:00:00.000-03:00,"CSV=1782752400000,0.008227,0.008428,0.008223,0.008278,31961971,0.00792844,0.0081012115,0.0077556685,2.1326630346,4.358273354,25.4474552455,11.4770900338,18.1991536192,0.008428,1.6578656515,21729933.5,1.470872932,2.485911248,0.0077280991,-1,0.0079495883,0.0001991336"
2026-06-29T15:00:00.000-03:00,"CSV=1782756000000,0.008277,0.008404,0.0082,0.00821,17615708,0.0079356,0.0081124259,0.0077587741,2.1796920575,4.4565225838,23.6480105006,11.4627651464,19.2995529981,0.008428,2.9854490718,21063407.9,0.8363180395,2.4895358036,0.0077280991,-1,0.0079521795,0.0001996203"
2026-06-29T16:00:00.000-03:00,"CSV=1782759600000,0.008206,0.00828,0.00816,0.008171,10791698,0.00794482,0.008121661,0.007767979,2.1773997094,4.4517314054,22.6390666977,12.3958742652,19.9620545537,0.008428,-0.3293486216,19709967.8,0.5475248925,1.5995816795,0.0077280991,-1,0.0079543568,0.0001916583"
2026-06-29T17:00:00.000-03:00,"CSV=1782763200000,0.008172,0.0082,0.00813,0.008153,9362005,0.0079531,0.0081298024,0.0077763976,2.1735138039,4.4436100865,22.05106055,13.1870470391,20.3082258581,0.008428,0.5178153125,18901346.6,0.4953088898,1.1518806289,0.0077280991,-1,0.0079563334,0.0001794924"
2026-06-29T18:00:00.000-03:00,"CSV=1782766800000,0.008155,0.008358,0.008111,0.008318,10483954,0.00796486,0.0081458379,0.0077838821,2.2217223387,4.5444088235,25.798994326,12.0079381173,21.3861831855,0.008428,2.1365422397,18075684.4,0.5800031561,1.1809874999,0.0077280991,-1,0.007959932,0.0001862432"
2026-06-29T19:00:00.000-03:00,"CSV=1782770400000,0.00832,0.008541,0.00827,0.008301,31432893,0.00797664,0.0081599301,0.0077933499,2.2462217625,4.5956725213,29.7679045866,10.865835666,23.0616484075,0.008541,2.2794480039,19403190.2,1.6199858207,2.0182161484,0.0078213434,-1,0.0079633257,0.0001947189"
2026-06-29T20:00:00.000-03:00,"CSV=1782774000000,0.008296,0.008363,0.008283,0.00831,12388689,0.00798808,0.0081739509,0.0078022091,2.2739420371,4.6537066664,28.8985506905,10.5485054172,24.6254159481,0.008541,3.140126598,18676390.6,0.6633342205,2.039795242,0.0078213434,-1,0.0079667752,0.000183247"
2026-06-29T21:00:00.000-03:00,"CSV=1782777600000,0.008311,0.0086,0.0083,0.008586,33291373,0.00800566,0.0082051819,0.0078061381,2.4316571188,4.9845206898,34.1600330072,9.4407375685,26.7633635337,0.0086,6.3413425811,19819837.6,1.6796995854,4.9103803295,0.0078652332,-1,0.0079729367,0.0001949223"
2026-06-29T22:00:00.000-03:00,"CSV=1782781200000,0.008591,0.008678,0.008358,0.008498,47832503,0.00802088,0.0082282004,0.0078135596,2.519632285,5.1695173994,33.111488903,8.4290874587,28.9403106967,0.008678,4.5135899643,21804572.8,2.1936913618,6.5740613249,0.0078957098,-1,0.0079781612,0.0002074301"
2026-06-29T23:00:00.000-03:00,"CSV=1782784800000,0.008498,0.008544,0.008361,0.008388,23020900,0.00803238,0.0082437582,0.0078210018,2.5641002915,5.2631531072,31.0713979246,7.9097479227,30.9721280488,0.008678,1.9445794847,22818169.4,1.0088846128,5.0366596568,0.0078957098,-1,0.0079822392,0.000204987"
2026-06-30T00:00:00.000-03:00,"CSV=1782788400000,0.008388,0.0087,0.008376,0.008616,32613055,0.00804614,0.0082721616,0.0078201184,2.7323159762,5.618137213,32.8584119524,7.0820242453,33.2097909189,0.0087,4.0831118628,22883277.8,1.4251915868,5.2975119962,0.0078957098,-1,0.0079885453,0.0002168883"
2026-06-30T01:00:00.000-03:00,"CSV=1782792000000,0.008622,0.008657,0.008008,0.008104,89915447,0.00804862,0.0082745826,0.0078226574,2.7308030595,5.6149390463,26.8322280404,16.1823676442,32.6463857402,0.0087,-1.2911084044,30113251.7,2.9859095888,2.2466303425,0.0078957098,-1,0.0079896941,0.0002600995"
2026-06-30T02:00:00.000-03:00,"CSV=1782795600000,0.008112,0.008142,0.007103,0.007451,228253567,0.00803664,0.0082775933,0.0077956867,2.910910536,5.9963700392,20.4112690849,33.1536889862,32.0558749407,0.0087,-8.8116509607,51859438.6,4.4013890848,-11.4300812243,0.0086364687,1,0.0079843339,0.0003379896"
2026-06-30T03:00:00.000-03:00,"CSV=1782799200000,0.007455,0.007553,0.007235,0.007375,71106195,0.00802068,0.0082779488,0.0077634112,3.1078815286,6.4151379445,18.9260899058,30.7413368493,31.5047315279,0.0087,-9.5424996934,58033857.6,1.2252536354,-11.5173816295,0.0084019718,1,0.0079782709,0.0003359906"
2026-06-30T04:00:00.000-03:00,"CSV=1782802800000,0.007376,0.007554,0.007327,0.007506,54149550,0.00800696,0.0082728734,0.0077410466,3.2142806322,6.6420555702,17.9515868687,29.1207462876,30.9862595621,0.0087,-9.7619620101,62400417.2,0.8677754481,-10.501984739,0.0084019718,1,0.0079735717,0.0003250915"
2026-06-30T05:00:00.000-03:00,"CSV=1782806400000,0.007506,0.007576,0.00745,0.007532,21822601,0.00799502,0.0082684816,0.0077215584,3.3072765395,6.8407971586,17.9366530292,28.2355200891,30.4075325819,0.0087,-9.2639441031,61439388,0.3551891012,-8.0981404858,0.0084019718,1,0.0079691779,0.0003051824"
2026-06-30T06:00:00.000-03:00,"CSV=1782810000000,0.007532,0.007548,0.007397,0.007439,17617617,0.00798238,0.0082664384,0.0076983216,3.4362848175,7.1171346525,17.2628486244,28.4933647698,30.0166466013,0.0087,-10.4813477738,61962280.8,0.2843280908,-6.3921408576,0.0083417924,1,0.0079639025,0.0002897641"
2026-06-30T07:00:00.000-03:00,"CSV=1782813600000,0.007434,0.007471,0.007333,0.007457,15443924,0.00797112,0.0082644706,0.0076777694,3.5495383389,7.3603345755,16.6503825774,29.1278489282,29.8326255679,0.0087,-13.1493128348,60177535.9,0.256639355,-5.3863042934,0.0082257632,1,0.0079588587,0.0002745877"
2026-06-30T08:00:00.000-03:00,"CSV=1782817200000,0.007452,0.007507,0.00738,0.007507,15143708,0.00796298,0.0082633651,0.0076625949,3.635141983,7.5445386583,17.0457166956,28.1433106672,29.4809945786,0.0087,-11.6615674276,56908656.4,0.266105527,-4.6252720441,0.0082229869,1,0.0079543626,0.000259829"
2026-06-30T09:00:00.000-03:00,"CSV=1782820800000,0.007508,0.007575,0.007272,0.007345,43323058,0.00795114,0.0082637348,0.0076385452,3.7827297653,7.8628914665,15.6900565614,28.7398121288,29.4737004446,0.0087,-12.4344301383,58938872.2,0.7350506785,-6.1301601327,0.0082159382,1,0.0079482993,0.0002641461"
2026-06-30T10:00:00.000-03:00,"CSV=1782824400000,0.007348,0.007419,0.007224,0.007284,27432224,0.00793758,0.0082638173,0.0076113427,3.9477794587,8.2200691176,14.8743592487,28.525390694,29.6057317973,0.0087,-15.4596100279,58420789.1,0.4695627091,-6.5065255441,0.0080931944,1,0.0079416894,0.0002572315"
2026-06-30T11:00:00.000-03:00,"CSV=1782828000000,0.007275,0.007444,0.007238,0.007359,27002527,0.00792456,0.0082604937,0.0075886263,4.0667508011,8.478292636,14.7221744697,26.9401322398,29.5870941647,0.0087,-9.1929911155,52129497.1,0.5179894014,-5.9249743512,0.0080931944,1,0.0079358915,0.0002521083"
2026-06-30T12:00:00.000-03:00,"CSV=1782831600000,0.007353,0.007469,0.007234,0.007388,24521991,0.007915,0.0082591648,0.0075708352,4.1670652545,8.6965201797,14.462419403,25.226604497,29.4227088705,0.0087,-0.8455240907,31756339.5,0.7721919902,-4.1676185442,0.0080931944,1,0.0079304398,0.0002503975"
2026-06-30T13:00:00.000-03:00,"CSV=1782835200000,0.007388,0.00744,0.007282,0.007305,14719667,0.00790284,0.0082574432,0.0075482368,4.2943466286,8.9740709714,13.8288001495,24.1213909181,29.2692825959,0.0087,-0.9491525424,26117686.7,0.5635899982,-2.9567233227,0.0080844732,1,0.0079242165,0.0002411577"
2026-06-30T14:00:00.000-03:00,"CSV=1782838800000,0.007305,0.007434,0.007238,0.007381,21340203,0.00789286,0.0082549094,0.0075308106,4.3858675167,9.1740988551,13.0678540473,24.0293645046,29.2878681266,0.0087,-1.6653343991,22836752,0.9344675197,-2.489882517,0.0080459259,1,0.0079188114,0.000236642"
2026-06-30T15:00:00.000-03:00,"CSV=1782842400000,0.007384,0.007415,0.007242,0.007295,16526337,0.0078798,0.0082512796,0.0075083204,4.5020851606,9.4286564646,12.4214629025,22.8407708476,29.3052146219,0.0087,-3.146574615,22307125.6,0.7408546173,-2.4369731221,0.0080193333,1,0.0079126043,0.0002302778"
2026-06-30T16:00:00.000-03:00,"CSV=1782846000000,0.007299,0.007463,0.007287,0.007443,11380375,0.00787304,0.0082493007,0.0074967793,4.561121822,9.5582050188,13.1812259662,21.6722794919,28.9756751147,0.0087,0.0537706681,21683401.4,0.524842703,-1.6152417004,0.0080193333,1,0.0079079316,0.00022485"
2026-06-30T17:00:00.000-03:00,"CSV=1782849600000,0.00744,0.007526,0.007413,0.007442,20287046,0.00786686,0.0082475855,0.0074861345,4.6162057683,9.6792244543,14.6284526436,20.9355171174,28.2262582397,0.0087,-0.2011532788,22167713.6,0.9151618595,-1.1381904032,0.0080193333,1,0.0079032955,0.000213665"
2026-06-30T18:00:00.000-03:00,"CSV=1782853200000,0.007446,0.007456,0.006837,0.006873,70167569,0.00785104,0.0082555567,0.0074465233,4.8999323987,10.3047926722,12.1952000087,32.9313732886,29.4079167884,0.0087,-8.4454509125,27670099.7,2.5358625289,-7.8976277717,0.0079090955,1,0.0078930438,0.0002541985"
2026-06-30T19:00:00.000-03:00,"CSV=1782856800000,0.006872,0.007772,0.006386,0.007575,536090002,0.00784948,0.0082549068,0.0074440532,4.9113431462,10.3300294876,8.7167875489,32.8196521212,31.3159382834,0.0087,3.1313818924,76946794.1,6.9670219308,2.0070502584,0.0079090955,1,0.0078898792,0.0003673786"
2026-06-30T20:00:00.000-03:00,"CSV=1782860400000,0.007584,0.007645,0.007369,0.00755,73048914,0.0078474,0.0082540892,0.0074407108,4.9271235198,10.3649404587,8.2167514308,30.9369618124,33.0967583454,0.008657,3.6518396485,81508463.1,0.896212629,2.4289751096,0.0079090955,1,0.0078864973,0.0003582408"
2026-06-30T21:00:00.000-03:00,"CSV=1782864000000,0.00755,0.007556,0.007294,0.007344,38829109,0.00783924,0.0082518121,0.0074266679,4.9997752537,10.525817738,7.7637772848,30.8095602828,34.8733324119,0.008142,-0.2038320424,82691121.3,0.4695680551,1.5874124012,0.0079090955,1,0.0078810993,0.0003486167"
2026-06-30T22:00:00.000-03:00,"CSV=1782867600000,0.007346,0.007368,0.007126,0.007262,48241932,0.00782838,0.0082487827,0.0074079773,5.0965423799,10.7404777607,7.3621219226,32.8071301619,36.7714096458,0.007772,-1.705468327,85063115.4,0.567131027,0.7358669328,0.0079090955,1,0.0078749391,0.000337955"
2026-06-30T23:00:00.000-03:00,"CSV=1782871200000,0.007256,0.007312,0.007185,0.007217,10241785,0.00781772,0.0082466461,0.0073887939,5.2012192786,10.9731775851,7.1540171427,31.8797724417,38.5429483974,0.007772,-1.2046543463,84615327.2,0.1210393594,0.4419744251,0.0079090955,1,0.0078683925,0.0003168595"
2026-07-01T00:00:00.000-03:00,"CSV=1782874800000,0.007217,0.007257,0.007147,0.007212,15628657,0.00780624,0.0082434627,0.0073690173,5.3038715244,11.201876169,6.9711500056,31.9479111734,40.2518295469,0.007772,-2.2896626473,84044172.6,0.185957652,0.1527228535,0.0079090955,1,0.0078618612,0.0002961736"
2026-07-01T01:00:00.000-03:00,"CSV=1782878400000,0.007214,0.007245,0.007068,0.00721,30718211,0.0077957,0.0082407469,0.0073506531,5.4005649169,11.4177529964,6.6769078612,32.483320622,41.9616773067,0.007772,-1.1651816313,85463360,0.3594313516,-0.0377857006,0.0079090955,1,0.007855375,0.0002842562"
2026-07-01T02:00:00.000-03:00,"CSV=1782882000000,0.007211,0.007335,0.007209,0.007258,26167424,0.00778094,0.0082313053,0.0073305747,5.4713715042,11.5761152812,8.6964410176,31.4702015852,42.94411169,0.007772,-2.4855568991,86942064.9,0.3009754143,-0.2745543062,0.0079090955,1,0.007849431,0.0002684306"
2026-07-01T03:00:00.000-03:00,"CSV=1782885600000,0.007258,0.007369,0.007204,0.007268,20914392,0.0077667,0.0082217778,0.0073116222,5.5350287459,11.7186903726,9.1957552513,30.1508043136,43.6316802469,0.007772,-2.338081161,87004799.5,0.2403820493,-0.3703804511,0.0079090955,1,0.0078436456,0.0002580875"
2026-07-01T04:00:00.000-03:00,"CSV=1782889200000,0.00727,0.007331,0.007249,0.007314,10151581,0.00775434,0.0082131376,0.0072955424,5.5861431982,11.8333121588,8.994953222,29.492419817,44.2734108999,0.007772,6.4164120471,81003200.7,0.1253232084,0.0211214806,0.0079090955,1,0.0078383755,0.0002404788"
2026-07-01T05:00:00.000-03:00,"CSV=1782892800000,0.007312,0.007312,0.007128,0.007175,17278306,0.00773748,0.0082017357,0.0072732243,5.6604569061,12.0001787596,8.5416539896,31.284528055,45.1288724047,0.007772,-5.2805280528,29122031.1,0.5933070376,-1.0302438315,0.0079090955,1,0.0078317748,0.0002350309"
2026-07-01T06:00:00.000-03:00,"CSV=1782896400000,0.007176,0.00718,0.007056,0.007079,18384896,0.0077162,0.0081857354,0.0072466646,5.7360201046,12.1701207841,8.244869088,32.2150148359,46.0698960892,0.007772,-6.238410596,23655629.3,0.7771890473,-2.3029706837,0.0077897834,1,0.0078242845,0.0002239278"
2026-07-01T07:00:00.000-03:00,"CSV=1782900000000,0.007076,0.007255,0.007003,0.007078,39302549,0.00769832,0.0081747454,0.0072218946,5.8280148531,12.377385576,9.7582597381,29.9491868202,46.3885177211,0.007772,-3.6220043573,23702973.3,1.6581273793,-3.5372286534,0.0077897834,1,0.0078168587,0.000226735"
2026-07-01T08:00:00.000-03:00,"CSV=1782903600000,0.007082,0.007115,0.007052,0.00709,12757319,0.00767616,0.0081545924,0.0071977276,5.8670298894,12.4654090539,9.5778174221,29.3953892397,46.6858979108,0.007772,-2.368493528,20154512,0.6329758319,-2.8578854894,0.0077145846,1,0.0078096263,0.0002103615"
2026-07-01T09:00:00.000-03:00,"CSV=1782907200000,0.007085,0.007197,0.006974,0.006998,25516246,0.0076539,0.0081374477,0.0071703523,5.9422520546,12.635327093,11.359878265,27.4690316607,46.3393396624,0.007772,-3.0345018706,21681958.1,1.1768423259,-3.0956337393,0.0077145846,1,0.0078015504,0.0002116254"
2026-07-01T10:00:00.000-03:00,"CSV=1782910800000,0.007001,0.007157,0.006926,0.00703,30608442,0.00763162,0.0081177301,0.0071455099,5.9882511663,12.7393676654,10.589666226,27.0154552438,46.1620276525,0.007772,-2.5235718247,23179936.6,1.3204713424,-3.1745239179,0.0076821885,1,0.0077938733,0.0002135628"
2026-07-01T11:00:00.000-03:00,"CSV=1782914400000,0.007022,0.007184,0.006993,0.007104,18734010,0.00761138,0.0080979687,0.0071247913,6.0087742035,12.7858194264,10.7906142547,25.4847166057,45.7850357477,0.007772,-1.4701803051,21981516.5,0.8522619447,-2.5340088539,0.0076821885,1,0.0077870089,0.0002113066"
2026-07-01T12:00:00.000-03:00,"CSV=1782918000000,0.007106,0.007165,0.007048,0.007088,13161735,0.007592,0.0080797499,0.0071042501,6.0366949811,12.8490477851,10.4037192726,24.5709679773,45.4331766365,0.007772,-2.3422430422,20680947.6,0.6364183719,-2.1862214038,0.0076821885,1,0.0077800536,0.0002018759"
2026-07-01T13:00:00.000-03:00,"CSV=1782921600000,0.00709,0.007123,0.006992,0.007005,17212772,0.00757062,0.0080601991,0.0070810409,6.0740325833,12.933659882,9.9746823574,25.3205707725,45.3028727528,0.007772,-3.6186020914,20310785.6,0.8474695336,-2.4796992781,0.0076418649,1,0.0077723416,0.0001947883"
2026-07-01T14:00:00.000-03:00,"CSV=1782925200000,0.007005,0.007035,0.006862,0.00701,21746504,0.0075482,0.008037271,0.007059129,6.0850380319,12.958612567,9.4247444576,28.0675326093,45.5976373834,0.007772,-4.1564123599,21470277.9,1.0128655112,-3.0564284285,0.0075263284,1,0.0077647561,0.0001926095"
2026-07-01T15:00:00.000-03:00,"CSV=1782928800000,0.007012,0.007108,0.006835,0.00689,41410157,0.00752144,0.0080091862,0.0070336938,6.0898343439,12.9694890886,10.9011820731,25.674259455,45.2505083194,0.007645,-3.9721254355,23883463,1.7338422405,-4.333298574,0.0075263284,1,0.0077560521,0.0002006485"
2026-07-01T16:00:00.000-03:00,"CSV=1782932400000,0.00689,0.006924,0.006821,0.006832,10597164,0.00749252,0.0079774106,0.0070076294,6.0782950928,12.943323588,10.5379517959,25.2716831302,44.9767811507,0.007556,-3.4891933889,23104689.8,0.4586585707,-3.4223152002,0.007445151,1,0.0077468575,0.0001908837"
2026-07-01T17:00:00.000-03:00,"CSV=1782936000000,0.006831,0.006887,0.006805,0.006853,8765138,0.00746538,0.0079473203,0.0069834397,6.0641859782,12.9113396021,10.2467236643,25.1125132114,44.7811402318,0.007369,-3.1788640859,20050948.7,0.4371433058,-2.7447498519,0.0073859859,1,0.0077379634,0.0001799953"
2026-07-01T18:00:00.000-03:00,"CSV=1782939600000,0.006853,0.006964,0.00685,0.006883,14518282,0.00743962,0.0079175616,0.0069616784,6.0364749446,12.8485493515,12.512121938,24.1196216279,43.908197387,0.007369,-2.9196050776,20227045,0.7177658427,-2.5283641676,0.0073859859,1,0.0077294563,0.0001733958"
2026-07-01T19:00:00.000-03:00,"CSV=1782943200000,0.006883,0.006925,0.006741,0.006807,30643140,0.0074127,0.0078875994,0.0069378006,6.020835817,12.8131291001,11.7113742288,26.3671913339,43.5468751937,0.007369,-2.7293512432,20739734.4,1.4775087959,-3.0297896013,0.0073563686,1,0.0077202777,0.0001744562"
2026-07-01T20:00:00.000-03:00,"CSV=1782946800000,0.006804,0.006809,0.006654,0.006691,18364194,0.00738016,0.0078475958,0.0069127242,5.9564207861,12.6673630159,11.0718430031,27.9924170533,43.531398042,0.007369,-4.8221906117,19515309.6,0.9410147406,-3.5324438833,0.0072490317,1,0.0077100361,0.0001725106"
2026-07-01T21:00:00.000-03:00,"CSV=1782950400000,0.006692,0.006971,0.006658,0.006941,25087232,0.00735296,0.0078053478,0.0069005722,5.7958698097,12.3049165635,15.37084966,25.0346054435,42.2237687152,0.007369,-2.294481982,20150631.8,1.2449848843,-3.3071610505,0.0072490317,1,0.007702384,0.0001865595"
2026-07-01T22:00:00.000-03:00,"CSV=1782954000000,0.006939,0.00703,0.006875,0.007017,16109950,0.0073271,0.007760603,0.006893597,5.5859447894,11.8328669961,16.5755951315,23.7055858433,40.5888874895,0.007369,-1.0016930023,20445453.3,0.7879478026,-2.467867967,0.0072490317,1,0.0076955643,0.0001834036"
2026-07-01T23:00:00.000-03:00,"CSV=1782957600000,0.007014,0.007015,0.006881,0.00692,15522447,0.00729378,0.007691816,0.006895744,5.1747986849,10.9143953573,15.7876800993,22.5787492329,39.0629983455,0.007331,-1.2134189864,20276420.8,0.7655417666,-1.9548862828,0.0072490317,1,0.0076878472,0.0001786632"
2026-07-02T00:00:00.000-03:00,"CSV=1782961200000,0.006918,0.007111,0.006851,0.007028,38138634,0.00726438,0.0076249048,0.0069038552,4.7282535509,9.9258252884,17.6629629091,20.5754019261,36.9665675562,0.007312,0.2567760342,21915633.8,1.7402478225,-1.1543062104,0.0072490317,1,0.0076812816,0.0001867969"
2026-07-02T01:00:00.000-03:00,"CSV=1782964800000,0.007028,0.00722,0.006988,0.007195,31691303,0.00724052,0.0075634049,0.0069176351,4.2690421861,8.9188331206,19.9555966076,18.9665278303,34.6715395842,0.007255,4.4267053701,20943748.4,1.5131628969,1.4632379668,0.0072490317,1,0.0076764429,0.0001913172"
2026-07-02T02:00:00.000-03:00,"CSV=1782968400000,0.007194,0.007437,0.007153,0.007338,34703422,0.00721496,0.0074717722,0.0069581478,3.437099209,7.1188814355,25.2067170138,17.2023030994,33.6183915725,0.007437,7.406323185,23354374.2,1.4859495571,4.6439661969,0.0066932436,-1,0.0076730753,0.0002005855"
2026-07-02T03:00:00.000-03:00,"CSV=1782972000000,0.007335,0.007473,0.007297,0.007386,22671858,0.0072006,0.0074253745,0.0069758255,3.0271128521,6.2432148638,24.9302849445,16.2016514641,32.7919028944,0.007473,7.7776156428,24745046.2,0.9162180509,5.4713080797,0.0067906192,-1,0.0076702189,0.0001981269"
2026-07-02T04:00:00.000-03:00,"CSV=1782975600000,0.00739,0.007524,0.007364,0.007424,19129673,0.00720006,0.007424264,0.006975856,3.0198813346,6.2278359238,25.3026651069,15.3329083185,32.2414129817,0.007524,7.8599447915,25206185.3,0.7589277303,5.6359154068,0.0068610573,-1,0.0076677689,0.0001943142"
2026-07-02T05:00:00.000-03:00,"CSV=1782979200000,0.007433,0.007445,0.007115,0.007187,40917665,0.0071963,0.0074191107,0.0069734893,3.003199619,6.192368423,22.6221229332,21.7021418839,30.2303567688,0.007524,5.5824886147,26233637.8,1.5597404108,6.6596879663,0.0068610573,-1,0.0076629852,0.0002078828"
2026-07-02T06:00:00.000-03:00,"CSV=1782982800000,0.007187,0.007365,0.007156,0.007323,16089091,0.00719264,0.0074118066,0.0069734734,2.9569927249,6.0941902109,21.1049461278,20.246664589,28.3533709701,0.007524,9.445523838,26006127.5,0.6186653895,6.3876648724,0.0068610573,-1,0.0076596022,0.0002079945"
2026-07-02T07:00:00.000-03:00,"CSV=1782986400000,0.007318,0.00743,0.007147,0.007216,36214038,0.00718632,0.0074000995,0.0069725405,2.8888727961,5.9496226216,21.2701624523,18.4513733714,26.9362378958,0.007524,3.9619651347,27118808.1,1.3353845739,6.0220256227,0.0068610573,-1,0.0076551883,0.0002154951"
2026-07-02T08:00:00.000-03:00,"CSV=1782990000000,0.007215,0.007352,0.00719,0.007313,13290491,0.0071838,0.0073953167,0.0069722833,2.8601440816,5.8887138642,20.1730652353,17.4996669413,25.6135803599,0.007524,4.2183269203,26836862.2,0.4952326729,4.7110348538,0.0068610573,-1,0.0076517834,0.0002101456"
2026-07-02T09:00:00.000-03:00,"CSV=1782993600000,0.007313,0.00742,0.007298,0.007376,17100292,0.00718218,0.0073919006,0.0069724594,2.8371680298,5.8400274515,21.5940592128,16.8004634191,24.7383485527,0.007524,6.5895953757,26994646.7,0.6334697464,4.5321263398,0.0068610573,-1,0.0076490393,0.000201331"
2026-07-02T10:00:00.000-03:00,"CSV=1782997200000,0.007375,0.007433,0.007231,0.007314,23798863,0.00717832,0.0073837591,0.0069728809,2.7823102369,5.723876475,20.1647646428,17.8838393501,23.4887764731,0.007524,4.0694365396,25560669.6,0.9310735349,4.2843991146,0.0068610573,-1,0.0076457056,0.0002013979"
2026-07-02T11:00:00.000-03:00,"CSV=1783000800000,0.00731,0.007343,0.007152,0.007194,13047115,0.0071753,0.007379372,0.006971228,2.7654382156,5.6881795214,18.8975828203,19.3591928608,22.0032987012,0.007524,-0.0138985407,23696250.8,0.5505982828,2.8537152388,0.0068610573,-1,0.007641211,0.0002003581"
2026-07-02T12:00:00.000-03:00,"CSV=1783004400000,0.007194,0.007418,0.007152,0.00728,21036925,0.00717522,0.0073792501,0.0069711899,2.7649167708,5.6870764728,19.6946904734,17.699533046,20.8921100943,0.007524,-0.7904061052,22329601.1,0.9421093062,1.6542605101,0.0068610573,-1,0.0076376169,0.0002069223"
2026-07-02T13:00:00.000-03:00,"CSV=1783008000000,0.007279,0.007288,0.007151,0.007195,12961425,0.00717194,0.0073743007,0.0069695793,2.7441342119,5.643123301,18.8050618411,16.9329991707,19.848521975,0.007524,-2.5859734633,21358557.8,0.6068492602,0.5797416457,0.0068610573,-1,0.0076332127,0.0001999301"
2026-07-02T14:00:00.000-03:00,"CSV=1783011600000,0.007193,0.007392,0.007166,0.007235,18691796,0.00716888,0.0073690958,0.0069686642,2.7169662557,5.5856939306,20.8170371064,15.6810523213,19.4634156953,0.007524,-2.5457974138,21314770.1,0.8769410091,-0.3576769539,0.0068610573,-1,0.0076292504,0.0002025371"
2026-07-02T15:00:00.000-03:00,"CSV=1783015200000,0.007237,0.00808,0.0072,0.007977,132338977,0.00718232,0.0074116589,0.0069529811,3.094299359,6.3862070828,34.3401466206,11.9844185355,21.3831150103,0.00808,10.9920690135,30456901.3,4.3451228244,15.6821786835,0.0068610573,-1,0.0076327106,0.0002702834"
2026-07-02T16:00:00.000-03:00,"CSV=1783018800000,0.007978,0.007982,0.007571,0.007745,110337234,0.0071896,0.0074306105,0.0069485895,3.2434812405,6.7044190554,30.7166530877,10.7198501707,23.174834371,0.00808,5.7626655742,39881715.6,2.7666120261,15.7691390823,0.0069234349,-1,0.0076338279,0.000284355"
2026-07-02T17:00:00.000-03:00,"CSV=1783022400000,0.007745,0.007897,0.00761,0.007708,73221442,0.00719786,0.0074491972,0.0069465228,3.3740175872,6.9836652689,28.4691363432,9.9354859794,24.8471057743,0.00808,6.8181818182,43582456,1.6800669058,14.3310932651,0.0069234349,-1,0.0076345659,0.0002846195"
2026-07-02T18:00:00.000-03:00,"CSV=1783026000000,0.007709,0.007916,0.007672,0.007906,17442735,0.00720712,0.0074752842,0.0069389558,3.5873442433,7.441645944,27.1767984988,9.3146635906,26.4538857754,0.00808,8.1088472583,43997680.4,0.3964466954,10.6256374097,0.0069523273,-1,0.0076372668,0.0002805576"
2026-07-02T19:00:00.000-03:00,"CSV=1783029600000,0.007897,0.007932,0.007767,0.007869,23708426,0.00721566,0.0074976129,0.0069337071,3.7605686084,7.815026656,26.4197160144,8.9112289384,27.9940048345,0.00808,6.6838394794,44658493.8,0.5308827948,8.2665367341,0.0070424946,-1,0.0076395726,0.0002690018"
2026-07-02T20:00:00.000-03:00,"CSV=1783033200000,0.00787,0.007985,0.007828,0.007968,26589136,0.00723756,0.0075341908,0.0069409292,3.9371283157,8.1969823442,26.7300376256,8.5343886131,29.5675875663,0.00808,8.9417555373,44937521.1,0.5916912048,7.274610525,0.0071330951,-1,0.0076428405,0.0002578016"
2026-07-02T21:00:00.000-03:00,"CSV=1783036800000,0.007962,0.008007,0.007767,0.007876,28656359,0.00724358,0.0075498942,0.0069372658,4.057198047,8.4575350404,24.9985872559,9.6279458684,30.5557336346,0.00808,9.4801223242,46498445.5,0.6162863875,6.7972304633,0.0071330951,-1,0.0076451605,0.0002560215"
2026-07-02T22:00:00.000-03:00,"CSV=1783040400000,0.007871,0.007874,0.007653,0.007739,31712499,0.00724736,0.0075585593,0.0069361607,4.1171779942,8.5879366252,23.4841798663,12.1415880433,30.6412292561,0.00808,6.3049450549,47566002.9,0.6667051479,5.9326667507,0.0071330951,-1,0.0076460942,0.0002527193"
2026-07-02T23:00:00.000-03:00,"CSV=1783044000000,0.007734,0.007792,0.007688,0.007765,9357737,0.00725578,0.0075750704,0.0069364896,4.2150158512,8.8009950384,22.7941893752,11.7848551131,30.7210251695,0.00808,7.9221681723,47205634.1,0.1982334774,4.4785908156,0.0071330951,-1,0.0076472774,0.0002378474"
2026-07-03T00:00:00.000-03:00,"CSV=1783047600000,0.007763,0.007776,0.007635,0.007744,14639249,0.00726542,0.0075919469,0.0069388931,4.3009644841,8.988522112,21.8611711466,12.8410634701,30.4058150065,0.00808,7.0352453352,46800379.4,0.31280193,3.7192733166,0.0071330951,-1,0.0076482398,0.0002281627"
2026-07-03T01:00:00.000-03:00,"CSV=1783051200000,0.007741,0.007789,0.00743,0.007489,46619636,0.00727086,0.0075987977,0.0069429223,4.3156521798,9.020602174,19.6653079149,17.2869963537,28.8078383912,0.00808,-6.1175880657,38228445.3,1.2195012283,-0.0072865091,0.0071330951,-1,0.0076466553,0.0002412464"
2026-07-03T02:00:00.000-03:00,"CSV=1783054800000,0.007494,0.008044,0.007455,0.007901,212679033,0.00728464,0.0076240888,0.0069451912,4.4523192789,9.3195758291,23.2112595851,14.6927103674,28.385584435,0.00808,2.0142027114,48462625.2,4.3885165552,2.9415963088,0.0071330951,-1,0.0076491861,0.0002760217"
2026-07-03T03:00:00.000-03:00,"CSV=1783058400000,0.007898,0.009678,0.007875,0.009296,289454754,0.00732636,0.0077671376,0.0068855824,5.6749036631,12.0326485389,45.448167717,9.8463385625,30.7856010884,0.009678,20.6019719772,70085956.4,4.129996491,30.323088197,0.0074903413,-1,0.0076655723,0.0004287196"
2026-07-03T04:00:00.000-03:00,"CSV=1783062000000,0.009306,0.010184,0.007734,0.00876,1114393273,0.0073564,0.0078405441,0.0068722559,6.1748784928,13.1625270368,37.403919574,6.6519021635,33.3867204859,0.010184,10.8019225904,179781010.2,6.1986150359,42.5343787267,0.0074903413,-1,0.0076764621,0.0006308476"
2026-07-03T05:00:00.000-03:00,"CSV=1783065600000,0.00876,0.01025,0.008237,0.008933,900937572,0.0073897,0.0079215305,0.0068578695,6.7137338302,14.3938311734,29.8228646204,5.174155807,35.8563309969,0.01025,13.5214131402,267503924.8,3.3679415084,43.5360286735,0.0074903413,-1,0.007688965,0.0007690629"
2026-07-03T06:00:00.000-03:00,"CSV=1783069200000,0.008923,0.009234,0.008835,0.009074,174853991,0.0074249,0.0080064732,0.0068433268,7.2637869391,15.6654810443,28.4792493633,4.94104357,38.1613008071,0.01025,13.8805220884,282330410.3,0.6193239716,31.8895324714,0.0074903413,-1,0.0077027464,0.0007320566"
2026-07-03T07:00:00.000-03:00,"CSV=1783072800000,0.009073,0.009336,0.008991,0.009095,159674124,0.0074633,0.0080888305,0.0068377695,7.7332629499,16.7628404279,28.5227597949,4.7430755521,40.3828009607,0.01025,15.4773996953,295432186.8,0.5404763974,24.0480780571,0.0074903413,-1,0.0077165997,0.0006933509"
2026-07-03T08:00:00.000-03:00,"CSV=1783076400000,0.009095,0.009506,0.0088,0.009139,290609408,0.0075045,0.0081699297,0.0068390703,8.1448644902,17.7341515964,26.2194675328,6.5447306326,41.6939141736,0.01025,18.0901925313,321321877.7,0.9044183673,21.4857528357,0.0074903413,-1,0.0077307529,0.0006946158"
2026-07-03T09:00:00.000-03:00,"CSV=1783080000000,0.00914,0.009449,0.008858,0.009146,210344773,0.00754586,0.0082468154,0.0068449046,8.4997098257,18.5785417937,24.4487086372,6.1027254709,42.917619839,0.01025,17.7849323889,341420581.3,0.6160869746,17.9761902868,0.0074903413,-1,0.007744835,0.0006842542"
2026-07-03T10:00:00.000-03:00,"CSV=1783083600000,0.009144,0.009316,0.008882,0.009051,167301191,0.00758508,0.0083137452,0.0068564148,8.7645843712,19.2131187453,23.2151156603,5.7948041245,44.0597451266,0.01025,16.8775826446,356686775.5,0.4690423153,14.622893671,0.0074903413,-1,0.0077578317,0.0006592288"
2026-07-03T11:00:00.000-03:00,"CSV=1783087200000,0.009051,0.009324,0.008828,0.009127,190796523,0.00762766,0.008382509,0.006872811,9.0050485719,19.7924136022,21.8642688767,6.0911156849,44.8839350657,0.01025,21.8720790493,371104464.2,0.5141315759,13.4969712706,0.0074903413,-1,0.0077714552,0.0006429059"
2026-07-03T12:00:00.000-03:00,"CSV=1783090800000,0.009121,0.009129,0.008874,0.008973,76436227,0.00766652,0.0084393989,0.0068936411,9.1579850032,20.1624435643,21.1852367984,5.9019457216,45.6531790088,0.01025,13.5679027971,357480183.6,0.2138194801,9.9650081544,0.0074903413,-1,0.0077834109,0.0006041153"
2026-07-03T13:00:00.000-03:00,"CSV=1783094400000,0.008979,0.008992,0.008655,0.008887,127753649,0.00770218,0.0084892842,0.0069150758,9.2717378972,20.438477895,20.2928535744,8.3907011038,45.3759464956,0.01025,-4.3997418244,341310073.1,0.3743037756,6.0943921108,0.0074903413,-1,0.0077943919,0.0005774038"
2026-07-03T14:00:00.000-03:00,"CSV=1783098000000,0.008882,0.009078,0.008756,0.008834,105466291,0.0077371,0.0085348403,0.0069393597,9.3468683974,20.6211704597,20.5580596304,8.0438284456,45.2677610397,0.01025,0.8447488584,240417374.9,0.4386799874,4.1864528801,0.0074903413,-1,0.0078047362,0.0005518634"
2026-07-03T15:00:00.000-03:00,"CSV=1783101600000,0.00884,0.008884,0.008686,0.008815,48645002,0.0077733,0.0085780342,0.0069685658,9.3813355977,20.7050846745,20.0129846817,8.7679160959,44.8546628264,0.01025,-1.3209448114,155188117.9,0.3134582896,2.6529482196,0.0074903413,-1,0.0078147886,0.0005164771"
2026-07-03T16:00:00.000-03:00,"CSV=1783105200000,0.008822,0.008822,0.008661,0.008712,29298561,0.00780734,0.0086150584,0.0069996216,9.3756576689,20.691256737,19.5611369525,8.9205423112,44.3549810157,0.01025,-3.9894203218,140632574.9,0.2083341006,1.4915880483,0.0074903413,-1,0.0078237161,0.0004809294"
2026-07-03T17:00:00.000-03:00,"CSV=1783108800000,0.008712,0.009017,0.008707,0.008989,29815543,0.00784932,0.0086627958,0.0070358442,9.3904529853,20.7272926413,21.4900719303,8.5235345403,44.2781287471,0.01025,-1.165475536,127646716.8,0.2335786125,0.903648646,0.0074903413,-1,0.007835311,0.0004638364"
2026-07-03T18:00:00.000-03:00,"CSV=1783112400000,0.008986,0.009231,0.008935,0.009144,62184414,0.00789556,0.0087155782,0.0070755418,9.4086491799,20.7716279639,23.7026052761,8.1523549638,44.580639459,0.01025,0.054710581,104804217.4,0.5933388516,0.6132530684,0.0077418416,-1,0.0078483327,0.0004470528"
2026-07-03T19:00:00.000-03:00,"CSV=1783116000000,0.009143,0.009157,0.008867,0.008975,44687426,0.007938,0.0087578743,0.0071181257,9.3615671629,20.6569484265,22.6664670645,8.8210024791,44.540019981,0.01025,-1.869669801,88238482.7,0.5064391933,0.0932106903,0.0077418416,-1,0.0078595434,0.0004313475"
2026-07-03T20:00:00.000-03:00,"CSV=1783119600000,0.00897,0.009006,0.008819,0.008916,26719797,0.00797866,0.0087956115,0.0071617085,9.2881719166,20.4784141448,22.0019745453,9.3149039892,44.2714803607,0.01025,-1.4915478953,74180343.3,0.3602005034,-0.116944974,0.0077418416,-1,0.0078700554,0.0004069128"
2026-07-03T21:00:00.000-03:00,"CSV=1783123200000,0.008908,0.008913,0.008619,0.008786,45355326,0.00801824,0.0088253481,0.0072111319,9.1453397143,20.1318010228,20.9565238069,12.0720406155,43.113341172,0.01025,-3.7361674154,59636223.6,0.760533167,-1.0251230616,0.0077418416,-1,0.0078791692,0.0003959215"
2026-07-03T22:00:00.000-03:00,"CSV=1783126800000,0.008783,0.008791,0.008528,0.00873,40528768,0.00805902,0.0088493751,0.0072686649,8.9311964453,19.6141732332,20.0525137516,13.0438711279,41.6508824107,0.01025,-2.7081243731,56045477.7,0.7231407361,-1.3362003919,0.0077418416,-1,0.0078876352,0.0003826293"
2026-07-03T23:00:00.000-03:00,"CSV=1783130400000,0.008727,0.008976,0.008685,0.008964,38689338,0.00809948,0.0088833196,0.0073156404,8.8237240326,19.3553069348,22.1698838361,12.4092701747,40.7559484065,0.01025,0.8664341172,47139046.6,0.8207492682,-0.6537585387,0.0077418416,-1,0.0078983453,0.0003734664"
2026-07-04T00:00:00.000-03:00,"CSV=1783134000000,0.008957,0.00914,0.008801,0.009102,37872833,0.00814118,0.0089217768,0.0073605832,8.749342025,19.176501779,23.670226314,11.6988622758,40.2953497017,0.01025,3.0337333031,40379700.8,0.9379176232,0.5126249505,0.0078604407,-1,0.007910322,0.0003700198"
2026-07-04T01:00:00.000-03:00,"CSV=1783137600000,0.0091,0.009278,0.008951,0.009035,64970566,0.00818348,0.0089539959,0.0074129641,8.6052737963,18.8310073321,24.7054206138,11.0453520578,40.1562701318,0.009506,2.4957458877,42012257.2,1.5464669201,1.6282794525,0.0080173466,-1,0.0079215128,0.0003657178"
2026-07-04T02:00:00.000-03:00,"CSV=1783141200000,0.009041,0.009115,0.008906,0.008938,38800765,0.00822168,0.0089812317,0.0074621283,8.4570994372,18.4768002439,23.7951733463,11.4316892911,39.8189688166,0.009506,2.5941230487,42962477.6,0.9031314572,1.8664643447,0.0080173466,-1,0.0079316271,0.000350046"
2026-07-04T03:00:00.000-03:00,"CSV=1783144800000,0.008934,0.008966,0.008656,0.008828,47398669,0.00825434,0.0090040887,0.0075045913,8.326758477,18.1661700594,22.4789723481,15.2601480971,38.4395859625,0.009506,-1.7910779842,44720790.2,1.0598799527,0.6115336801,0.0080173466,-1,0.0079405462,0.0003460414"
2026-07-04T04:00:00.000-03:00,"CSV=1783148400000,0.008828,0.008893,0.008707,0.008757,27378707,0.00828272,0.0090240549,0.0075413851,8.2150977328,17.9007604297,21.7070928933,14.7361475062,37.1521619653,0.009449,-4.2322834646,41240219.5,0.6638836391,-0.5288921294,0.0080173466,-1,0.0079486702,0.0003300373"
2026-07-04T05:00:00.000-03:00,"CSV=1783152000000,0.008758,0.008816,0.008407,0.008543,59391456,0.00830586,0.0090368284,0.0075748916,8.0887714889,17.6012694421,20.0824313293,19.1230581758,34.8384870219,0.009324,-4.8133704735,42710622.5,1.3905546799,-2.583679699,0.0080173466,-1,0.0079545839,0.0003379335"
2026-07-04T06:00:00.000-03:00,"CSV=1783155600000,0.008543,0.008606,0.008402,0.008495,28321926,0.00832728,0.009047709,0.007606851,7.9625569928,17.3028644269,19.3100791471,18.4818651127,32.6620218513,0.009324,-4.7218483625,42870835.4,0.6606338723,-2.7622574554,0.0080173466,-1,0.0079599612,0.0003245402"
2026-07-04T07:00:00.000-03:00,"CSV=1783159200000,0.008496,0.008545,0.008414,0.008483,20668340,0.0083532,0.0090552159,0.0076511841,7.7526132887,16.8083098397,18.8122903571,18.0054266061,30.6306543586,0.009278,-3.448668336,40402136.8,0.511565517,-2.429578237,0.0080173466,-1,0.0079651655,0.0003051862"
2026-07-04T08:00:00.000-03:00,"CSV=1783162800000,0.008482,0.008654,0.008443,0.008644,17749585,0.00837962,0.0090670742,0.0076921658,7.5818749325,16.4077661756,20.2113012773,17.2385319365,29.117811016,0.009278,-0.9851088202,38124218.5,0.4655724287,-1.77259866,0.0080173466,-1,0.0079719201,0.0002957676"
2026-07-04T09:00:00.000-03:00,"CSV=1783166400000,0.008642,0.008928,0.008583,0.008882,31577283,0.00841294,0.0090833508,0.0077425292,7.3806546759,15.9376092544,24.3224812825,16.0415733409,28.5443269703,0.009278,-0.9147701919,37413013,0.8440187108,-1.4390934927,0.0080173466,-1,0.0079809756,0.0003006908"
2026-07-04T10:00:00.000-03:00,"CSV=1783170000000,0.00889,0.009083,0.008775,0.009034,31714643,0.00844736,0.0091044618,0.0077902582,7.2173602889,15.5575661814,25.9418918779,15.0425078854,28.414303988,0.009278,-0.747088552,36797194,0.8618766692,-1.1740283927,0.0080247349,-1,0.0079914535,0.0003014217"
2026-07-04T11:00:00.000-03:00,"CSV=1783173600000,0.009034,0.009142,0.008916,0.008965,43060343,0.00847914,0.0091219274,0.0078363526,7.0466179134,15.1616170497,25.9495611255,14.3403609414,28.4409606544,0.009278,-0.7747648035,34606171.7,1.2442966351,-1.1040313411,0.0081473614,-1,0.0080011405,0.0002938795"
2026-07-04T12:00:00.000-03:00,"CSV=1783177200000,0.008971,0.009224,0.00895,0.009193,31590159,0.00851672,0.0091450545,0.0078883855,6.8707572853,14.755316558,26.1769410161,13.52056111,28.6703670188,0.009278,2.8529872455,33885111.1,0.932272552,0.1505663393,0.0082113252,-1,0.0080129998,0.0002918916"
2026-07-04T13:00:00.000-03:00,"CSV=1783180800000,0.009191,0.009194,0.008957,0.009027,27419525,0.00855338,0.0091564357,0.0079503243,6.5861407748,14.100992785,24.8598745812,12.8402876888,28.8844796255,0.009278,2.2541912098,31887196.7,0.859891362,0.7464974094,0.0082162927,-1,0.0080230894,0.0002864024"
2026-07-04T14:00:00.000-03:00,"CSV=1783184400000,0.009025,0.009159,0.008991,0.009026,30233541,0.0085883,0.0091666548,0.0080099452,6.309333394,13.4684352722,23.944865613,12.3676795769,29.0843180585,0.009278,3.0718282517,32172680.1,0.9397271507,1.459891743,0.0082513134,-1,0.0080330686,0.0002745622"
2026-07-04T15:00:00.000-03:00,"CSV=1783188000000,0.009026,0.009026,0.0088,0.008895,38881058,0.0086223,0.0091667207,0.0080778793,5.9390998199,12.628201109,22.7385747511,16.0022195695,28.304581739,0.009278,4.1203324359,30121640.3,1.290801484,2.746104903,0.0082513134,-1,0.008041645,0.000269706"
2026-07-04T16:00:00.000-03:00,"CSV=1783191600000,0.008895,0.009106,0.008856,0.00905,22680748,0.0086586,0.0091687399,0.0081484601,5.5639041767,11.7834269369,23.2604010136,15.1005896147,27.8356841245,0.009278,6.5332548558,29557522.5,0.7673426621,3.5018183264,0.0082513134,-1,0.0080516784,0.0002677354"
2026-07-04T17:00:00.000-03:00,"CSV=1783195200000,0.00905,0.00923,0.008954,0.00923,21613977,0.00868366,0.0091904668,0.0081768532,5.5144834839,11.6726535183,24.6142218485,14.1570641955,27.7780650124,0.009278,8.8058469881,29652086.2,0.7289192691,4.474129401,0.0082863145,-1,0.008063403,0.0002685618"
2026-07-04T18:00:00.000-03:00,"CSV=1783198800000,0.009222,0.009381,0.008888,0.008978,57434637,0.00870832,0.0091985812,0.0082180588,5.3297481672,11.2596049213,25.2566296393,12.6449708785,28.1445099646,0.009381,3.8639518741,33620591.4,1.7083172725,5.1830381762,0.0082863145,-1,0.0080725035,0.0002910057"
2026-07-04T19:00:00.000-03:00,"CSV=1783202400000,0.008975,0.00962,0.008862,0.009187,67489816,0.0087379,0.0092112402,0.0082645598,5.1387241548,10.8341873099,26.1953288975,10.7529773993,29.0545077888,0.00962,3.4339112812,37211844.7,1.813664884,5.531346886,0.0082863145,-1,0.008083593,0.0003377051"
2026-07-04T20:00:00.000-03:00,"CSV=1783206000000,0.00919,0.009271,0.009122,0.009208,26395750,0.00876394,0.009226489,0.008301391,5.0132725465,10.5557327448,25.3950682302,10.4244766615,29.9038390914,0.00962,1.9260571176,36679955.4,0.719623285,4.1495764407,0.0082863145,-1,0.0080947811,0.0003188346"
2026-07-04T21:00:00.000-03:00,"CSV=1783209600000,0.009217,0.00925,0.00891,0.009014,33105579,0.00878684,0.0092325523,0.0083411277,4.8276173863,10.1449963817,23.6301296643,14.0334667559,29.6089126869,0.00962,0.5465699944,35684479,0.9277304847,2.9354075091,0.0082863145,-1,0.0081039276,0.0003209511"
2026-07-04T22:00:00.000-03:00,"CSV=1783213200000,0.00901,0.009037,0.008907,0.008917,10166887,0.00880582,0.0092362013,0.0083754387,4.6597220078,9.7749285107,22.9759729858,13.7088602567,29.3190803731,0.00962,-3.0022843468,33542151.8,0.303107775,1.6535997633,0.0082863145,-1,0.0081120178,0.000301856"
2026-07-04T23:00:00.000-03:00,"CSV=1783216800000,0.008916,0.009003,0.008822,0.008841,12491639,0.00882512,0.0092344964,0.0084157436,4.4331208666,9.2775256592,22.0647732411,15.0276134727,28.629273606,0.00962,-2.060485211,32049363.2,0.3897624712,0.8346999063,0.0082863145,-1,0.0081192714,0.0002897704"
2026-07-05T00:00:00.000-03:00,"CSV=1783220400000,0.008844,0.008883,0.008812,0.008835,6832068,0.00884704,0.0092258768,0.0084682032,4.1062422088,8.5641491237,21.7030278534,15.0121515236,27.9355709115,0.00962,-2.1161090184,29709215.9,0.2299646017,0.3942565484,0.0082863145,-1,0.0081263931,0.0002678934"
2026-07-05T01:00:00.000-03:00,"CSV=1783224000000,0.008835,0.009212,0.008826,0.009156,44785739,0.00887486,0.0092230501,0.0085266699,3.7752160209,7.8466604231,27.2411657072,13.7034911919,28.2774227366,0.00962,2.934232715,30299684,1.4780926098,1.7085269294,0.0082863145,-1,0.0081366379,0.000279704"
2026-07-05T02:00:00.000-03:00,"CSV=1783227600000,0.009156,0.00924,0.00908,0.009146,17360112,0.0089029,0.0092132925,0.0085925075,3.3689643565,6.9728412493,26.8780923304,13.1927337558,28.6691227867,0.00962,1.0607734807,29767620.4,0.5831877646,1.3452279913,0.0083567991,-1,0.0081466813,0.0002677336"
2026-07-05T03:00:00.000-03:00,"CSV=1783231200000,0.009142,0.00915,0.008838,0.008925,25613077,0.00893162,0.0091673024,0.0086959376,2.5709024717,5.2774839076,24.936256275,17.843311012,27.8631957616,0.00962,-3.3044420368,30167530.4,0.8490279668,-0.0383692405,0.0083567991,-1,0.0081544258,0.0002721603"
2026-07-05T04:00:00.000-03:00,"CSV=1783234800000,0.008925,0.008971,0.00888,0.008923,8522794,0.00895206,0.0091361424,0.0087679776,2.0148812157,4.11262698,24.3857029126,17.4493587376,27.1109972048,0.00962,-0.6126085988,25276346.1,0.3371845743,-0.0944335502,0.0083567991,-1,0.0081620733,0.0002540442"
2026-07-05T05:00:00.000-03:00,"CSV=1783238400000,0.008923,0.009041,0.008878,0.008988,12090136,0.0089459,0.0091234059,0.0087683941,1.945609587,3.9684293153,25.1401198319,16.7400514989,26.6407565711,0.00962,-2.1661042778,19736378.1,0.6125812922,-0.505260686,0.0083567991,-1,0.0081702915,0.0002449398"
2026-07-05T06:00:00.000-03:00,"CSV=1783242000000,0.008987,0.009124,0.008869,0.008883,23170424,0.00894836,0.0091241162,0.0087726038,1.9262815623,3.9282319321,25.6127247804,15.6722234253,26.4698918463,0.00962,-3.5295395308,19413845.5,1.1934999689,-1.7410088974,0.0083567991,-1,0.0081773831,0.0002459458"
2026-07-05T07:00:00.000-03:00,"CSV=1783245600000,0.008884,0.009072,0.00883,0.009012,14540283,0.00894994,0.009125906,0.008773974,1.9282025621,3.9322264147,24.0526484174,15.6992358262,26.1061576123,0.00962,-0.022187708,17557315.9,0.8281609264,-1.1667975959,0.0083567991,-1,0.0081856877,0.0002455512"
2026-07-05T08:00:00.000-03:00,"CSV=1783249200000,0.009005,0.009005,0.008881,0.008911,9316443,0.00894668,0.0091218254,0.0087715346,1.920069223,3.9153152084,23.2319293828,15.1635500486,25.7666723272,0.00962,-0.0672872042,17472271.5,0.5332130399,-0.7898245355,0.0083567991,-1,0.0081929048,0.0002340961"
2026-07-05T09:00:00.000-03:00,"CSV=1783252800000,0.00891,0.0091,0.008851,0.009042,15741988,0.00894562,0.0091200233,0.0087712167,1.9123121406,3.8991889448,24.2014002429,14.1782987823,25.7899363923,0.00962,2.273498473,17797306.4,0.8845151983,0.1437649606,0.0083567991,-1,0.0082013535,0.0002355865"
2026-07-05T10:00:00.000-03:00,"CSV=1783256400000,0.009047,0.009118,0.008989,0.009043,11088471,0.0089437,0.0091164848,0.0087709152,1.8953001646,3.8638315347,23.8446636999,13.6847428895,25.8754001688,0.00962,2.3542727787,18222946.7,0.6084894602,0.5733600311,0.0083787164,-1,0.0082097281,0.0002249279"
2026-07-05T11:00:00.000-03:00,"CSV=1783260000000,0.009037,0.009086,0.008987,0.009066,8327134,0.0089421,0.0091133678,0.0087708322,1.8793027679,3.8305939947,23.1811410765,13.3601550968,25.9421336834,0.00962,-0.9829619921,14577086.2,0.5712481826,0.1950682702,0.0083994948,-1,0.0082182482,0.0002123351"
2026-07-05T12:00:00.000-03:00,"CSV=1783263600000,0.009065,0.009224,0.009065,0.009123,16983725,0.00894354,0.0091160158,0.0087710642,1.8920081567,3.8569908957,26.0879123689,12.7496518038,26.5022387977,0.00962,-0.2514760551,14539447.5,1.1681135064,0.032127988,0.0085234953,-1,0.0082272507,0.0002070016"
2026-07-05T13:00:00.000-03:00,"CSV=1783267200000,0.009122,0.009215,0.009008,0.009163,20072511,0.00894426,0.0091175732,0.0087709468,1.9008700704,3.8754065848,24.5247044791,13.6356751206,26.6377501035,0.00962,2.6666666667,13985390.9,1.4352484778,1.2971950833,0.0085234953,-1,0.0082365616,0.0002070014"
2026-07-05T14:00:00.000-03:00,"CSV=1783270800000,0.009163,0.009205,0.009092,0.009132,9230138,0.00894744,0.0091226991,0.0087721809,1.9211325289,3.9175259226,23.6942945824,13.173969269,26.7642273224,0.00962,2.3422615712,14056125.3,0.6566630421,1.3774889252,0.0085556962,-1,0.0082454715,0.0001976013"
2026-07-05T15:00:00.000-03:00,"CSV=1783274400000,0.009129,0.009167,0.009067,0.009095,10856798,0.0089516,0.009127841,0.008775359,1.9308067697,3.9376417936,22.957250627,13.5418343868,26.6996993407,0.009271,1.1904761905,13932791.5,0.7792263309,1.2275427481,0.0085556962,-1,0.0082539245,0.0001878411"
2026-07-05T16:00:00.000-03:00,"CSV=1783278000000,0.009093,0.0095,0.008732,0.008882,109788255,0.00895256,0.0091282878,0.0087768322,1.9250900799,3.9257544697,18.2786312063,19.6716326519,25.1644258862,0.0095,-0.0112574581,22594574.6,4.8590538633,0.8001283004,0.0085556962,-1,0.008260174,0.000245857"
2026-07-05T17:00:00.000-03:00,"CSV=1783281600000,0.008881,0.00898,0.008641,0.008941,26742695,0.00895508,0.0091297171,0.0087804429,1.9128423082,3.9002910333,16.6717602485,20.3021240063,24.1413791138,0.0095,-0.7878384376,23814815.8,1.1229436005,0.2385194896,0.0085556962,-1,0.0082669484,0.0002551713"
2026-07-05T18:00:00.000-03:00,"CSV=1783285200000,0.008944,0.008964,0.008801,0.008837,8199115,0.00895758,0.0091295944,0.0087855656,1.8841409639,3.8406450953,15.9494334599,19.4225067483,23.1865354595,0.0095,-0.8304342947,23703083,0.345909222,0.0632613662,0.0085556962,-1,0.0082726205,0.0002459542"
2026-07-05T19:00:00.000-03:00,"CSV=1783288800000,0.00884,0.008918,0.008811,0.008867,7923128,0.00895514,0.0091275562,0.0087827238,1.8889638927,3.8506654657,15.4777828384,18.8481517154,22.2953480488,0.0095,-1.9354125194,22921197,0.3456681603,-0.1808292509,0.0085556962,-1,0.0082785348,0.0002320588"
2026-07-05T20:00:00.000-03:00,"CSV=1783292400000,0.008867,0.008893,0.008709,0.008742,8505445,0.0089471,0.0091198945,0.0087743055,1.8946981656,3.8625805745,14.6780572433,20.7385558818,21.9497929806,0.0095,-3.3285414132,22662894.4,0.3753026798,-0.536956338,0.0085556962,-1,0.0082831464,0.0002272529"
2026-07-05T21:00:00.000-03:00,"CSV=1783296000000,0.008735,0.008797,0.008557,0.008625,21247877,0.0089401,0.009118617,0.008761583,1.9577204461,3.9936249035,13.68955381,23.607129226,22.2592093612,0.0095,-4.8643282594,23954968.7,0.886992476,-1.7961784143,0.0085556962,-1,0.0082865479,0.0002285276"
2026-07-05T22:00:00.000-03:00,"CSV=1783299600000,0.008625,0.008795,0.0086,0.008772,11803800,0.00893722,0.0091172577,0.0087571823,1.9746913048,4.0289417725,12.9314256883,22.2997653202,22.5479979831,0.0095,-3.8474186123,23436976.2,0.5036400558,-1.8433569843,0.0085556962,-1,0.0082913783,0.0002251748"
2026-07-05T23:00:00.000-03:00,"CSV=1783303200000,0.008763,0.008951,0.008727,0.008951,19677953,0.00894052,0.0091192632,0.0087617768,1.9600618026,3.9984966099,16.5502226691,20.8768013543,21.8154674041,0.0095,-2.3136527338,23397520.4,0.8410272825,-1.87751968,0.0085556962,-1,0.0082979417,0.0002250574"
2026-07-06T00:00:00.000-03:00,"CSV=1783306800000,0.008943,0.009,0.008685,0.008736,23804350,0.00894064,0.0091192438,0.0087620362,1.9585371855,3.9953242827,16.4629798353,19.0456849062,20.845999595,0.0095,-4.3363994744,24854941.6,0.9577310775,-2.6360479671,0.0085556962,-1,0.0083023004,0.0002340516"
2026-07-06T01:00:00.000-03:00,"CSV=1783310400000,0.008735,0.00895,0.008632,0.008669,19711103,0.00893474,0.0091173033,0.0087521767,2.0023824765,4.0865941992,15.036461251,18.8395427761,20.2046980345,0.0095,-4.6838922485,25740372.1,0.7657660473,-2.9529538625,0.0085556962,-1,0.0083059492,0.0002424465"
2026-07-06T02:00:00.000-03:00,"CSV=1783314000000,0.008659,0.008688,0.008539,0.008592,11331334,0.00892454,0.0091116635,0.0087374165,2.0536701213,4.1934600794,14.4096389233,20.6561113958,20.0452914938,0.0095,-3.2650303986,15894680,0.7129010461,-2.7445171039,0.0085556962,-1,0.0083087955,0.0002331018"
2026-07-06T03:00:00.000-03:00,"CSV=1783317600000,0.008594,0.008596,0.008451,0.008546,14808793,0.00891476,0.009108516,0.008721004,2.1271959892,4.3468581711,13.8094073767,22.3237032088,20.2798517017,0.0095,-4.4178503523,14701289.8,1.0073125012,-3.3130633654,0.0091963749,1,0.0083111557,0.0002242916"
2026-07-06T04:00:00.000-03:00,"CSV=1783321200000,0.008547,0.008576,0.008491,0.008537,7179570,0.00890674,0.0091075392,0.0087059408,2.2047578407,4.508926594,13.457329488,21.7545490025,20.4987745623,0.0095,-3.3948172457,14599335.3,0.491773759,-2.765202923,0.0091645874,1,0.0083134029,0.0002103625"
2026-07-06T05:00:00.000-03:00,"CSV=1783324800000,0.008536,0.008578,0.008418,0.008444,10213561,0.00889906,0.0091098203,0.0086882997,2.313550381,4.7366863879,12.7992007705,22.9219298945,21.0214036105,0.0095,-4.7704973497,14828378.6,0.6887847468,-2.9387505518,0.0091139787,1,0.0083147024,0.0002053262"
2026-07-06T06:00:00.000-03:00,"CSV=1783328400000,0.008447,0.008469,0.00833,0.008366,15102924,0.00889124,0.0091140363,0.0086684437,2.4445401927,5.0115907352,12.2419378248,24.6803532918,21.8658495153,0.0095,-4.3010752688,15488126.5,0.975129174,-3.3572016925,0.0089955808,1,0.0083152128,0.0001986936"
2026-07-06T07:00:00.000-03:00,"CSV=1783332000000,0.008366,0.008414,0.008293,0.008347,14247011,0.00888732,0.0091178007,0.0086568393,2.5278098838,5.1867304527,11.7642170406,24.9105189104,22.7978370109,0.0095,-3.2231884058,14788039.9,0.9634144279,-3.2732231997,0.0089262727,1,0.0083155291,0.0001909242"
2026-07-06T08:00:00.000-03:00,"CSV=1783335600000,0.008349,0.008469,0.008312,0.008375,14276935,0.00888492,0.0091200513,0.0086497887,2.5781792441,5.2928167923,12.9615361795,23.6286590506,23.2215114927,0.0095,-4.5257637939,15035353.4,0.9495576605,-3.6146400266,0.0089262727,1,0.0083161209,0.0001875318"
2026-07-06T09:00:00.000-03:00,"CSV=1783339200000,0.008374,0.008389,0.007877,0.0081,118675134,0.00887726,0.0091308724,0.0086236476,2.777526136,5.7137532621,10.9862085255,32.9756487918,25.0080348163,0.0095,-9.5073176181,24935071.5,4.7593661001,-17.4926950758,0.0087929359,1,0.0083139704,0.0002199786"
2026-07-06T10:00:00.000-03:00,"CSV=1783342800000,0.0081,0.008578,0.008077,0.008482,51307796,0.00887402,0.0091315955,0.0086164445,2.8207064433,5.8051593915,14.6698192381,28.4327548662,25.4695430443,0.0095,-2.9075091575,27685416.1,1.8532427259,-13.4579034494,0.0087929359,1,0.0083156423,0.0002480808"
2026-07-06T11:00:00.000-03:00,"CSV=1783346400000,0.008481,0.008552,0.008431,0.008533,13483438,0.00886704,0.0091289962,0.0086050838,2.8694959602,5.9085371553,14.1648531743,27.4540395817,25.900284057,0.0095,-1.5688083977,27062649.6,0.4982305206,-9.2324783745,0.0087929359,1,0.0083178051,0.0002353727"
2026-07-06T12:00:00.000-03:00,"CSV=1783350000000,0.008532,0.008836,0.008512,0.008828,25398007,0.00886292,0.0091238358,0.0086020042,2.8597156554,5.8878058154,20.770029617,24.9864917698,24.7879315982,0.009,2.7467411546,28469316.9,0.8921185952,-5.3381792963,0.0079412937,-1,0.0083228817,0.0002442354"
2026-07-06T13:00:00.000-03:00,"CSV=1783353600000,0.008829,0.008908,0.008759,0.008783,19184615,0.00885928,0.0091200157,0.0085985443,2.8589394912,5.8861607567,21.9384508743,23.9268727563,23.4244260964,0.009,2.7732272408,28906899.1,0.6636690755,-2.9452844779,0.0081293644,-1,0.00832746,0.0002347119"
2026-07-06T14:00:00.000-03:00,"CSV=1783357200000,0.008792,0.008802,0.008647,0.008666,13122972,0.00884874,0.009106406,0.008591074,2.8295031744,5.8237906913,20.9482988638,26.1082130418,22.5938214412,0.009,1.5110694623,29501239.3,0.4448278212,-1.7394677397,0.0081293644,-1,0.0083308285,0.0002267407"
2026-07-06T15:00:00.000-03:00,"CSV=1783360800000,0.008666,0.008756,0.008644,0.008691,8853278,0.00884202,0.0090993306,0.0085847094,2.8277969156,5.8201766057,20.2410401764,25.3171789974,21.8303728304,0.009,2.9251539555,29365211,0.3014886561,-0.8656782482,0.0081293644,-1,0.0083344123,0.0002152666"
2026-07-06T16:00:00.000-03:00,"CSV=1783364400000,0.008691,0.008736,0.008658,0.008682,6505380,0.00883514,0.009092038,0.008578242,2.8255266683,5.8153681135,19.7436504772,24.695051679,21.1178207936,0.009,3.7771934019,28505456.6,0.2282152534,-0.2897811157,0.0081293644,-1,0.0083378709,0.00020154"
2026-07-06T17:00:00.000-03:00,"CSV=1783368000000,0.008681,0.008725,0.008611,0.008668,5632574,0.0088306,0.0090884042,0.0085727958,2.8366276839,5.8388827319,19.0120623287,25.3076719442,20.6569647747,0.009,3.8456930634,27644012.9,0.2037538479,0.068004176,0.0081293644,-1,0.0083411558,0.000192786"
2026-07-06T18:00:00.000-03:00,"CSV=1783371600000,0.008666,0.008788,0.008662,0.00869,7292967,0.0088234,0.0090800005,0.0085667995,2.8259961942,5.8163625735,20.3146595821,24.2438481973,19.8677033588,0.009,3.7611940299,26945616.1,0.2706550473,0.3846648334,0.0081666779,-1,0.0083446269,0.0001861074"
2026-07-06T19:00:00.000-03:00,"CSV=1783375200000,0.008684,0.009354,0.008666,0.00934,43698666,0.0088256,0.0090861187,0.0085650813,2.8672167023,5.9037054328,32.5430225437,19.4585493868,20.2206356519,0.009354,15.3086419753,19447969.3,2.246952642,11.7223743995,0.0083011101,-1,0.0083545311,0.0002362966"
2026-07-06T20:00:00.000-03:00,"CSV=1783378800000,0.009343,0.009393,0.008923,0.008991,61622916,0.00882586,0.0090865371,0.0085651829,2.8688279775,5.9071210977,29.4824667413,17.0022240709,20.6624646575,0.009393,6.0009431738,20479481.3,3.0090076549,13.8338775818,0.0083789991,-1,0.0083608641,0.000259667"
2026-07-06T21:00:00.000-03:00,"CSV=1783382400000,0.008991,0.009078,0.008929,0.008967,9321259,0.00882146,0.0090778253,0.0085650947,2.8240827962,5.8123100404,28.2703130862,16.3031879884,21.074838396,0.009393,5.0861361772,20063263.4,0.4645933622,10.010246757,0.0083789991,-1,0.0083668953,0.0002486003"
2026-07-06T22:00:00.000-03:00,"CSV=1783386000000,0.008956,0.008999,0.008728,0.008847,22478589,0.00881424,0.0090646313,0.0085638487,2.7622892665,5.6815185089,26.1733114157,20.5955444059,20.4649319816,0.009393,0.2152242864,19771321.6,1.1369290053,6.7550627492,0.0083789991,-1,0.0083716725,0.0002508402"
2026-07-06T23:00:00.000-03:00,"CSV=1783389600000,0.008843,0.008882,0.008778,0.008791,4355354,0.00880978,0.0090585543,0.0085610057,2.7462914094,5.6476846984,25.3986601461,19.9859782578,19.8956859948,0.009393,0.0910850507,18288395.5,0.2381485024,4.5106057556,0.0083789991,-1,0.0083758449,0.0002361562"
2026-07-07T00:00:00.000-03:00,"CSV=1783393200000,0.008784,0.008808,0.008557,0.008571,17832534,0.00880286,0.0090533618,0.0085523582,2.7669480378,5.6913734209,23.5930064685,24.8246624188,18.7388945987,0.009393,-1.0962381722,18759351.7,0.9505943641,2.6597112277,0.0083789991,-1,0.0083777867,0.0002376406"
2026-07-07T01:00:00.000-03:00,"CSV=1783396800000,0.008571,0.008621,0.008519,0.008531,13119104,0.00879666,0.0090499618,0.0085433582,2.7989263607,5.7590441256,22.8846409282,25.1978727327,17.8103658065,0.009393,-1.8409849269,19185934.3,0.6837876016,1.3535265959,0.0083789991,-1,0.0083793112,0.0002240765"
2026-07-07T02:00:00.000-03:00,"CSV=1783400400000,0.00853,0.00856,0.008479,0.008511,9719851,0.00879018,0.0090465439,0.0085338161,2.8338320342,5.8329603678,22.3145932455,25.8003079613,17.1059790061,0.009393,-1.9695922598,19507381.4,0.4982652874,0.5752245794,0.0083789991,-1,0.0083806216,0.0002097689"
2026-07-07T03:00:00.000-03:00,"CSV=1783404000000,0.008509,0.008527,0.008351,0.008375,14842348,0.00877456,0.0090319497,0.0085171703,2.8497687353,5.866725582,21.0914844174,28.3724715786,16.946899296,0.009393,-3.3802491924,20428358.8,0.7265560658,-0.4351637986,0.009058176,1,0.0083805656,0.000206392"
2026-07-07T04:00:00.000-03:00,"CSV=1783407600000,0.008372,0.008379,0.008174,0.008215,21658684,0.00875594,0.0090193893,0.0084924907,2.9209217638,6.0176133043,19.7411160845,32.0838979211,17.4048569022,0.009393,-5.4660529344,21864930.5,0.9905672465,-2.0949402005,0.0088952584,1,0.0083789182,0.0002062528"
2026-07-07T05:00:00.000-03:00,"CSV=1783411200000,0.00821,0.008299,0.007918,0.008124,41415163,0.00873992,0.0090166224,0.0084632176,3.0688035359,6.3319212965,17.5088905835,36.0536993177,18.552712352,0.009393,-13.0192719486,21636580.2,1.9141270301,-9.7034735834,0.0087796826,1,0.0083763817,0.0002237275"
2026-07-07T06:00:00.000-03:00,"CSV=1783414800000,0.008123,0.008229,0.008072,0.008156,25327203,0.00872458,0.0090117695,0.0084373905,3.1868268607,6.5834571006,16.6763502714,34.3393612253,19.6240441052,0.009393,-9.2870648426,18007008.9,1.4065191582,-10.8231272639,0.0087796826,1,0.0083741888,0.0002170548"
2026-07-07T07:00:00.000-03:00,"CSV=1783418400000,0.008155,0.008248,0.008085,0.008111,12173108,0.00870704,0.0090042133,0.0084098667,3.3003802869,6.8260460522,16.4241709889,32.6142948454,20.5167846074,0.009393,-9.5461135274,18292193.8,0.6654810316,-9.3330040018,0.0087796826,1,0.0083715701,0.0002116493"
2026-07-07T08:00:00.000-03:00,"CSV=1783422000000,0.00811,0.008117,0.007978,0.008006,12000704,0.0086895,0.0090012919,0.0083777081,3.4638575898,7.1762917044,15.7033993438,34.5612059877,21.6501368975,0.009393,-9.5060472477,17244405.3,0.6959186931,-8.4271479937,0.0086606531,1,0.0083679325,0.0002043844"
2026-07-07T09:00:00.000-03:00,"CSV=1783425600000,0.008,0.008203,0.007882,0.00796,31058700,0.00866846,0.0089930132,0.0083439068,3.6089488084,7.4881407845,14.1652709889,34.1052874684,22.9607183086,0.009393,-9.4528495052,19914739.9,1.5595835123,-10.5322680733,0.0086606531,1,0.0083638735,0.0002160459"
2026-07-07T10:00:00.000-03:00,"CSV=1783429200000,0.007952,0.007986,0.007846,0.007872,16725453,0.00864768,0.0089888742,0.0083064858,3.7957385747,7.8909988361,13.5452967367,33.7380368143,24.2770590926,0.009393,-8.1554077704,19804031.8,0.8445478764,-9.3173894867,0.008541324,1,0.0083589792,0.0002084413"
2026-07-07T11:00:00.000-03:00,"CSV=1783432800000,0.007882,0.007924,0.007669,0.007719,38403605,0.00862122,0.0089815705,0.0082608695,4.0121102613,8.359617598,12.4793938789,36.5452642415,25.9312096918,0.009393,-9.5182276404,22332481.9,1.719629962,-11.6675361361,0.0084357916,1,0.0083526113,0.0002130972"
2026-07-07T12:00:00.000-03:00,"CSV=1783436400000,0.007713,0.007748,0.007551,0.007666,34246756,0.00859368,0.0089728699,0.0082144901,4.2259600425,8.824854928,11.716249048,37.9733691554,27.7252800965,0.009393,-9.9283280461,24785172.4,1.3817437074,-12.3511590249,0.0082839624,1,0.0083457793,0.0002114875"
2026-07-07T13:00:00.000-03:00,"CSV=1783440000000,0.007672,0.007752,0.007583,0.007725,19440228,0.00856686,0.0089589009,0.0081748191,4.3759928992,9.152498482,11.2187058133,35.9525525311,29.3725378584,0.009393,-7.7611940299,25244960.4,0.7700637154,-10.2263106534,0.0082839624,1,0.0083396024,0.0002072387"
2026-07-07T14:00:00.000-03:00,"CSV=1783443600000,0.007731,0.007852,0.007606,0.007609,28065996,0.00853658,0.0089427121,0.0081304479,4.5414864033,9.5150997689,13.4742312783,33.1972955849,30.2316558709,0.009393,-7.3767498478,25885691.6,1.0842281687,-9.4835670952,0.0082839624,1,0.0083323328,0.0002111149"
2026-07-07T15:00:00.000-03:00,"CSV=1783447200000,0.007609,0.007737,0.007525,0.007617,20632793,0.00850566,0.0089216548,0.0080896652,4.6627542153,9.7816004164,12.583785153,33.5283986378,31.2442785938,0.009393,-6.2407680945,23807454.6,0.866652624,-8.1252374118,0.0082646101,1,0.008325215,0.0002112034"
2026-07-07T16:00:00.000-03:00,"CSV=1783450800000,0.007606,0.0077,0.007536,0.00762,21589105,0.00847542,0.0088996594,0.0080511806,4.7669174501,10.0110535592,11.9303135507,31.7872805152,32.1893931352,0.009078,-6.5718489456,23433644.8,0.9212866878,-7.4350105904,0.0082374491,1,0.0083181979,0.000206483"
2026-07-07T17:00:00.000-03:00,"CSV=1783454400000,0.00762,0.00774,0.00746,0.007523,16558114,0.00844398,0.0088792444,0.0080087156,4.9020432623,10.3094607506,10.8953304952,31.3843657492,33.2741466891,0.008999,-7.2494143755,23872145.4,0.6936165025,-6.6327782084,0.0082374491,1,0.0083102855,0.0002138347"
2026-07-07T18:00:00.000-03:00,"CSV=1783458000000,0.007523,0.007624,0.007475,0.007491,10609715,0.00841616,0.0088667234,0.0079655966,5.0815090802,10.7071004415,10.3818233655,29.9051912001,34.2865833394,0.008882,-6.4326754934,23733046.5,0.4470439562,-5.3804150394,0.0081715538,1,0.0083021334,0.0002073513"
2026-07-07T19:00:00.000-03:00,"CSV=1783461600000,0.007491,0.007507,0.007317,0.007461,28647867,0.00838656,0.0088500993,0.0079230207,5.2376730163,11.0543360068,9.7537528963,33.1268266798,35.6346354127,0.008808,-6.2688442211,23491963.2,1.2194752204,-6.1351767556,0.0080288484,1,0.008293764,0.0002056161"
2026-07-07T20:00:00.000-03:00,"CSV=1783465200000,0.007462,0.007505,0.007445,0.007484,7413735,0.0083595,0.0088352844,0.0078837156,5.3850487808,11.3830820846,9.5581084319,32.4623562619,36.8928173479,0.008621,-4.9288617886,22560791.4,0.3286114777,-4.6300113556,0.0080288484,1,0.0082857066,0.0001910545"
2026-07-07T21:00:00.000-03:00,"CSV=1783468800000,0.007481,0.007729,0.007462,0.007705,17973686,0.00833626,0.0088150574,0.0078574626,5.4315857561,11.4871033833,16.0468148414,29.6287924249,36.4156785316,0.00856,-0.1813706439,20517799.5,0.8760045637,-3.139634741,0.0080288484,1,0.0082799284,0.0001986491"
2026-07-07T22:00:00.000-03:00,"CSV=1783472400000,0.007705,0.00773,0.00746,0.007515,27723684,0.00831172,0.0088004342,0.0078230058,5.5532968047,11.7596413995,14.6603378508,27.1328068128,35.9775224226,0.008527,-1.9697364988,19865492.3,1.3955699452,-3.0093915132,0.0080288484,1,0.0082723172,0.0002057842"
2026-07-07T23:00:00.000-03:00,"CSV=1783476000000,0.007516,0.007516,0.007319,0.00741,26370248,0.00828742,0.0087899637,0.0077848763,5.71724467,12.1278693012,13.7327660602,29.9446130821,36.0535050262,0.008379,-4.0776699029,20558494.3,1.2826935482,-3.7497279676,0.0080288484,1,0.0082637369,0.0002049057"
2026-07-08T00:00:00.000-03:00,"CSV=1783479600000,0.007413,0.007437,0.007297,0.007337,16554659,0.00825872,0.0087735949,0.0077438451,5.8684594895,12.4686358209,13.101587126,29.2905654692,36.1958460683,0.008299,-3.5747141543,19407360.6,0.8530092959,-3.5162401129,0.0079622455,1,0.0082545157,0.0001984152"
2026-07-08T01:00:00.000-03:00,"CSV=1783483200000,0.007332,0.0075,0.007312,0.00749,12956422,0.0082295,0.008745713,0.007713287,5.9024693138,12.5454287073,14.3674913362,27.4737710561,35.8710440121,0.008248,-1.6673230931,18639723.5,0.695097328,-2.730477351,0.0079622455,1,0.0082469085,0.0001973737"
2026-07-08T02:00:00.000-03:00,"CSV=1783486800000,0.007492,0.007541,0.007428,0.007431,9892006,0.0082034,0.0087262918,0.0076805082,5.9921425146,12.7481737694,15.2092871005,26.4184860365,35.2747885787,0.008248,-2.4803149606,17470013.6,0.5662277218,-2.2884592638,0.0079622455,1,0.00823879,0.0001889363"
2026-07-08T03:00:00.000-03:00,"CSV=1783490400000,0.007435,0.00744,0.007184,0.007339,29844608,0.0081768,0.0087090747,0.0076445253,6.1117254922,13.0191454136,13.9121920348,32.2939807244,35.575276416,0.008203,-2.4458327795,18798663,1.5875920538,-2.8199677377,0.007898928,1,0.0082298369,0.0001956427"
2026-07-08T04:00:00.000-03:00,"CSV=1783494000000,0.007336,0.007391,0.00731,0.007332,6866135,0.0081516,0.0086933631,0.0076098369,6.2319163951,13.2921910218,13.5212712593,31.3865473049,35.8557317308,0.008203,-2.1225470565,18424305,0.3726672458,-2.1436464137,0.007898928,1,0.0082209032,0.0001841784"
2026-07-08T05:00:00.000-03:00,"CSV=1783497600000,0.00733,0.007341,0.007005,0.007128,83386290,0.00812324,0.0086805075,0.0075659725,6.4197574865,13.7203266716,12.0201353076,37.9797405543,36.9266389085,0.007986,-4.4632086852,23898147.3,3.4892365903,-6.6201612939,0.0077710817,1,0.0082100286,0.0001993606"
2026-07-08T06:00:00.000-03:00,"CSV=1783501200000,0.007129,0.007293,0.007105,0.007147,25311770,0.00809544,0.0086658883,0.0075249917,6.5826864359,14.0930758653,11.270050842,35.6097162019,37.9261522744,0.007924,-4.5029396045,25687950.8,0.985355749,-5.8924400048,0.0077710817,1,0.0081994512,0.0001982245"
2026-07-08T07:00:00.000-03:00,"CSV=1783504800000,0.007145,0.007192,0.00709,0.007171,13545060,0.00806998,0.0086525818,0.0074873782,6.7332716093,14.4387430018,10.875541536,34.8779753163,38.8950956862,0.007852,-6.9305645685,25245088.2,0.5365423916,-5.1678072329,0.0077068061,1,0.0081892178,0.000188602"
2026-07-08T08:00:00.000-03:00,"CSV=1783508400000,0.007169,0.007273,0.007127,0.007246,20089159,0.00804758,0.008639821,0.007455339,6.8547835962,14.7184876709,13.1480719884,33.1009728046,39.17824252,0.007852,-3.5795076514,24481635.7,0.8205807507,-4.4242965138,0.0077068061,1,0.0081798326,0.0001843418"
2026-07-08T09:00:00.000-03:00,"CSV=1783512000000,0.007246,0.00727,0.007107,0.007131,14935104,0.00802326,0.0086275508,0.0074189692,7.0041981664,15.0634717445,12.392798671,31.9043620555,39.5028252984,0.007852,-3.7651821862,23338121.3,0.63994457,-3.7527003076,0.0077068061,1,0.0081693964,0.0001822077"
2026-07-08T10:00:00.000-03:00,"CSV=1783515600000,0.007135,0.007193,0.00703,0.007096,25844169,0.00799768,0.0086135004,0.0073818596,7.1494790835,15.3999762477,11.6742841464,32.7934549822,40.0355197271,0.00774,-3.2847212757,24267072.3,1.0649891623,-3.6678643916,0.0076523607,1,0.0081587159,0.0001802869"
2026-07-08T11:00:00.000-03:00,"CSV=1783519200000,0.007091,0.007114,0.006942,0.007013,22091623,0.00797594,0.0086067685,0.0073451115,7.3294470981,15.8182871874,10.9561149035,33.9234850344,40.7781866331,0.00774,-6.3684913218,25180592.4,0.8773273738,-4.3076601831,0.0075663746,1,0.0081473157,0.0001794582"
2026-07-08T12:00:00.000-03:00,"CSV=1783522800000,0.007007,0.007011,0.006868,0.006908,14489323,0.00794446,0.0085883867,0.0073005333,7.4976449113,16.210711401,10.3793869224,34.8242049756,41.6647847598,0.00774,-7.0380837034,25640324.1,0.5650990582,-4.1975116128,0.0074675372,1,0.0081349842,0.0001760124"
2026-07-08T13:00:00.000-03:00,"CSV=1783526400000,0.006908,0.006994,0.006901,0.00697,11590406,0.0079132,0.0085656786,0.0072607214,7.6173602586,16.4908911022,10.0170340052,33.6084633951,42.4922763446,0.00773,-5.0279329609,23814903.9,0.4866870783,-3.6140177428,0.0074506334,1,0.0081233923,0.0001677111"
2026-07-08T14:00:00.000-03:00,"CSV=1783530000000,0.006977,0.007094,0.006962,0.007057,11247823,0.00787778,0.0085277016,0.0072278584,7.6212989477,16.5001214801,13.3312589245,31.9141359084,42.3975453451,0.00773,-3.7506819422,24253072.7,0.4637689887,-2.989161819,0.0074506334,1,0.0081127814,0.00016414"
2026-07-08T15:00:00.000-03:00,"CSV=1783533600000,0.00705,0.007423,0.007039,0.007357,68867089,0.00784926,0.0084900568,0.0072084632,7.5476147685,16.327571754,23.1555033834,27.5803367511,40.1524634445,0.00773,3.2126823793,22801152.6,3.0203336738,1.2416830452,0.0074506334,1,0.0081052612,0.000186126"
2026-07-08T16:00:00.000-03:00,"CSV=1783537200000,0.007356,0.007657,0.007356,0.007596,24328614,0.00782786,0.0084588149,0.0071969051,7.4591405944,16.1207506443,28.7435088353,24.7568860861,37.9724043016,0.00773,6.2823562334,22702837,1.0716111823,3.0718697605,0.0069136597,-1,0.008100194,0.0001976134"
2026-07-08T17:00:00.000-03:00,"CSV=1783540800000,0.007592,0.007636,0.007469,0.007524,10214072,0.00780452,0.0084246053,0.0071844347,7.3604072928,15.8904137588,27.0946718038,23.336736904,35.9376824349,0.00773,4.9226049365,22369738.2,0.4566022145,2.7971372787,0.0069688438,-1,0.0080944607,0.0001945521"
2026-07-08T18:00:00.000-03:00,"CSV=1783544400000,0.007524,0.007595,0.007474,0.007526,7552887,0.0077814,0.0083897775,0.0071730225,7.2514145199,15.6367118321,25.9395379599,22.3418160281,34.0386086927,0.007657,3.8642009384,21116111,0.3576836189,2.3254786445,0.0069729094,-1,0.0080888044,0.0001871969"
2026-07-08T19:00:00.000-03:00,"CSV=1783548000000,0.00753,0.007616,0.007495,0.007539,14634431,0.00775882,0.0083546953,0.0071629447,7.1322203706,15.3599459341,25.5645549617,21.3658562083,32.3658113219,0.007657,5.7214976862,21086043.7,0.694033988,2.8739570484,0.0070137684,-1,0.0080833337,0.0001805772"
2026-07-08T20:00:00.000-03:00,"CSV=1783551600000,0.007538,0.007545,0.00746,0.007511,13269883,0.00773524,0.0083169596,0.0071535204,6.9943781799,15.0407642958,24.7507894113,21.9964635292,30.6008873924,0.007657,5.8483652762,19828615.1,0.6692289367,3.2206031241,0.0070137684,-1,0.0080776388,0.0001710195"
2026-07-08T21:00:00.000-03:00,"CSV=1783555200000,0.007511,0.007877,0.007487,0.007656,35402926,0.00770156,0.0082362411,0.0071668789,6.4918093736,13.8850069284,32.9204658439,19.0201190209,30.3449625291,0.007877,9.1686867247,21159745.4,1.673126275,7.260525638,0.0071032474,-1,0.0080734434,0.0001929175"
2026-07-08T22:00:00.000-03:00,"CSV=1783558800000,0.007662,0.007752,0.007504,0.007569,30315486,0.00767312,0.0081752886,0.0071709514,6.1425188093,13.0890339937,30.1417209485,17.4146721572,30.1060993233,0.007877,9.5686160973,22742361.7,1.332996388,9.0919939905,0.0071032474,-1,0.0080684241,0.0001984258"
2026-07-08T23:00:00.000-03:00,"CSV=1783562400000,0.007567,0.00766,0.007551,0.007609,6388615,0.00764596,0.0081129026,0.0071790174,5.7555554379,12.2141001831,28.9894344094,16.7489274127,29.8831603313,0.007877,9.1678622669,22222182.6,0.2874881876,6.9398800294,0.0071032474,-1,0.0080638527,0.0001894832"
2026-07-09T00:00:00.000-03:00,"CSV=1783566000000,0.00761,0.008108,0.007597,0.007756,60903531,0.00762414,0.0080588255,0.0071894545,5.393906838,11.4028740808,38.4424279713,14.0508590655,30.9886878211,0.008108,9.9050588069,27187753.4,2.240108997,12.0227238027,0.0071875954,-1,0.0080607895,0.0002216349"
2026-07-09T01:00:00.000-03:00,"CSV=1783569600000,0.007756,0.007797,0.007598,0.007686,22195123,0.00760204,0.0080036722,0.0072004078,5.0180986877,10.5664313272,36.0212844153,13.1659215453,32.0205134782,0.008108,4.4719314938,22520556.8,0.9855494781,9.4842524517,0.0071875954,-1,0.0080570602,0.0002193714"
2026-07-09T02:00:00.000-03:00,"CSV=1783573200000,0.007688,0.007776,0.007646,0.007698,12046924,0.00758458,0.0079619526,0.0072072074,4.7396985889,9.9510468026,34.500429679,12.6100431399,32.9835507582,0.008108,1.3428120063,21292387.8,0.565785487,6.5760828161,0.0071875954,-1,0.0080534875,0.0002104342"
2026-07-09T03:00:00.000-03:00,"CSV=1783576800000,0.007697,0.007732,0.007534,0.007562,16502676,0.0075652,0.0079175215,0.0072128785,4.4498963579,9.3142679878,32.2766006727,15.4433344652,33.1363222958,0.008108,0.5050505051,21921248.2,0.7528164386,4.5107919849,0.0071875954,-1,0.0080485971,0.0002091908"
2026-07-09T04:00:00.000-03:00,"CSV=1783580400000,0.007568,0.007644,0.00754,0.007578,11292502,0.00754654,0.0078719548,0.0072211252,4.1338495128,8.6242109271,31.1467501316,14.9027366502,33.2789090641,0.008108,0.6909380813,22295209.7,0.5064990261,3.1238478117,0.0071875954,-1,0.0080439145,0.0001986717"
2026-07-09T05:00:00.000-03:00,"CSV=1783584000000,0.007576,0.007706,0.00757,0.00767,10006534,0.00753244,0.0078362062,0.0072286738,3.8764443403,8.0655450451,31.8219298714,14.2059921158,33.6118008327,0.008108,1.7376309855,21832420,0.4583337074,2.348036825,0.0071875954,-1,0.008040194,0.0001924046"
2026-07-09T06:00:00.000-03:00,"CSV=1783587600000,0.007664,0.007823,0.007624,0.007651,17717899,0.00752116,0.0078094481,0.0072328719,3.6915294472,7.6660535175,33.6638843822,13.235847059,34.2748029235,0.008108,1.8639328984,22277221.6,0.7953370181,2.0595094945,0.0071875954,-1,0.0080363214,0.0001930641"
2026-07-09T07:00:00.000-03:00,"CSV=1783591200000,0.007651,0.0078,0.007637,0.007721,15848846,0.0075131,0.0077898227,0.0072363773,3.5523619209,7.3664052157,31.7604020559,12.4874426068,34.8936048748,0.008108,0.8490073145,20321813.6,0.7798932867,1.5937180313,0.0071875954,-1,0.0080331838,0.0001900577"
2026-07-09T08:00:00.000-03:00,"CSV=1783594800000,0.007725,0.007751,0.007652,0.007684,10611259,0.00750366,0.0077659653,0.0072413547,3.3776263324,6.9913958934,30.6332349716,12.0442670371,35.4711533628,0.008108,1.5193552649,18351390.9,0.5782264166,1.355322471,0.0071875954,-1,0.0080297094,0.0001809519"
2026-07-09T09:00:00.000-03:00,"CSV=1783598400000,0.007684,0.007875,0.007653,0.007763,29639739,0.0074967,0.0077471467,0.0072462533,3.2327600334,6.681517494,32.6149296426,11.0979712532,36.3879671104,0.008108,2.0239190432,20676503.3,1.4334986226,1.8706433676,0.0072088298,-1,0.0080270556,0.0001850567"
2026-07-09T10:00:00.000-03:00,"CSV=1783602000000,0.00776,0.008028,0.007701,0.007943,30530349,0.00749544,0.007743468,0.007247412,3.203060894,6.6181036789,34.1785611582,9.8736829291,37.6402925875,0.008108,2.4110366168,17639185.1,1.7308253656,2.6381233563,0.0072667468,-1,0.0080262192,0.0001992511"
2026-07-09T11:00:00.000-03:00,"CSV=1783605600000,0.007939,0.007965,0.007735,0.007766,36956625,0.00749156,0.0077337388,0.0072493812,3.1314581049,6.4653767747,31.5552207907,9.1158385341,38.8091296995,0.008108,1.0408534999,19115335.3,1.9333495552,2.4295267879,0.0072667468,-1,0.0080236299,0.000202326"
2026-07-09T12:00:00.000-03:00,"CSV=1783609200000,0.007776,0.007838,0.007711,0.007773,17404725,0.00748958,0.0077290296,0.0072501304,3.098055487,6.3942070566,30.1845755942,9.5407246809,39.6862881803,0.008108,0.9742790335,19651115.4,0.8856863667,1.9073197444,0.0072667468,-1,0.0080211361,0.0001947934"
2026-07-09T13:00:00.000-03:00,"CSV=1783612800000,0.007772,0.007839,0.007721,0.007774,16448552,0.00749068,0.0077313045,0.0072500555,3.1123399038,6.4246363276,28.9685907791,9.1452742364,40.5079206289,0.008108,2.8034911399,19645703,0.8372595269,2.0539630514,0.0072667468,-1,0.008018677,0.000187114"
2026-07-09T14:00:00.000-03:00,"CSV=1783616400000,0.007771,0.007772,0.007669,0.007722,13353008,0.0074918,0.0077333664,0.0072502336,3.1236899464,6.4488210681,27.8673631557,10.6802456401,40.7798411258,0.008108,1.9002375297,19851753.6,0.6726361947,1.7953648813,0.0072667468,-1,0.008015725,0.0001789026"
2026-07-09T15:00:00.000-03:00,"CSV=1783620000000,0.007722,0.00775,0.007661,0.007688,10528630,0.00749106,0.0077319667,0.0072501533,3.1157228905,6.4318442237,26.9373925657,10.6237986728,40.9566547904,0.008108,0.2346805737,19903963.2,0.5289715367,1.2382897021,0.0072667468,-1,0.0080124641,0.0001699124"
2026-07-09T16:00:00.000-03:00,"CSV=1783623600000,0.007687,0.00769,0.007601,0.007627,7950842,0.00749142,0.007732516,0.007250324,3.1179502867,6.4365902578,26.007495055,12.5842956197,40.5450461716,0.008108,-0.3136844857,18927257.5,0.4200736425,0.7816029399,0.0072667468,-1,0.0080086286,0.0001618211"
2026-07-09T17:00:00.000-03:00,"CSV=1783627200000,0.007626,0.007713,0.007601,0.007698,6839756,0.00749304,0.007735244,0.007250836,3.131174163,6.4647715835,25.764139283,12.0246129305,40.2659612433,0.008108,-0.2978888745,18026348.5,0.3794310312,0.4833925323,0.0072667468,-1,0.0080055378,0.000156839"
2026-07-09T18:00:00.000-03:00,"CSV=1783630800000,0.007698,0.007724,0.00762,0.007666,33247102,0.00749396,0.0077367312,0.0072511888,3.1379035863,6.4791155725,25.1206132551,11.5150954987,40.0573846804,0.008108,-0.2342529932,20289932.8,1.6386008928,0.1943126336,0.0072667468,-1,0.0080021593,0.0001515551"
2026-07-09T19:00:00.000-03:00,"CSV=1783634400000,0.007667,0.007721,0.007641,0.007686,6276391,0.00749722,0.0077414493,0.0072529907,3.1548260812,6.5151952411,24.2729367677,11.1265271304,39.8627132217,0.008108,-0.9918845807,17953598,0.349589592,0.0139575804,0.0072667468,-1,0.0079990134,0.0001443996"
2026-07-09T20:00:00.000-03:00,"CSV=1783638000000,0.007685,0.007685,0.007464,0.007602,17909831,0.00749944,0.0077441067,0.0072547733,3.1593924754,6.5249331992,22.0597100224,17.381824718,37.9958858358,0.008028,-4.2930882538,16691546.2,1.0729881334,-1.5261725303,0.0072667468,-1,0.0079950631,0.0001521596"
2026-07-09T21:00:00.000-03:00,"CSV=1783641600000,0.007599,0.007624,0.007454,0.007537,19068230,0.00750096,0.0077456193,0.0072563007,3.1586792673,6.5234122034,20.524277835,16.5814216716,36.1712275947,0.008028,-2.9487509657,14902706.7,1.2795145462,-2.2751049381,0.0072667468,-1,0.0079905052,0.0001539437"
2026-07-09T22:00:00.000-03:00,"CSV=1783645200000,0.007537,0.007677,0.007478,0.007624,13027355,0.00750376,0.0077490096,0.0072585104,3.1649148146,6.5367109629,21.0147476453,15.250134087,34.8195361881,0.008028,-1.916891805,14464969.7,0.9006140538,-2.0921965251,0.0072667468,-1,0.0079868584,0.0001584493"
2026-07-09T23:00:00.000-03:00,"CSV=1783648800000,0.007622,0.007727,0.007603,0.007687,12964664,0.0075034,0.0077483669,0.0072584331,3.1615298882,6.529491605,21.9970356692,14.4742819198,33.8733333052,0.008028,-1.1191149987,14116580.9,0.9183997238,-1.7373959853,0.0072667468,-1,0.0079838747,0.0001550044"
2026-07-10T00:00:00.000-03:00,"CSV=1783652400000,0.007692,0.007796,0.007682,0.007719,8333159,0.00750748,0.007754298,0.007260662,3.1829832795,6.5752558533,23.8357171528,13.783545055,33.3964985103,0.008028,-0.0388500389,13614596,0.6120753785,-1.1661903743,0.0072862882,-1,0.0079812392,0.0001509039"
2026-07-10T01:00:00.000-03:00,"CSV=1783656000000,0.007723,0.007784,0.007687,0.007729,8522551,0.00751386,0.0077621941,0.0072655259,3.1992764986,6.6100260058,22.8419626025,13.2088839055,32.9514527017,0.008028,0.5332986472,13413988.1,0.6353480364,-0.6645168334,0.0072989594,-1,0.0079787293,0.0001455135"
2026-07-10T02:00:00.000-03:00,"CSV=1783659600000,0.007738,0.007819,0.007725,0.007784,6983372,0.0075228,0.0077726476,0.0072729524,3.2144459375,6.6424085053,23.4391209222,12.6608189319,32.745145319,0.008028,2.0584764652,13317241.1,0.5243857904,-0.0831992862,0.0073509134,-1,0.0079767917,0.0001403622"
2026-07-10T03:00:00.000-03:00,"CSV=1783663200000,0.007788,0.007831,0.007731,0.007774,6639987,0.00752848,0.0077807339,0.0072762261,3.2420327016,6.7013245362,22.9225552475,12.0890840479,32.6249679572,0.008028,0.9872694206,13297264.2,0.4993498587,0.1088647578,0.0073720221,-1,0.0079747739,0.000136326"
2026-07-10T04:00:00.000-03:00,"CSV=1783666800000,0.007777,0.007781,0.007725,0.007737,5079286,0.0075346,0.0077881235,0.0072810765,3.2552577057,6.7295806024,22.3178598139,12.0528169623,32.4410166898,0.008028,0.9261674928,10480482.6,0.4846423771,0.2221965103,0.0073720221,-1,0.007972408,0.0001282934"
2026-07-10T05:00:00.000-03:00,"CSV=1783670400000,0.007737,0.007811,0.007725,0.007785,12041405,0.00754352,0.0077978493,0.0072891907,3.2615317646,6.7429882323,22.8406005395,11.5514189103,32.4666158185,0.008028,1.2880562061,11056984,1.0890316021,0.6157089781,0.0073958079,-1,0.0079705432,0.000124064"
2026-07-10T06:00:00.000-03:00,"CSV=1783674000000,0.007783,0.007913,0.007783,0.007854,11465142,0.00755396,0.0078100997,0.0072978203,3.2795960796,6.7816012891,26.3515394309,10.8222631747,33.0871604559,0.007965,3.3149171271,10412515.1,1.1010924728,1.6271494176,0.0074740271,-1,0.0079693836,0.0001246576"
2026-07-10T07:00:00.000-03:00,"CSV=1783677600000,0.007855,0.008044,0.007855,0.008033,19102000,0.00757206,0.0078294327,0.0073146873,3.2872455834,6.7979566982,30.1832150677,9.8487546617,34.2677199597,0.008044,6.5808677193,10415892.1,1.833928368,5.1077129438,0.0075559244,-1,0.0079700166,0.0001311919"
2026-07-10T08:00:00.000-03:00,"CSV=1783681200000,0.008032,0.0082,0.008011,0.008166,31549460,0.00759244,0.0078556265,0.0073292535,3.3502927672,6.932856525,34.7636158642,8.9871372556,35.9109820417,0.0082,7.1091290661,12268102.6,2.5716658092,9.4992433467,0.007694582,-1,0.0079719667,0.0001369727"
2026-07-10T09:00:00.000-03:00,"CSV=1783684800000,0.008166,0.00835,0.008019,0.008155,47958882,0.00761212,0.0078798084,0.0073444316,3.3971431961,7.0332147693,36.251781877,7.7198591433,37.842723247,0.00835,6.0882008586,15767524.4,3.0416240865,12.5055016895,0.0077153738,-1,0.0079737879,0.0001563754"
2026-07-10T10:00:00.000-03:00,"CSV=1783688400000,0.008156,0.008238,0.007967,0.008219,28603620,0.00763158,0.0079071949,0.0073559651,3.4856214732,7.2230097244,32.2612051379,8.9822870708,39.0827180587,0.00835,6.4775229952,17794570.5,1.6074352567,11.8077340726,0.0077153738,-1,0.0079762278,0.0001678379"
2026-07-10T11:00:00.000-03:00,"CSV=1783692000000,0.008212,0.008234,0.008015,0.008108,26367838,0.00765112,0.0079251814,0.0073770586,3.4581091831,7.1639557788,29.453914498,8.2006705655,40.2400465496,0.00835,4.9036097813,19579099.2,1.3467339703,10.0731086716,0.0077153738,-1,0.007977539,0.0001729541"
2026-07-10T12:00:00.000-03:00,"CSV=1783695600000,0.008115,0.008174,0.008073,0.008092,8630605,0.00767104,0.0079401816,0.0074018984,3.3896151141,7.0170823108,28.2396679993,7.8625954508,41.3202198077,0.00835,3.9568345324,19743822.5,0.4371293857,7.2919553305,0.0077153738,-1,0.0079786779,0.0001657587"
2026-07-10T13:00:00.000-03:00,"CSV=1783699200000,0.00809,0.008138,0.008037,0.008095,8167700,0.00769268,0.0079513369,0.0074340231,3.2529994803,6.7247552126,27.0450874172,9.0377723688,41.8925687642,0.00835,4.1291484435,19896593.8,0.4105074508,5.4263189541,0.0077153738,-1,0.0079798353,0.0001592828"
2026-07-10T14:00:00.000-03:00,"CSV=1783702800000,0.008091,0.008122,0.007957,0.007963,10864350,0.00771378,0.0079495876,0.0074779724,2.9662868806,6.1139304788,25.1806468638,11.7571841159,41.5224435311,0.00835,2.9210288225,20475100.2,0.5306127879,4.1341910518,0.0077153738,-1,0.0079796678,0.0001598545"
2026-07-10T15:00:00.000-03:00,"CSV=1783706400000,0.007964,0.008081,0.007871,0.008042,18334065,0.00773522,0.0079502454,0.0075201946,2.7046387808,5.5596459008,23.0169040782,14.265892366,40.319079508,0.00835,3.3012202954,21104366.2,0.8687332671,3.7120873321,0.0077153738,-1,0.007980288,0.0001648691"
2026-07-10T16:00:00.000-03:00,"CSV=1783710000000,0.008037,0.008095,0.008009,0.008076,6881926,0.0077556,0.0079529412,0.0075582588,2.4813615703,5.0889996214,22.7720946185,13.7475618104,39.2785701749,0.00835,2.8265851795,20646044.6,0.333329029,2.7887858526,0.0077153738,-1,0.0079812404,0.0001569822"
2026-07-10T17:00:00.000-03:00,"CSV=1783713600000,0.008078,0.008131,0.007981,0.008008,7489502,0.00776862,0.007960637,0.007576603,2.4120804372,4.9433996504,22.8501672089,12.8734653382,38.5218292504,0.00835,-0.311216233,19484794.8,0.3843767449,1.8193158075,0.0077153738,-1,0.0079815067,0.000156284"
2026-07-10T18:00:00.000-03:00,"CSV=1783717200000,0.008008,0.008046,0.007958,0.007981,4314836,0.00777632,0.0079689787,0.0075836613,2.4176085121,4.955009762,21.9720375311,13.383157215,37.5732487148,0.00835,-2.2654910605,16761332.4,0.2574279835,1.0184769399,0.0077153738,-1,0.0079815016,0.0001494556"
2026-07-10T19:00:00.000-03:00,"CSV=1783720800000,0.007976,0.008057,0.007943,0.00799,53477229,0.00778564,0.0079771351,0.0075941449,2.4005503369,4.9191882642,20.8593932332,13.3717501249,36.5266171007,0.00835,-2.0232985898,17313167.1,3.0888183942,-1.4042160071,0.0077153738,-1,0.0079815862,0.00014591"
2026-07-10T20:00:00.000-03:00,"CSV=1783724400000,0.007991,0.008567,0.00797,0.008518,109412094,0.00780548,0.0080191515,0.0075918085,2.6645156267,5.4749111155,35.1458643519,10.4130726998,37.7106735755,0.008567,3.6379121548,25394014.5,4.3085780706,4.2885988396,0.0077153738,-1,0.0079869236,0.000191019"
2026-07-10T21:00:00.000-03:00,"CSV=1783728000000,0.00851,0.008748,0.008342,0.008681,72735260,0.00782832,0.0080713104,0.0075853296,3.0105446843,6.2079834855,36.4558607777,8.9673402182,39.2310604083,0.008748,7.0670942279,30030756.7,2.4220255496,8.5646268201,0.0079074487,-1,0.0079938299,0.0002125171"
2026-07-10T22:00:00.000-03:00,"CSV=1783731600000,0.008687,0.0087,0.008322,0.008365,77578053,0.0078454,0.0080953986,0.0075954014,3.088156292,6.3731246334,32.0210634349,8.5201199354,40.4801947008,0.008748,3.3737024221,36925501.5,2.1009343096,8.0723936031,0.0079074487,-1,0.0079975231,0.0002290654"
2026-07-10T23:00:00.000-03:00,"CSV=1783735200000,0.008367,0.008407,0.008065,0.008183,48887862,0.00785594,0.0081088238,0.0076030562,3.1186249254,6.4380277903,28.6433154948,15.5481844843,39.7570278438,0.008748,1.0870907968,40997517.7,1.1924590742,5.8136994971,0.0079074487,-1,0.0079993686,0.0002403589"
2026-07-11T00:00:00.000-03:00,"CSV=1783738800000,0.008186,0.008231,0.008072,0.008168,18058690,0.00786792,0.0081211149,0.0076147251,3.1177351584,6.4361318628,27.2134057512,14.7719998804,39.0820721106,0.008748,2.5744066307,41716951.7,0.4328861354,4.2472746438,0.0079074487,-1,0.0080010466,0.000232223"
2026-07-11T01:00:00.000-03:00,"CSV=1783742400000,0.00817,0.008224,0.008015,0.008104,30680866,0.00787782,0.008130374,0.007625266,3.1063020055,6.4117730458,25.4257976643,15.5931540418,38.0746657932,0.008748,0.7709524994,42951631.8,0.7143119997,3.015083303,0.0079074487,-1,0.008002071,0.0002299007"
2026-07-11T02:00:00.000-03:00,"CSV=1783746000000,0.008104,0.008116,0.007972,0.00801,20947291,0.0078829,0.0081355071,0.0076302929,3.1049947391,6.4089882254,24.249876068,16.2530349657,36.8526125759,0.008748,-0.8172362556,44358168.3,0.4722307481,1.8814141726,0.0079074487,-1,0.0080021499,0.0002213106"
2026-07-11T03:00:00.000-03:00,"CSV=1783749600000,0.008012,0.008065,0.007963,0.007978,9095395,0.00788874,0.0081400997,0.0076373803,3.0879195036,6.3726203953,23.4275728681,16.001103526,35.6514516168,0.008748,-0.3746253746,44518757.6,0.2043047805,1.2287635301,0.0079074487,-1,0.0080019096,0.0002093795"
2026-07-11T04:00:00.000-03:00,"CSV=1783753200000,0.007984,0.008104,0.007923,0.008022,19261259,0.00789522,0.0081457539,0.0076446861,3.0756383644,6.3464712327,22.0086539926,16.3704569986,34.2540745916,0.008748,0.5137200852,46013399.9,0.4186010823,0.8908569479,0.0079074487,-1,0.0080021095,0.0002065416"
2026-07-11T05:00:00.000-03:00,"CSV=1783756800000,0.008015,0.008031,0.007937,0.008007,10529880,0.00790412,0.0081505287,0.0076577113,3.0232229847,6.2349421743,21.2911219208,15.8367429455,32.9498560347,0.008748,0.2127659574,41718665,0.2524021322,0.6118054924,0.0079074487,-1,0.0080021581,0.0001952874"
2026-07-11T06:00:00.000-03:00,"CSV=1783760400000,0.008005,0.008016,0.007735,0.00776,24943239,0.00790776,0.0081506433,0.0076648767,2.979928099,6.1429105146,19.2780779695,21.1361283831,31.0597001661,0.008748,-8.8988025358,33271779.5,0.7496815432,-1.8158856776,0.0084870761,1,0.0079997486,0.0002038587"
2026-07-11T07:00:00.000-03:00,"CSV=1783764000000,0.00776,0.007999,0.00775,0.007935,21798040,0.00791306,0.0081535771,0.0076725429,2.9498348851,6.0789899361,17.6901108186,19.3951105481,29.2955546887,0.008748,-8.5934800138,28178057.5,0.7735820682,-3.4265111326,0.0084870761,1,0.0079991043,0.0002083728"
2026-07-11T08:00:00.000-03:00,"CSV=1783767600000,0.007935,0.007975,0.007894,0.007916,8414634,0.00791836,0.0081559458,0.0076807742,2.9130384468,6.0008849803,17.196409314,18.8538253432,27.6490189098,0.008748,-5.3676031082,21261715.6,0.3957645826,-2.9924431563,0.0084870761,1,0.0079982774,0.0001956355"
2026-07-11T09:00:00.000-03:00,"CSV=1783771200000,0.007919,0.007927,0.007795,0.007827,11376927,0.00792048,0.0081567647,0.0076841953,2.8967941144,5.9664232256,16.3973838917,21.4626386191,26.6976776801,0.008748,-4.3504827081,17510622.1,0.6497157517,-2.9371544851,0.0084288159,1,0.0079965732,0.000189272"
2026-07-11T10:00:00.000-03:00,"CSV=1783774800000,0.007826,0.007857,0.00775,0.007793,10934300,0.00792266,0.0081572496,0.0076880704,2.8758414701,5.9219899841,15.7613372621,22.2614480962,26.0575194501,0.008748,-4.5910871694,16798183.1,0.6509215869,-2.9542489053,0.0083466344,1,0.0079945476,0.0001810448"
2026-07-11T11:00:00.000-03:00,"CSV=1783778400000,0.007794,0.007918,0.007763,0.007855,12800419,0.0079245,0.0081581891,0.0076908109,2.8644730755,5.897889611,17.1011018179,20.9973246177,25.0021334157,0.008748,-3.0725567621,15010138.4,0.8527848751,-2.8429092484,0.0083466344,1,0.007993159,0.0001784403"
2026-07-11T12:00:00.000-03:00,"CSV=1783782000000,0.007865,0.007916,0.007803,0.007895,10950176,0.00792354,0.0081572498,0.0076898302,2.8650557426,5.8991246961,16.3747921089,20.1055364221,24.0171064503,0.008748,-1.4357053683,14010426.9,0.7815733295,-2.2693091739,0.0083466344,1,0.0079921823,0.0001718963"
2026-07-11T13:00:00.000-03:00,"CSV=1783785600000,0.007894,0.007903,0.007855,0.007866,6042891,0.00792554,0.0081583191,0.0076927609,2.8532722652,5.8741500238,16.0642754417,19.7242733122,23.0977479492,0.008748,-1.4038606167,13705176.5,0.440920334,-1.7192030133,0.0083466344,1,0.0079909268,0.0001595066"
2026-07-11T14:00:00.000-03:00,"CSV=1783789200000,0.007863,0.007947,0.007791,0.00787,9632876,0.00792748,0.0081593822,0.0076955778,2.842154401,5.8505916501,15.0692217198,21.0437231251,22.6608269537,0.008748,-1.8947893293,12742338.2,0.7559739703,-1.6236058129,0.0083464679,1,0.0079897235,0.000159156"
2026-07-11T15:00:00.000-03:00,"CSV=1783792800000,0.007868,0.007906,0.007849,0.00785,3692008,0.007929,0.0081601391,0.0076978609,2.8325386333,5.8302205152,14.7124552572,20.5455092958,22.2530340245,0.008748,-1.9607843137,12058551,0.3061734366,-1.2825172325,0.0083243212,1,0.0079883333,0.0001489404"
2026-07-11T16:00:00.000-03:00,"CSV=1783796400000,0.007851,0.007889,0.007826,0.007863,5176510,0.00793182,0.0081612704,0.0077023696,2.811453973,5.7855664847,14.3112202819,20.9808332424,22.029387887,0.008748,1.3273195876,10081878.1,0.5134469936,-0.6278420711,0.008278539,1,0.0079870862,0.0001403463"
2026-07-11T17:00:00.000-03:00,"CSV=1783800000000,0.007868,0.007891,0.007707,0.007807,17961927,0.0079342,0.008161718,0.007706682,2.7876238717,5.7351213553,13.1859292301,24.4164194998,22.5518593306,0.0087,-1.6131064902,9698266.8,1.8520759812,-1.4144266426,0.0082331351,1,0.0079852943,0.0001447117"
2026-07-11T18:00:00.000-03:00,"CSV=1783803600000,0.007807,0.007821,0.00774,0.00775,4516110,0.00793666,0.0081614923,0.0077118277,2.7547935015,5.6656643566,12.714393856,23.5432762193,23.0394993446,0.008407,-2.0970186963,9308414.4,0.4851642617,-1.2820839376,0.0081955216,1,0.007982953,0.0001383405"
2026-07-11T19:00:00.000-03:00,"CSV=1783807200000,0.00775,0.007787,0.007631,0.007678,16279161,0.00793626,0.0081615339,0.0077109861,2.7601902379,5.6770786463,11.8406542156,26.726995686,24.0767327149,0.008231,-1.9036667944,9798637.8,1.661369808,-1.9089541373,0.0081293195,1,0.0079799187,0.0001401065"
2026-07-11T20:00:00.000-03:00,"CSV=1783810800000,0.007682,0.007688,0.007532,0.007606,17493409,0.00793506,0.0081619245,0.0077081955,2.7795465318,5.7180283216,11.0286261886,29.2462380985,25.4871641979,0.008224,-2.3995893751,10454548.7,1.6732820806,-2.6110327255,0.0080350875,1,0.0079761981,0.0001416958"
2026-07-11T21:00:00.000-03:00,"CSV=1783814400000,0.007604,0.007853,0.007583,0.007653,43364197,0.0079344,0.0081620348,0.0077067652,2.7889466407,5.7379208316,16.6792017427,25.9465200773,25.237429326,0.008116,-2.5716104392,13510926.5,3.2095650139,-4.4919387821,0.0080350875,1,0.0079729822,0.0001545263"
2026-07-11T22:00:00.000-03:00,"CSV=1783818000000,0.007651,0.007831,0.007596,0.007738,22522440,0.00793712,0.0081615568,0.0077126832,2.7499260298,5.6553705669,15.0913755377,23.4764639472,25.0043434457,0.008104,-1.98860038,14668152.9,1.5354653141,-4.0124348237,0.0080350875,1,0.007970644,0.0001625736"
2026-07-11T23:00:00.000-03:00,"CSV=1783821600000,0.007733,0.007788,0.00769,0.007712,5271022,0.00794062,0.0081600996,0.0077211404,2.6896676286,5.5280206388,14.4756499354,22.5186281378,24.786796624,0.008104,-1.9577930333,14590966,0.3612524352,-2.9107090495,0.0080350875,1,0.0079680705,0.0001561163"
2026-07-12T00:00:00.000-03:00,"CSV=1783825200000,0.007717,0.007734,0.007682,0.007722,3276677,0.00794258,0.0081596476,0.0077255124,2.6602576103,5.4659228493,14.1474953795,22.3569042223,24.6335982051,0.008031,-1.8805590851,13955346.1,0.2347972581,-2.0876560719,0.0080350875,1,0.007965622,0.0001457046"
2026-07-12T01:00:00.000-03:00,"CSV=1783828800000,0.007721,0.007752,0.007649,0.00767,6229273,0.00794224,0.0081597206,0.0077247594,2.6652949939,5.4765563706,13.4980986912,22.8013230812,24.6999666966,0.008016,-2.2929936306,14209072.6,0.4384010959,-1.7268543548,0.0080350875,1,0.0079626805,0.0001414342"
2026-07-12T02:00:00.000-03:00,"CSV=1783832400000,0.007671,0.007739,0.007652,0.007738,4493756,0.00794262,0.0081597265,0.0077255135,2.6607081414,5.4668738402,12.9597396189,21.8919135842,24.761910622,0.007999,-1.5897240239,14140797.2,0.3177866097,-1.3196339058,0.0080350875,1,0.0079604449,0.0001359908"
2026-07-12T03:00:00.000-03:00,"CSV=1783836000000,0.007739,0.007804,0.007691,0.007772,9187999,0.00794348,0.0081598224,0.0077271376,2.6513130361,5.4470442669,15.3030537684,20.7407267324,24.1168699335,0.007975,-0.4483156142,13263404.4,0.6927330814,-0.9832769562,0.0080350875,1,0.0079585698,0.0001336917"
2026-07-12T04:00:00.000-03:00,"CSV=1783839600000,0.007772,0.007789,0.007702,0.007716,6462064,0.00794212,0.0081596711,0.0077245689,2.6661744405,5.4784129263,14.6668405352,19.878446235,23.5148319576,0.007947,-0.4387096774,13457999.8,0.480165262,-0.7257356865,0.0080350875,1,0.0079561562,0.0001290225"
2026-07-12T05:00:00.000-03:00,"CSV=1783843200000,0.007716,0.007744,0.007669,0.007695,7209789,0.00794054,0.0081595881,0.0077214919,2.6845479096,5.5172079087,14.1244629033,20.7704577882,23.2168923059,0.007947,0.221411826,12551062.6,0.5744365421,-0.4414281098,0.0080350875,1,0.0079535576,0.0001236203"
2026-07-12T06:00:00.000-03:00,"CSV=1783846800000,0.007694,0.007732,0.00766,0.007704,6981229,0.00793988,0.008159589,0.007720171,2.692648445,5.5343165792,13.6069049258,20.4674061653,23.0113621305,0.007947,1.2884564817,11499844.6,0.6070715947,-0.0335569628,0.0080350875,1,0.0079510744,0.0001184582"
2026-07-12T07:00:00.000-03:00,"CSV=1783850400000,0.007703,0.007915,0.007693,0.007739,17458210,0.00793896,0.0081594107,0.0077185093,2.701797031,5.5536422022,21.0387164466,18.2573264107,21.9491407236,0.007947,1.1237423233,8909245.9,1.9595609096,0.7116425345,0.0080350875,1,0.0079489642,0.0001288124"
2026-07-12T08:00:00.000-03:00,"CSV=1783854000000,0.007736,0.007849,0.0077,0.00784,6265438,0.00793868,0.0081592473,0.0077181127,2.7032800969,5.5567753971,19.522772481,16.9417954053,20.9577340773,0.007947,1.3181700698,7283545.7,0.8602181215,0.8523996168,0.0080350875,1,0.00794788,0.0001308312"
2026-07-12T09:00:00.000-03:00,"CSV=1783857600000,0.00784,0.007887,0.007799,0.007878,6086490,0.00793558,0.008155889,0.007715271,2.7012257494,5.5524353112,20.5544809257,16.2030084902,20.3497737218,0.007947,2.1524896266,7365092.5,0.8263969529,1.1612033674,0.0080350875,1,0.0079471847,0.0001265481"
2026-07-12T10:00:00.000-03:00,"CSV=1783861200000,0.007875,0.0081,0.007829,0.007875,37221528,0.00792976,0.0081477364,0.0077117836,2.6752998648,5.4976791321,27.8554434156,14.164917153,21.1651685923,0.0081,1.9813519814,10759577.6,3.4593856175,3.0588890941,0.0080350875,1,0.0079464664,0.0001409932"
2026-07-12T11:00:00.000-03:00,"CSV=1783864800000,0.007874,0.007877,0.007808,0.007822,4568534,0.0079231,0.0081391716,0.0077070284,2.6547122529,5.4542183075,26.9313227313,14.7046794886,21.7118610373,0.0081,1.9817470665,10593503.7,0.4312580738,2.3241408702,0.0080350875,1,0.007945228,0.0001337939"
2026-07-12T12:00:00.000-03:00,"CSV=1783868400000,0.007823,0.007825,0.007752,0.007768,5290177,0.00791408,0.0081270015,0.0077011585,2.6199265936,5.3808269021,25.9552529372,16.9520178043,21.663270692,0.0081,0.3876970793,10673145.8,0.4956530248,1.6134816569,0.0080350875,1,0.0079434645,0.0001277145"
2026-07-12T13:00:00.000-03:00,"CSV=1783872000000,0.007772,0.007788,0.007648,0.007663,10694003,0.00790518,0.0081191077,0.0076912523,2.6348673194,5.4123426874,24.1562915169,20.9258225791,20.6967689202,0.0081,-1.4024704066,10823746.2,0.9880130966,0.6137680615,0.0080350875,1,0.0079406738,0.0001289431"
2026-07-12T14:00:00.000-03:00,"CSV=1783875600000,0.007663,0.007739,0.007627,0.007644,4892904,0.00789622,0.0081115129,0.0076809271,2.654165076,5.4530634578,22.8016744723,20.8038085544,19.6224299987,0.0081,-0.933125972,10666830.2,0.4587027175,0.2665029013,0.0080350875,1,0.0079377218,0.0001272488"
2026-07-12T15:00:00.000-03:00,"CSV=1783879200000,0.007642,0.007656,0.007561,0.007606,8679827,0.00788644,0.0081035798,0.0076693002,2.6795538656,5.5066616976,21.695981906,23.1638948622,18.5324158646,0.0081,-1.1565951917,10813834,0.8026595378,-0.1317821198,0.0079805717,1,0.0079344211,0.0001240239"
2026-07-12T16:00:00.000-03:00,"CSV=1783882800000,0.007606,0.007861,0.007575,0.007757,33400101,0.00788232,0.0080999219,0.0076647181,2.6864688565,5.5212647715,28.4564513729,20.0308121641,18.455389161,0.0081,0.6879543094,13455721.2,2.4822230264,0.4813639295,0.0079805717,1,0.0079326557,0.0001402215"
2026-07-12T17:00:00.000-03:00,"CSV=1783886400000,0.00776,0.007842,0.007712,0.007828,7937642,0.00787804,0.0080945609,0.0076615191,2.6748942126,5.4968226151,26.6978131615,18.7928871954,18.383497571,0.0081,1.1500193823,12503664.4,0.6348252597,0.5642630707,0.0079805717,1,0.0079316144,0.0001391994"
2026-07-12T18:00:00.000-03:00,"CSV=1783890000000,0.007832,0.00797,0.007832,0.007967,7968424,0.00787586,0.0080909206,0.0076607994,2.6580491024,5.4612612093,30.9769919297,17.525322871,19.0068694951,0.0081,1.6198979592,12673963,0.6287239437,0.7156649249,0.0079805717,1,0.0079319665,0.0001394794"
2026-07-12T19:00:00.000-03:00,"CSV=1783893600000,0.007963,0.007963,0.007821,0.007887,21654806,0.00787344,0.0080876793,0.0076592007,2.6489591377,5.4420766625,28.8345116379,16.8343040624,19.4915175458,0.0081,0.1142421935,14230794.6,1.5216863576,0.535056879,0.0079805717,1,0.0079315191,0.0001401315"
2026-07-12T20:00:00.000-03:00,"CSV=1783897200000,0.007888,0.00796,0.007803,0.007804,9435234,0.0078699,0.0080837949,0.0076560051,2.6459708729,5.435770654,26.7063611695,16.4380166248,19.7787470253,0.0081,-0.9015873016,11452165.2,0.8238821075,0.1091040373,0.0079805717,1,0.0079302502,0.0001418183"
2026-07-12T21:00:00.000-03:00,"CSV=1783900800000,0.007802,0.00789,0.007743,0.007808,11469775,0.00786626,0.008079628,0.007652892,2.6408149048,5.4248911435,24.865315308,18.1185745367,19.5065622495,0.0081,-0.1789823575,12142289.3,0.9446138794,0.0163796185,0.0079805717,1,0.0079290338,0.0001423365"
2026-07-12T22:00:00.000-03:00,"CSV=1783904400000,0.007805,0.007823,0.007708,0.007738,5970606,0.00785066,0.0080433158,0.0076580042,2.3952288191,4.9080158482,23.5070288865,18.7913566021,18.9493638962,0.0081,-0.386199794,12210332.2,0.4889798166,-0.0520282225,0.0079805717,1,0.007927133,0.0001396028"
2026-07-12T23:00:00.000-03:00,"CSV=1783908000000,0.007734,0.007789,0.007656,0.007664,9242280,0.00783032,0.0079839758,0.0076766642,1.9245521359,3.9246359365,22.0167497595,20.0787241366,17.9929983853,0.0081,0.0130497194,12065159.9,0.766030461,-0.0313533208,0.0079805717,1,0.0079245147,0.0001389426"
2026-07-13T00:00:00.000-03:00,"CSV=1783911600000,0.007662,0.007679,0.00741,0.007468,27466895,0.00781238,0.007954493,0.007670267,1.7865756803,3.6381496575,19.3573714406,28.6995574289,18.0894539252,0.0081,-2.3024594453,14322559,1.9177365581,-1.4927390978,0.0079805717,1,0.0079199723,0.0001519483"
2026-07-13T01:00:00.000-03:00,"CSV=1783915200000,0.007468,0.007561,0.007435,0.007532,6330889,0.00779936,0.0079366614,0.0076620586,1.7299640065,3.5208372297,18.2510141363,27.0592538842,18.1794790958,0.0081,-0.9729161189,14087665.2,0.4493923521,-1.1408997529,0.0079460604,1,0.0079161119,0.0001493535"
2026-07-13T02:00:00.000-03:00,"CSV=1783918800000,0.00753,0.007543,0.007428,0.007483,7667698,0.00778566,0.0079196292,0.0076516908,1.6916094016,3.4414344315,17.2849463972,25.9491424271,18.3035268725,0.0081,-3.5322934124,11514424.9,0.665921057,-1.5446760229,0.0079232544,1,0.0079118023,0.0001459181"
2026-07-13T03:00:00.000-03:00,"CSV=1783922400000,0.007484,0.007564,0.007413,0.007561,7713528,0.0077748,0.0079044628,0.0076451372,1.6403745178,3.3354631226,17.0508546879,24.1507150615,18.2320926982,0.0081,-3.4108329075,11492013.5,0.6712077044,-1.7929097905,0.0079232544,1,0.0079083117,0.0001464263"
2026-07-13T04:00:00.000-03:00,"CSV=1783926000000,0.007562,0.007597,0.007521,0.007575,5611593,0.0077661,0.0078942748,0.0076379252,1.6236420361,3.3008785235,18.0009075821,23.2806246364,17.8692556867,0.0081,-4.9202962219,11256330.4,0.498527744,-2.0129079188,0.0079232544,1,0.0079049952,0.0001393837"
2026-07-13T05:00:00.000-03:00,"CSV=1783929600000,0.007575,0.007871,0.007521,0.007687,25991361,0.00776028,0.007885268,0.007635292,1.5850825328,3.2212241266,27.1000491516,19.7667425992,17.7211137922,0.0081,-2.5358184354,11689985.9,2.2233868563,-3.2213070722,0.0079232544,1,0.0079028261,0.0001604453"
2026-07-13T06:00:00.000-03:00,"CSV=1783933200000,0.007695,0.007719,0.007573,0.007603,6898998,0.0077519,0.0078730469,0.0076307531,1.5387548929,3.1256051886,25.3874354422,18.5175642609,17.5828480241,0.00797,-2.5756022553,11436362.3,0.603251088,-2.6654496691,0.0079232544,1,0.0078998427,0.0001590008"
2026-07-13T07:00:00.000-03:00,"CSV=1783936800000,0.007593,0.007593,0.007401,0.007444,13789818,0.00774064,0.0078637022,0.0076175778,1.5649400014,3.1796394526,23.2128359749,24.2249398637,16.552894151,0.00797,-4.6618852459,11668366.6,1.1818121998,-3.6134573986,0.0079232544,1,0.007895307,0.0001633007"
2026-07-13T08:00:00.000-03:00,"CSV=1783940400000,0.007447,0.007502,0.007424,0.007474,7098858,0.00773492,0.0078634736,0.0076063664,1.6348197716,3.3239806358,22.4183777163,23.3958423955,15.5916038695,0.00797,-3.4117342983,11781191.8,0.6025585629,-3.094228171,0.0079232544,1,0.0078911149,0.0001547706"
2026-07-13T09:00:00.000-03:00,"CSV=1783944000000,0.00747,0.007628,0.007367,0.007465,19425239,0.00772552,0.0078562647,0.0075947753,1.6642091216,3.3847475203,25.2443880361,20.8388692905,15.1894910636,0.00797,-2.5965553236,12799487.7,1.5176575387,-3.3763793679,0.0079232544,1,0.0078868749,0.0001653936"
2026-07-13T10:00:00.000-03:00,"CSV=1783947600000,0.007462,0.00755,0.00745,0.007533,7247832,0.00771786,0.0078484399,0.0075872801,1.6637693574,3.3838379741,24.1604243173,19.9440732583,14.814185778,0.00797,0.8703802892,10777581.4,0.6724915109,-2.0558117933,0.0079232544,1,0.0078833538,0.0001588542"
2026-07-13T11:00:00.000-03:00,"CSV=1783951200000,0.007526,0.007546,0.007407,0.007471,14438048,0.00771074,0.0078448332,0.0075766468,1.7093189745,3.4780895944,22.708272509,20.6046932699,14.1503531511,0.00797,-0.8098778545,11588297.3,1.2459162573,-1.7068878573,0.0079232544,1,0.0078792508,0.0001568688"
2026-07-13T12:00:00.000-03:00,"CSV=1783954800000,0.00747,0.007492,0.007371,0.007399,8572183,0.00770286,0.0078433136,0.0075624064,1.7907425417,3.646789698,21.5028552968,21.0902608387,13.2715754827,0.00797,-1.1225444341,11678745.8,0.7339985943,-1.4125739171,0.0078913457,1,0.0078744722,0.0001532819"
2026-07-13T13:00:00.000-03:00,"CSV=1783958400000,0.0074,0.007565,0.007357,0.007387,18664271,0.0076935,0.007839006,0.007547994,1.8561798153,3.7825709491,22.7134784296,19.2119560582,12.9435894859,0.00797,-2.3012828991,12773820.1,1.4611346374,-2.0625439961,0.0078913457,1,0.0078696217,0.0001587537"
2026-07-13T14:00:00.000-03:00,"CSV=1783962000000,0.007388,0.007455,0.00736,0.00738,14787647,0.0076832,0.0078322621,0.0075341379,1.9031811261,3.8802096703,21.7649187571,18.4096268683,12.6374692223,0.007963,-2.5742574257,13691425.5,1.0800662794,-2.3018188775,0.007864635,1,0.0078647498,0.0001523783"
2026-07-13T15:00:00.000-03:00,"CSV=1783965600000,0.00738,0.007412,0.007311,0.00732,8854170,0.00767228,0.0078274259,0.0075171341,1.9820803741,4.0443224701,20.776557767,19.77672729,11.9593361709,0.00796,-4.774294263,11977706.4,0.7392208244,-2.7109651654,0.0078032215,1,0.0078593294,0.0001472405"
2026-07-13T16:00:00.000-03:00,"CSV=1783969200000,0.007321,0.007375,0.007255,0.007368,10109293,0.00766224,0.0078204781,0.0075040019,2.0233816512,4.1303357582,19.6411581741,21.2462116272,11.4237503134,0.00789,-3.0908851769,12298735.9,0.8219782165,-2.6541902053,0.0077485494,1,0.0078544406,0.0001445165"
2026-07-13T17:00:00.000-03:00,"CSV=1783972800000,0.007363,0.007407,0.007312,0.007371,4540636,0.00765266,0.0078137155,0.0074916045,2.0611893352,4.2091369523,20.2632634503,20.3050073918,10.6690268261,0.007871,-0.9806555615,11373817.7,0.3992182853,-1.8999586808,0.0077485494,1,0.0078496302,0.0001395648"
2026-07-13T18:00:00.000-03:00,"CSV=1783976400000,0.007372,0.007372,0.007217,0.007288,6255586,0.00764116,0.0078072362,0.0074750838,2.1272082316,4.3468837317,18.806834233,23.2508413967,10.6621889888,0.007871,-2.4886272411,11289490.5,0.5541070255,-1.7262943999,0.007717825,1,0.0078440419,0.0001411083"
2026-07-13T19:00:00.000-03:00,"CSV=1783980000000,0.007287,0.007406,0.007282,0.007323,5616698,0.00763148,0.0078016624,0.0074612976,2.1813607437,4.4600104035,19.3066379946,21.9015432618,10.371180611,0.007871,-1.9022103148,9908636.4,0.5668487341,-1.5102847696,0.007717825,1,0.0078388574,0.0001393975"
2026-07-13T20:00:00.000-03:00,"CSV=1783983600000,0.007324,0.007356,0.007288,0.007352,5210377,0.00762352,0.0077972437,0.0074497963,2.2280144447,4.5575722576,18.6700404542,21.1793839415,10.0995727916,0.007871,-2.4027611841,9704890.9,0.5368815635,-1.4368559068,0.007717825,1,0.007834013,0.0001322578"
2026-07-13T21:00:00.000-03:00,"CSV=1783987200000,0.007355,0.007425,0.007328,0.007423,6891600,0.00761842,0.0077942003,0.0074426397,2.2552708462,4.6146137305,21.1870976594,20.1632635331,9.5913344738,0.007871,-0.6424842725,8950246.1,0.7699900006,-1.122806093,0.007717825,1,0.0078299233,0.000128732"
2026-07-13T22:00:00.000-03:00,"CSV=1783990800000,0.007426,0.007708,0.007426,0.00768,39407508,0.0076199,0.0077958809,0.0074439191,2.2573579292,4.6189828336,31.4363910248,17.5175566326,10.8474126147,0.007871,3.7978105149,12033778.6,3.2747409862,3.397077855,0.007717825,1,0.0078284316,0.0001443588"
2026-07-13T23:00:00.000-03:00,"CSV=1783994400000,0.00768,0.007782,0.007626,0.007638,23244467,0.0076196,0.007795537,0.007443663,2.2568943412,4.6180123416,32.5796215726,16.2658551518,12.3508334369,0.007871,3.3978611074,12491798.2,1.8607782985,4.3722739733,0.007717825,1,0.0078265367,0.0001455229"
2026-07-14T00:00:00.000-03:00,"CSV=1783998000000,0.007637,0.00782,0.007556,0.007666,21334579,0.00761816,0.0077934154,0.0074429046,2.248762432,4.6009902033,28.8427630954,17.4414418576,13.1696637027,0.007871,3.8753387534,13146491.4,1.6228344393,5.0111937132,0.007717825,1,0.0078249393,0.0001573706"
2026-07-14T01:00:00.000-03:00,"CSV=1784001600000,0.007665,0.007981,0.007604,0.007938,19815489,0.00762268,0.0078031346,0.0074422254,2.3125909721,4.7346756253,30.9123905606,14.8375473801,14.6341072498,0.007981,8.4426229508,14242623.3,1.3912808464,7.2561490105,0.0072674313,-1,0.0078260643,0.0001793335"
2026-07-14T02:00:00.000-03:00,"CSV=1784005200000,0.007936,0.007939,0.007696,0.00785,31693977,0.00762524,0.0078079789,0.0074425011,2.3404122099,4.793000386,28.0231355792,13.4507423837,16.0009212271,0.007981,6.5418023887,16401091.7,1.9324309369,9.0512931133,0.0072674313,-1,0.0078263025,0.0001857002"
2026-07-14T03:00:00.000-03:00,"CSV=1784008800000,0.007841,0.007987,0.007831,0.007911,14064569,0.00763006,0.007817045,0.007443075,2.3920159589,4.9012711049,28.189014405,12.6382456575,17.4734718402,0.007987,7.326007326,17353485,0.810475187,8.0133777946,0.0073608095,-1,0.0078271452,0.0001827302"
2026-07-14T04:00:00.000-03:00,"CSV=1784012400000,0.007908,0.008051,0.007854,0.007893,21107252,0.00763316,0.0078231692,0.0074431508,2.4288007944,4.9785199201,28.5137707773,11.6833669013,19.0998842184,0.008051,8.3013172338,18838651.6,1.1204226528,8.4425798219,0.0074000285,-1,0.0078278005,0.0001841572"
2026-07-14T05:00:00.000-03:00,"CSV=1784016000000,0.007893,0.00805,0.007878,0.008013,13069460,0.00763798,0.0078343987,0.0074415613,2.5071315918,5.1432102322,26.6314983344,10.9121157142,20.6178691047,0.008051,9.422367882,19583927.8,0.6673564227,7.7244124558,0.0074151757,-1,0.0078296433,0.0001829414"
2026-07-14T06:00:00.000-03:00,"CSV=1784019600000,0.008016,0.008039,0.007866,0.007901,10370258,0.00764168,0.0078412507,0.0074421093,2.5451384132,5.2232148747,24.8627810681,10.6480716746,21.9119576672,0.008051,7.4673558215,20099915.9,0.5159353925,6.4338326896,0.0074151757,-1,0.0078303533,0.0001819473"
2026-07-14T07:00:00.000-03:00,"CSV=1784023200000,0.007895,0.007915,0.00783,0.007907,11157401,0.00764592,0.007848803,0.007443037,2.5848910285,5.3069612214,24.022887851,11.7190984744,22.7460878548,0.008051,6.5202748215,20526496,0.5435609176,5.4706106479,0.0074151757,-1,0.007831116,0.0001722526"
2026-07-14T08:00:00.000-03:00,"CSV=1784026800000,0.007897,0.008046,0.007841,0.007882,19405048,0.00764948,0.0078548968,0.0074440632,2.6151428401,5.3707381546,27.2245592033,10.778247819,24.1147866647,0.008051,2.6302083333,18526250,1.0474352878,4.5653981061,0.0074169181,-1,0.0078316223,0.0001755273"
2026-07-14T09:00:00.000-03:00,"CSV=1784030400000,0.007882,0.008075,0.0078,0.00807,23529446,0.0076561,0.0078694745,0.0074427255,2.7114202996,5.5739744746,24.4081055033,11.2055946207,24.9785634431,0.008075,5.655930872,18554747.9,1.2681091722,5.4343780095,0.0074169181,-1,0.0078339942,0.0001854746"
2026-07-14T10:00:00.000-03:00,"CSV=1784034000000,0.008068,0.008075,0.007942,0.007985,17898427,0.007659,0.0078758119,0.0074421881,2.7528831668,5.661624234,23.1662266528,10.6354565178,25.784755103,0.008075,4.1612314114,18211132.7,0.9828288715,4.9861781303,0.0074678186,-1,0.0078354967,0.0001802271"
2026-07-14T11:00:00.000-03:00,"CSV=1784037600000,0.007982,0.008272,0.007964,0.008261,30819287,0.00766666,0.0078973927,0.0074359273,2.9216314858,6.0191194608,27.7390063166,9.4433049542,27.346130779,0.008272,4.0690350214,19311512.5,1.5959022889,5.4887128549,0.0075389868,-1,0.0078397306,0.0001930044"
2026-07-14T12:00:00.000-03:00,"CSV=1784041200000,0.00826,0.008282,0.00807,0.008127,29287660,0.0076717,0.0079095704,0.0074338296,3.0073745309,6.2012436851,25.9811920851,8.7222747361,28.8385584121,0.008282,3.5286624204,19070880.8,1.5357266561,5.4654955497,0.0075912881,-1,0.007842589,0.000194904"
2026-07-14T13:00:00.000-03:00,"CSV=1784044800000,0.008126,0.008176,0.008014,0.008075,15623662,0.00767676,0.0079203949,0.0074331251,3.0760443023,6.3473354553,24.4525825566,10.2429082315,29.6463473308,0.008282,2.0730628239,19226790.1,0.8125985627,4.2051863235,0.0075912881,-1,0.0078449016,0.0001916136"
2026-07-14T14:00:00.000-03:00,"CSV=1784048400000,0.008074,0.008149,0.008057,0.008093,7865957,0.00768326,0.0079334885,0.0074330315,3.1540793147,6.5136028289,23.6074541873,9.8888935866,30.4002836548,0.008282,2.5338907893,17902660.6,0.4393736314,3.1745658149,0.0075912881,-1,0.0078473702,0.0001816522"
2026-07-14T15:00:00.000-03:00,"CSV=1784052000000,0.008091,0.0081,0.007953,0.008004,16416527,0.00769008,0.0079442789,0.0074358811,3.199772938,6.6110856042,22.2886668451,13.2886932131,30.060058909,0.008282,-0.1123174841,18237367.3,0.9001588184,2.0826760187,0.0075912881,-1,0.0078489287,0.000178187"
2026-07-14T16:00:00.000-03:00,"CSV=1784055600000,0.008006,0.008059,0.007967,0.008048,8547065,0.00769816,0.0079571416,0.0074391784,3.2547060928,6.728401892,21.4838957548,12.8088818274,29.7425158128,0.008282,1.8605239843,18055048,0.473389215,1.6820346753,0.0075912881,-1,0.0078509095,0.0001695683"
2026-07-14T17:00:00.000-03:00,"CSV=1784059200000,0.008048,0.008237,0.007967,0.008076,63614429,0.00770756,0.0079715079,0.0074436121,3.3111412489,6.8490647044,26.0151422676,11.5029063602,30.3383933499,0.008282,2.1373466549,23300750.8,2.7301450303,3.0664452328,0.0075912881,-1,0.0078531492,0.0001796115"
2026-07-14T18:00:00.000-03:00,"CSV=1784062800000,0.008084,0.008117,0.008054,0.00808,5137641,0.00771402,0.0079830035,0.0074450365,3.3694518295,6.9738853671,25.3685079732,11.2169892716,30.8945457178,0.008282,2.5120527785,21874010.1,0.2348742172,2.2409689652,0.0075912881,-1,0.0078554064,0.0001679503"
2026-07-14T19:00:00.000-03:00,"CSV=1784066400000,0.008085,0.008095,0.008024,0.008044,8029245,0.00771834,0.007990831,0.007445849,3.4100458237,7.0608705693,24.6293016899,12.1213546124,31.1038841588,0.008282,-0.322180917,20323990,0.3950624361,1.4515521175,0.0075912881,-1,0.007857283,0.0001582553"
2026-07-14T20:00:00.000-03:00,"CSV=1784070000000,0.008047,0.008061,0.007851,0.007886,24472769,0.00771672,0.0079879658,0.0074454742,3.3956804834,7.0300800222,22.5472633123,18.0607507346,29.7668480652,0.008282,-1.2398246713,20981424.2,1.1664017069,0.4856568741,0.0075912881,-1,0.0078575687,0.0001634298"
2026-07-14T21:00:00.000-03:00,"CSV=1784073600000,0.007889,0.007928,0.007745,0.00792,19144709,0.00771738,0.0079890791,0.0074456809,3.4008812168,7.0412261719,20.8978367556,20.9768772659,27.7949751772,0.008282,-4.1278295606,19813966.4,0.9662229467,-1.0056966311,0.0075912881,-1,0.0078581899,0.0001653868"
2026-07-14T22:00:00.000-03:00,"CSV=1784077200000,0.007924,0.007961,0.00777,0.00777,11983908,0.0077167,0.0079882239,0.0074451761,3.3990526812,7.0373071394,20.6240667661,19.3906108232,26.1474774163,0.008282,-4.3927648579,18083591.2,0.6626951399,-1.6408190614,0.0075912881,-1,0.0078573124,0.0001679481"
2026-07-14T23:00:00.000-03:00,"CSV=1784080800000,0.00778,0.007793,0.007682,0.007721,11972535,0.00771496,0.0079861719,0.0074437481,3.3960184474,7.0308043061,19.6966386618,22.0836991886,24.7852028287,0.008282,-4.3839009288,17718478.5,0.6757089781,-2.0812931131,0.0075912881,-1,0.0078559561,0.0001622533"
2026-07-15T00:00:00.000-03:00,"CSV=1784084400000,0.007721,0.007763,0.00771,0.007728,4288092,0.00771476,0.0079859585,0.0074435615,3.3959416753,7.0306397768,19.2537073057,21.5870884218,23.5137465469,0.008282,-4.5100704312,17360692,0.247000062,-1.7588579674,0.0075912881,-1,0.0078546829,0.000151328"
2026-07-15T01:00:00.000-03:00,"CSV=1784088000000,0.007726,0.007757,0.007646,0.007687,8212063,0.00771522,0.0079863515,0.0074440885,3.3949357517,7.0284840202,18.3288193344,23.3198059227,22.7450672183,0.008282,-3.9605197401,16540245.6,0.4964897861,-1.8280245111,0.0075912881,-1,0.0078530144,0.0001472952"
2026-07-15T02:00:00.000-03:00,"CSV=1784091600000,0.007687,0.007879,0.007556,0.00785,35517583,0.00772286,0.0079922944,0.0074534256,3.37117677,6.9775800993,20.8613237007,20.2821929265,21.3225685343,0.008282,-2.4602385686,19237297.4,1.8462875664,-2.7327856339,0.0075912881,-1,0.0078529844,0.0001648657"
2026-07-15T03:00:00.000-03:00,"CSV=1784095200000,0.007849,0.008129,0.007811,0.007996,29343427,0.00773214,0.0080028286,0.0074614514,3.3824116136,7.0016477746,27.838358215,17.8320242789,21.3617237905,0.008282,-0.9905894007,15810197.2,1.855981088,-2.4346954872,0.0075912881,-1,0.0078544074,0.0001801791"
2026-07-15T04:00:00.000-03:00,"CSV=1784098800000,0.007996,0.008133,0.007924,0.007998,26066430,0.00774244,0.0080132507,0.0074716293,3.3795363462,6.9954877433,25.8059225041,16.4340236523,21.4167614593,0.008282,-1.0148514851,17903076.1,1.4559749316,-2.1156630987,0.0075912881,-1,0.0078558362,0.0001830612"
2026-07-15T05:00:00.000-03:00,"CSV=1784102400000,0.008001,0.008025,0.007851,0.007914,15046521,0.0077495,0.0080200898,0.0074789102,3.3739001039,6.9834136068,24.119228443,18.1020295649,20.9390830926,0.008282,-1.6161113874,18604803.7,0.808743873,-1.84611546,0.0075912881,-1,0.007856415,0.0001821551"
2026-07-15T06:00:00.000-03:00,"CSV=1784106000000,0.007912,0.008016,0.007896,0.007962,6655484,0.00775724,0.0080282623,0.0074862177,3.3758520318,6.987594929,23.0080301003,17.2680499333,20.4932499504,0.008282,0.9637331981,16823075.2,0.3956163734,-1.1036540957,0.0075912881,-1,0.0078574656,0.0001759396"
2026-07-15T07:00:00.000-03:00,"CSV=1784109600000,0.007966,0.008001,0.007891,0.007914,4430379,0.00776178,0.008033488,0.007490072,3.382192461,7.0011782447,22.0120222099,16.7172941607,20.0384407247,0.008282,-0.0757575758,15351642.2,0.2885931643,-0.7430571033,0.0075912881,-1,0.0078580281,0.0001693456"
2026-07-15T08:00:00.000-03:00,"CSV=1784113200000,0.007921,0.008084,0.007867,0.007967,19570486,0.00776906,0.0080412921,0.0074968279,3.3854277688,7.0081100409,23.3731272124,15.3159123199,20.090916334,0.008237,2.5353925354,16110300,1.2147809786,0.5312774729,0.0075912881,-1,0.0078591124,0.000174111"
2026-07-15T09:00:00.000-03:00,"CSV=1784116800000,0.007964,0.007996,0.007885,0.007992,6224684,0.00778002,0.0080499663,0.0075100737,3.3533836625,6.9394745301,22.3464690152,14.6431650753,20.1398935695,0.008237,3.509908043,15535514.9,0.4006744572,0.8229618153,0.0075912881,-1,0.0078604347,0.0001677999"
2026-07-15T10:00:00.000-03:00,"CSV=1784120400000,0.007987,0.00822,0.007978,0.008165,27356793,0.00779384,0.0080654486,0.0075222314,3.3675568823,6.9698266412,28.8804542762,13.280528548,21.2639579189,0.008237,5.6547619048,17842385,1.5332475451,3.4386911464,0.0075912881,-1,0.0078634652,0.0001752199"
2026-07-15T11:00:00.000-03:00,"CSV=1784124000000,0.008163,0.00825,0.008016,0.008081,21011759,0.00780616,0.0080765411,0.0075357789,3.3477337391,6.9273776365,27.4683039769,12.1127719646,22.4327030857,0.00825,5.1255366203,19122354.6,1.0988060539,4.1697843203,0.0075912881,-1,0.0078656297,0.0001810979"
2026-07-15T12:00:00.000-03:00,"CSV=1784127600000,0.008085,0.008101,0.007954,0.00801,7770596,0.0078157,0.0080846863,0.0075467137,3.3271082491,6.8832289773,25.9334670251,13.792653248,22.9746087045,0.00825,2.0382165605,16347655.9,0.475333959,3.1028007292,0.0075912881,-1,0.0078670662,0.0001776882"
2026-07-15T13:00:00.000-03:00,"CSV=1784131200000,0.008012,0.008165,0.007963,0.008006,16530160,0.0078264,0.0080920822,0.0075607178,3.283236738,6.7893850606,26.3705243208,12.7442196994,23.7654179596,0.00825,0.1250625313,15066329.2,1.0971590877,2.1142716504,0.0075912881,-1,0.0078684486,0.0001801193"
2026-07-15T14:00:00.000-03:00,"CSV=1784134800000,0.008008,0.008079,0.007975,0.008079,4573750,0.00784,0.0081008156,0.0075791844,3.2196220131,6.6534602985,25.3092736772,12.2313436112,24.5035065976,0.00825,1.0127531883,12917061.2,0.3540859588,1.5290483282,0.0075912881,-1,0.0078705437,0.0001725074"
2026-07-15T15:00:00.000-03:00,"CSV=1784138400000,0.008073,0.008173,0.00806,0.008169,14660301,0.00785564,0.0081122347,0.0075990453,3.1630579149,6.532750512,27.8994297111,11.6839530163,25.6009637371,0.00825,3.2221379833,12878439.2,1.1383600739,2.2420166298,0.00761683,-1,0.0078735134,0.0001665567"
2026-07-15T16:00:00.000-03:00,"CSV=1784142000000,0.008165,0.008169,0.007968,0.008007,11505966,0.00786818,0.0081164079,0.0076199521,3.0583471995,6.3096658889,25.7068617502,14.3628064628,25.7816214277,0.00825,0.565184627,13363487.4,0.8610002506,1.6568857883,0.00761683,-1,0.0078748416,0.000170001"
2026-07-15T17:00:00.000-03:00,"CSV=1784145600000,0.008009,0.008103,0.007988,0.008073,5712060,0.00788324,0.0081203461,0.0076461339,2.9199014002,6.0154479493,24.5253502265,13.7026783804,25.9502352723,0.00825,2.0090978014,13491655.5,0.4233772497,1.3881259594,0.00761683,-1,0.0078768133,0.0001645009"
2026-07-15T18:00:00.000-03:00,"CSV=1784149200000,0.008072,0.008118,0.008036,0.008114,5196855,0.00789816,0.0081256512,0.0076706688,2.7996675242,5.7606130616,24.3139262141,13.2378572848,26.18658317,0.00825,1.8451110832,12054292.4,0.4311207019,1.1905725013,0.00761683,-1,0.0078791734,0.0001562508"
2026-07-15T19:00:00.000-03:00,"CSV=1784152800000,0.008114,0.008141,0.008033,0.008034,4453327,0.00791142,0.0081267976,0.0076960424,2.6502152511,5.4447275008,24.1760743904,12.6331234977,26.5314027228,0.00825,0.5255255255,11877156.7,0.3749489135,0.8593967425,0.0076327228,-1,0.007880714,0.0001514257"
2026-07-15T20:00:00.000-03:00,"CSV=1784156400000,0.008034,0.008057,0.00799,0.008018,4527090,0.00792602,0.0081225613,0.0077294787,2.4196966317,4.9593955916,23.4636219757,14.1521483825,26.4129208695,0.00825,-1.8003674219,9594186.4,0.4718576241,0.2897587969,0.0076327228,-1,0.00788208,0.0001429832"
2026-07-15T21:00:00.000-03:00,"CSV=1784160000000,0.008007,0.008148,0.007977,0.008136,5777354,0.00794228,0.0081210907,0.0077634693,2.2018069749,4.5027559443,25.6824456577,13.0967461235,26.8157111612,0.00825,0.6806088355,8070745.9,0.7158389165,0.3555746284,0.0076327228,-1,0.0078846066,0.0001457848"
2026-07-15T22:00:00.000-03:00,"CSV=1784163600000,0.008138,0.008239,0.008047,0.008099,13168409,0.00795722,0.0081161939,0.0077982461,1.9587244137,3.99571385,27.4700801818,12.0185083159,27.6366109397,0.00825,1.1111111111,8610527.2,1.5293382965,0.8034713436,0.0076917809,-1,0.0078867398,0.0001504064"
2026-07-15T23:00:00.000-03:00,"CSV=1784167200000,0.008103,0.008123,0.008045,0.008103,4314195,0.00797082,0.0081115501,0.0078300899,1.7349341534,3.5311311064,26.5197444066,11.6914302746,28.3812518265,0.00825,1.2115913065,7388930.7,0.5838727111,0.771452596,0.0076917809,-1,0.0078888917,0.0001431657"
2026-07-16T00:00:00.000-03:00,"CSV=1784170800000,0.008103,0.008265,0.008094,0.00821,14201273,0.00798142,0.0081197862,0.0078430538,1.7040620349,3.4672074355,30.7675308201,10.812774012,29.6885607903,0.008265,1.6214878079,8351683,1.7004085284,1.4333656298,0.0077416526,-1,0.0078920868,0.0001459491"
2026-07-16T01:00:00.000-03:00,"CSV=1784174400000,0.008206,0.008446,0.00812,0.008392,27660779,0.0079965,0.0081376757,0.0078553243,1.7348402225,3.5309365525,34.0618005418,9.3738034169,31.4985339251,0.008446,2.7298322928,9651730.8,2.8658879504,3.5633749114,0.0077911373,-1,0.007897061,0.0001639542"
2026-07-16T02:00:00.000-03:00,"CSV=1784178000000,0.008386,0.008765,0.008158,0.008212,71184414,0.00800742,0.0081436387,0.0078712013,1.67270021,3.4023108812,37.9412313067,7.4072487026,33.8874234374,0.008765,2.5602597727,15619575.6,4.5573846449,6.2649461326,0.0078367236,-1,0.0079001948,0.0002082588"
2026-07-16T03:00:00.000-03:00,"CSV=1784181600000,0.008209,0.008369,0.008039,0.008338,29908762,0.00801542,0.0081588801,0.0078719599,1.7583309176,3.5796031032,33.8096242635,10.5274535298,35.1290444993,0.008765,3.2825467608,18039245.8,1.6579829518,5.9907662777,0.0078367236,-1,0.007904551,0.0002204329"
2026-07-16T04:00:00.000-03:00,"CSV=1784185200000,0.008338,0.00845,0.008211,0.008371,23797669,0.00802584,0.0081756856,0.0078759944,1.8328196119,3.7340781402,33.815981343,9.7071988815,36.4799729115,0.008765,3.1673650481,19899327.2,1.1959031962,5.2564648466,0.0078367236,-1,0.0079091923,0.0002222896"
2026-07-16T05:00:00.000-03:00,"CSV=1784188800000,0.00837,0.008544,0.008267,0.008346,31031801,0.00803454,0.0081899887,0.0078790913,1.8980327612,3.8695100915,33.8264826173,8.8508415421,37.9494441069,0.008765,3.8834951456,22557174.6,1.3756953852,5.2851453478,0.0078367236,-1,0.0079135387,0.0002277607"
2026-07-16T06:00:00.000-03:00,"CSV=1784192400000,0.008345,0.008412,0.008234,0.008293,14502648,0.00804254,0.0082007666,0.0078843134,1.9294119834,3.9347413377,31.8895565947,9.4056103478,39.0492757908,0.008765,3.4297829883,23554730.4,0.6157000209,4.2273360511,0.0078367236,-1,0.0079173144,0.0002227846"
2026-07-16T07:00:00.000-03:00,"CSV=1784196000000,0.008288,0.008537,0.008142,0.00819,36564812,0.00804608,0.008205581,0.007886579,1.9438105926,3.9646871948,31.8603197829,8.2785417421,40.362690107,0.008765,0.6637168142,26633476.2,1.3728892063,3.1219605841,0.0078367236,-1,0.0079200277,0.0002400061"
2026-07-16T08:00:00.000-03:00,"CSV=1784199600000,0.00819,0.008254,0.008121,0.008208,14025814,0.00805222,0.0082119268,0.0078925132,1.9448148049,3.9667760579,30.5400843898,8.5897814991,41.4115797029,0.008765,1.3458451661,26719216.7,0.5249335771,2.3168001618,0.0078367236,-1,0.0079228931,0.0002293055"
2026-07-16T09:00:00.000-03:00,"CSV=1784203200000,0.008211,0.008415,0.008173,0.00825,17951451,0.00805908,0.0082197653,0.0078983947,1.9548643716,3.9876825282,33.2301132158,7.9477280444,42.7440100208,0.008765,1.81414291,28082942.3,0.6392297078,1.9310847886,0.0078367236,-1,0.0079261479,0.000230575"
2026-07-16T10:00:00.000-03:00,"CSV=1784206800000,0.008251,0.008433,0.008223,0.008319,11990052,0.00806782,0.008230508,0.007905132,1.9766459956,4.0330103283,31.6278008015,7.4312875491,44.0243083125,0.008765,1.3276492083,27861820.2,0.430339867,1.4778366537,0.0078367236,-1,0.0079300569,0.0002285175"
2026-07-16T11:00:00.000-03:00,"CSV=1784210400000,0.008312,0.008351,0.008183,0.008224,8829073,0.0080709,0.0082350513,0.0079067487,1.9933245846,4.0677322766,29.9591699177,8.2953764252,44.8647302628,0.008765,-2.0019065777,25978649.6,0.3398588124,0.7584359051,0.0078367236,-1,0.0079329817,0.0002224657"
2026-07-16T12:00:00.000-03:00,"CSV=1784214000000,0.008225,0.008233,0.008123,0.008134,12111138,0.00807388,0.0082377971,0.0079099629,1.9898175166,4.0604301843,28.8899080741,9.9460711518,45.1256875208,0.008765,-0.9498295178,20071322,0.6034050971,0.314579946,0.0078367236,-1,0.0079349818,0.0002112192"
2026-07-16T13:00:00.000-03:00,"CSV=1784217600000,0.008134,0.008315,0.008102,0.008159,15227372,0.00807184,0.0082340414,0.0079096386,1.9698880882,4.0189448932,29.5522813518,9.260373094,45.6027537653,0.008765,-2.1467977932,18603183,0.8185358387,-0.3760236801,0.0078367236,-1,0.0079372109,0.0002113972"
2026-07-16T14:00:00.000-03:00,"CSV=1784221200000,0.00816,0.008162,0.008012,0.008092,10060915,0.00807114,0.0082331773,0.0079091027,1.9681014433,4.0152266197,28.0910332808,11.7692549315,45.2924013121,0.008765,-3.3329351332,17229507.6,0.5839351439,-0.8994217723,0.0078367236,-1,0.0079387511,0.0002052575"
2026-07-16T15:00:00.000-03:00,"CSV=1784224800000,0.008093,0.00822,0.008049,0.008083,18048939,0.0080713,0.008233345,0.007909255,1.9681546641,4.015337378,28.4229166317,11.0989347268,45.1951701015,0.008765,-3.1512101606,15931221.4,1.1329287659,-1.7896467276,0.0078367236,-1,0.0079401864,0.0002018318"
2026-07-16T16:00:00.000-03:00,"CSV=1784228400000,0.008076,0.008325,0.008059,0.008164,17038736,0.00807272,0.0082352592,0.0079101808,1.9736990227,4.0268764668,29.3809707318,10.1367047417,45.4286833877,0.008765,-1.5555287592,16184830.2,1.0527596391,-1.7389637835,0.0078367236,-1,0.0079424134,0.0002082486"
2026-07-16T17:00:00.000-03:00,"CSV=1784232000000,0.008157,0.008194,0.008085,0.008159,5894217,0.00807582,0.0082384971,0.0079131429,1.9745963868,4.0287442112,28.3036425887,9.765016638,45.6466291215,0.008765,-0.3785103785,13117770.7,0.4493306931,-1.2160012992,0.0078367236,-1,0.0079445685,0.0001983237"
2026-07-16T18:00:00.000-03:00,"CSV=1784235600000,0.008155,0.008262,0.008146,0.008262,2549481,0.0080801,0.0082447915,0.0079154085,1.9975217019,4.0764718129,29.5203190317,9.3731293383,46.0569195712,0.008765,0.6578947368,11970137.4,0.2129867782,-0.763959906,0.0078367236,-1,0.007947727,0.0001900914"
2026-07-16T19:00:00.000-03:00,"CSV=1784239200000,0.008258,0.008348,0.00825,0.008271,7016135,0.008084,0.008250843,0.007917157,2.0221332439,4.127734785,31.5616128057,9.0445746572,46.683273876,0.008765,0.2545454545,10876605.8,0.6450665887,-0.4545736813,0.0078367236,-1,0.0079509436,0.0001808822"
2026-07-16T20:00:00.000-03:00,"CSV=1784242800000,0.008274,0.008287,0.008131,0.008154,5890392,0.00808548,0.008252609,0.007918351,2.0251651541,4.1340516824,29.7811757096,12.8375398129,46.2214774161,0.008765,-1.9834114677,10266639.8,0.5737409819,-0.6823706019,0.0078367236,-1,0.0079529641,0.000178394"
2026-07-16T21:00:00.000-03:00,"CSV=1784246400000,0.008153,0.008197,0.00809,0.008189,6253725,0.00808838,0.0082560213,0.0079207387,2.0305334141,4.1452372558,28.5957054466,13.8518060083,45.4556739857,0.008765,-0.4255836576,10009105,0.6248036163,-0.5435491374,0.0078367236,-1,0.0079553127,0.0001712546"
2026-07-16T22:00:00.000-03:00,"CSV=1784250000000,0.008196,0.008221,0.00804,0.008054,7589544,0.00809174,0.0082569574,0.0079265226,2.0009478226,4.08360648,26.6714882332,14.778563634,44.3381078981,0.008544,-0.9835259405,9556945.6,0.7941390814,-0.6227182206,0.0078367236,-1,0.0079562947,0.0001722291"
2026-07-16T23:00:00.000-03:00,"CSV=1784253600000,0.008053,0.008091,0.007893,0.007965,16464415,0.00809264,0.00825704,0.00792824,1.9910279154,4.0629503055,24.7217249429,19.1255446311,42.2330936039,0.008544,-2.3777423704,9680649.9,1.7007551322,-1.7631313268,0.0078367236,-1,0.0079563813,0.0001748062"
2026-07-17T00:00:00.000-03:00,"CSV=1784257200000,0.007966,0.008015,0.007942,0.007987,5127408,0.00809698,0.0082555668,0.0079383932,1.9209682852,3.9171844412,24.0278667076,18.5887529357,40.268413596,0.008544,-1.2975778547,9187299.2,0.5580974221,-1.4168125031,0.0078367236,-1,0.007956686,0.0001646256"
2026-07-17T01:00:00.000-03:00,"CSV=1784260800000,0.007981,0.007993,0.007862,0.00795,5421537,0.00810156,0.0082523368,0.0079507832,1.8270801757,3.7221673329,22.797617487,20.7637660244,37.8951148364,0.008537,-1.6454286775,7924559,0.6841436855,-1.3197782153,0.0078367236,-1,0.0079566194,0.000161263"
2026-07-17T02:00:00.000-03:00,"CSV=1784264400000,0.007948,0.007959,0.007758,0.007786,10647346,0.00810272,0.0082508177,0.0079546223,1.7949454429,3.65550521,21.0276826265,23.1687632071,35.6917380646,0.008537,-4.6300832925,7285420,1.4614594629,-3.1354118241,0.0083542102,1,0.0079549217,0.0001652367"
2026-07-17T03:00:00.000-03:00,"CSV=1784268000000,0.007786,0.008308,0.007743,0.008011,33397413,0.0081092,0.0082455918,0.0079728082,1.6541176438,3.3638777835,28.7487274877,18.7780593839,34.7108921547,0.008433,-1.8139477877,10035739.6,3.3278477054,-4.1024552104,0.0083542102,1,0.0079554797,0.0002052131"
2026-07-17T04:00:00.000-03:00,"CSV=1784271600000,0.008003,0.00822,0.007991,0.00811,15676700,0.0081144,0.0082456707,0.0079831293,1.5919955723,3.2355001639,26.5627086117,17.350198193,33.7954359722,0.008433,-1.839748245,11348461.5,1.3813942974,-3.582109385,0.0083542102,1,0.0079570172,0.0002075918"
2026-07-17T05:00:00.000-03:00,"CSV=1784275200000,0.008116,0.008458,0.008042,0.008265,26361480,0.00811978,0.0082515992,0.0079879608,1.5974983745,3.2468653705,30.5139089883,15.113437117,33.7925884594,0.008458,-0.0725426188,13282996,1.9846034735,-2.4360623678,0.0083542102,1,0.0079600818,0.0002284326"
2026-07-17T06:00:00.000-03:00,"CSV=1784278800000,0.008261,0.008295,0.008235,0.008277,3492431,0.00812536,0.0082578097,0.0079929103,1.6039320098,3.2601546841,29.9178803593,14.8182261295,33.7899307809,0.008458,1.5084621045,13043199.9,0.2677587576,-1.4894069322,0.0083542102,1,0.0079632352,0.0002115893"
2026-07-17T07:00:00.000-03:00,"CSV=1784282400000,0.008274,0.008296,0.008162,0.008193,9927269,0.00813094,0.0082602065,0.0080016735,1.5649300747,3.1796189628,28.5819673936,16.5891232345,33.3072568624,0.008458,0.0488460129,13410554.3,0.7402579176,-0.9808850722,0.0083542102,1,0.0079655214,0.0002038304"
2026-07-17T08:00:00.000-03:00,"CSV=1784286000000,0.008187,0.008294,0.008153,0.00829,4829468,0.0081375,0.0082663486,0.0080086514,1.5587127746,3.1667866574,27.2120747402,16.0999573842,32.7971703617,0.008458,2.9302210082,13134546.7,0.3676920194,-0.2947837549,0.0083542102,1,0.00796875,0.0001975474"
2026-07-17T09:00:00.000-03:00,"CSV=1784289600000,0.008288,0.008316,0.008204,0.008237,6068643,0.00814396,0.0082694956,0.0080184244,1.5180568599,3.0829141089,26.9154247635,15.4689738087,32.4111112559,0.008458,3.4149403641,12094969.5,0.501749343,0.3746255248,0.0083542102,1,0.0079714192,0.0001889926"
2026-07-17T10:00:00.000-03:00,"CSV=1784293200000,0.008241,0.008304,0.008121,0.008287,13884114,0.00815036,0.0082748636,0.0080258564,1.5046002181,3.0551685082,25.1873143731,17.3878245553,31.4716606785,0.008458,3.7561036685,12970640.1,1.0704262776,1.5899610392,0.0083542102,1,0.0079745593,0.0001883934"
2026-07-17T11:00:00.000-03:00,"CSV=1784296800000,0.008289,0.008367,0.007944,0.008063,31169851,0.00815178,0.0082748662,0.0080286938,1.487470527,3.0198605903,21.7317605928,20.7430664135,29.5287311643,0.008458,1.4213836478,15545471.5,2.0050759477,2.009968081,0.0083542102,1,0.0079754393,0.000211854"
2026-07-17T12:00:00.000-03:00,"CSV=1784300400000,0.008055,0.008088,0.008001,0.008079,5877352,0.00815006,0.0082735497,0.0080265703,1.4925837901,3.0303988217,21.0940297001,20.1343493146,27.7153302844,0.008458,3.7631646545,15068472.1,0.3900429958,1.8292440592,0.0083542102,1,0.0079764698,0.0001993686"
2026-07-17T13:00:00.000-03:00,"CSV=1784304000000,0.008076,0.008109,0.007922,0.007959,14040222,0.00814762,0.0082736297,0.0080216103,1.5230276168,3.0931649907,19.7587058193,21.5340913905,26.1542752155,0.008458,-0.6491074772,13132753,1.0690996777,0.9881758412,0.0083542102,1,0.0079762959,0.0001981318"
2026-07-17T14:00:00.000-03:00,"CSV=1784307600000,0.007956,0.008054,0.007953,0.008026,5446341,0.00814794,0.0082736197,0.0080222603,1.5190407954,3.0849431356,19.0604676199,20.7731141618,24.6972904845,0.008458,-1.0357583231,12109717.1,0.4497496477,0.5035065805,0.0083542102,1,0.0079767905,0.0001884186"
2026-07-17T15:00:00.000-03:00,"CSV=1784311200000,0.008026,0.00806,0.007985,0.008038,2683879,0.00814858,0.008273615,0.008023545,1.5112505082,3.0688794731,18.7579994083,20.2050363096,23.2983958551,0.008458,-2.7465214761,9741957,0.2754969048,0.0834516651,0.0083542102,1,0.0079773995,0.0001770767"
2026-07-17T16:00:00.000-03:00,"CSV=1784314800000,0.008026,0.008035,0.007888,0.007904,6835828,0.00814508,0.00827439,0.00801577,1.5627736967,3.1751680851,17.719624956,22.6662700514,22.5617326229,0.008458,-4.5064636946,10076296.7,0.6784067801,-0.9634373982,0.0083542102,1,0.0079766692,0.0001743691"
2026-07-17T17:00:00.000-03:00,"CSV=1784318400000,0.007898,0.007915,0.007784,0.007812,8815393,0.00813794,0.0082753354,0.0080005446,1.6603000966,3.3766629311,16.8469891428,25.4597015609,22.4148039292,0.008458,-4.6503112413,9965109.1,0.8846258392,-2.0135534269,0.0083542102,1,0.0079750307,0.0001700321"
2026-07-17T18:00:00.000-03:00,"CSV=1784322000000,0.007809,0.008029,0.007809,0.007992,9069392,0.00813764,0.008275337,0.007999943,1.6639446047,3.3842004299,19.6936150345,23.3873031063,21.4920728582,0.008458,-3.5946924005,10389101.5,0.8729717387,-2.3883905762,0.0083542102,1,0.0079751995,0.0001750289"
2026-07-17T19:00:00.000-03:00,"CSV=1784325600000,0.007992,0.008102,0.007932,0.008036,14166582,0.0081369,0.0082750411,0.0079987589,1.6693708398,3.3954238959,21.1614012616,21.9106939796,20.1752429671,0.008458,-2.4402088139,11198895.4,1.2649981533,-2.6212135986,0.0083542102,1,0.0079758045,0.000174526"
2026-07-17T20:00:00.000-03:00,"CSV=1784329200000,0.008032,0.008174,0.008009,0.008151,7970242,0.00813764,0.0082757556,0.0079995244,1.6689179356,3.3944870749,22.5461310042,20.5607300007,19.1372778136,0.008458,-1.6411246531,10607508.2,0.7513774064,-2.1585103942,0.0083542102,1,0.0079775478,0.0001735734"
2026-07-17T21:00:00.000-03:00,"CSV=1784332800000,0.008155,0.008319,0.008133,0.008259,10646512,0.00814214,0.0082804708,0.0080038092,1.6705664256,3.3978969773,26.3839212785,19.1366811386,18.9228453839,0.008458,2.4308570011,8555174.3,1.2444529622,-0.4306445309,0.0083542102,1,0.0079803483,0.0001748161"
2026-07-17T22:00:00.000-03:00,"CSV=1784336400000,0.008264,0.008561,0.008199,0.008376,25710572,0.0081493,0.00829026,0.00800834,1.7003089082,3.4594389652,31.4908233822,16.7216422013,19.7035578399,0.008561,3.6761975492,10538496.3,2.4396812665,2.702487077,0.0077993966,-1,0.0079842851,0.0001935345"
2026-07-17T23:00:00.000-03:00,"CSV=1784340000000,0.008376,0.008406,0.008194,0.008233,12754230,0.00815124,0.0082926703,0.0080098097,1.705486156,3.4701553308,29.1801648449,15.6677371146,20.3986175452,0.008561,3.4426435482,10409897.1,1.2252023125,3.2076363301,0.0077993966,-1,0.0079867599,0.000195381"
2026-07-18T00:00:00.000-03:00,"CSV=1784343600000,0.00823,0.008493,0.00822,0.008331,21252357,0.00815588,0.0082993119,0.0080124481,1.7282382789,3.5172632476,29.4272716336,14.2273904991,21.3599403849,0.008561,3.8001495141,11990498.7,1.7724331182,4.3835945044,0.0077993966,-1,0.0079901852,0.0002031429"
2026-07-18T01:00:00.000-03:00,"CSV=1784347200000,0.00833,0.008559,0.008278,0.008529,14646341,0.0081644,0.0083168092,0.0080119908,1.8325439801,3.7335061015,28.8805131462,12.9177433869,22.4819468457,0.008561,6.1084846977,13186744.9,1.1106866108,5.1839337249,0.0077993966,-1,0.0079955465,0.0002109286"
2026-07-18T02:00:00.000-03:00,"CSV=1784350800000,0.008532,0.00854,0.008164,0.008242,22707514,0.00816504,0.0083177063,0.0080123737,1.8354374639,3.7395113196,25.5135067501,14.946469244,22.7243011186,0.008561,4.2763157895,14773913.5,1.5370006058,5.646855803,0.0077993966,-1,0.0079979988,0.0002274358"
2026-07-18T03:00:00.000-03:00,"CSV=1784354400000,0.008242,0.008383,0.008186,0.008349,14033592,0.00816418,0.008315682,0.008012678,1.8218834916,3.711384077,23.9463245008,14.0283735264,22.9504984399,0.008561,6.8740399386,15295733.4,0.9174840874,5.866844622,0.0077993966,-1,0.0080014913,0.0002243922"
2026-07-18T04:00:00.000-03:00,"CSV=1784358000000,0.008349,0.008377,0.008229,0.008298,8480852,0.0081659,0.0083184199,0.0080133801,1.8335204804,3.7355327183,22.8181197692,13.3674421426,23.1616159398,0.008561,3.8288288288,15236879.4,0.5566003233,4.621605536,0.0077993966,-1,0.0080044417,0.000216753"
2026-07-18T05:00:00.000-03:00,"CSV=1784361600000,0.008314,0.008496,0.008301,0.008425,11236203,0.00816764,0.0083225903,0.0080126897,1.8618035775,3.7942486113,25.1766640504,12.5218074845,23.8554161947,0.008561,4.8407167745,14943841.5,0.7518952205,4.2943076262,0.0077993966,-1,0.0080086263,0.0002148777"
2026-07-18T06:00:00.000-03:00,"CSV=1784365200000,0.008426,0.008456,0.008183,0.008384,18881071,0.0081679,0.0083232018,0.0080125982,1.8658901542,3.8027351694,23.0249079457,15.1457624292,23.6411807178,0.008561,2.8585449638,16034924.4,1.1774967271,3.9848475305,0.0077993966,-1,0.0080123614,0.0002206899"
2026-07-18T07:00:00.000-03:00,"CSV=1784368800000,0.008384,0.008436,0.0083,0.008408,7077879,0.00816914,0.0083260976,0.0080121824,1.8851277413,3.8426951958,22.0203863495,14.4849890838,23.441227606,0.008561,1.8040925051,15678061.1,0.4514511683,2.9280515767,0.0077993966,-1,0.0080162981,0.0002122209"
2026-07-18T08:00:00.000-03:00,"CSV=1784372400000,0.008401,0.008434,0.00832,0.008334,6887701,0.00816996,0.0083276678,0.0080122522,1.8937814206,3.8606755984,21.1901080023,13.938832781,23.2546047016,0.008561,-0.5014326648,13795774,0.499261658,1.8685856833,0.0077993966,-1,0.0080194593,0.0002023988"
2026-07-18T09:00:00.000-03:00,"CSV=1784376000000,0.008329,0.008505,0.008325,0.008347,12471321,0.0081731,0.0083327268,0.0080134732,1.9156615723,3.9061517934,22.2846720472,13.1030343811,23.4340203838,0.008561,1.3846714442,13767483.1,0.9058533727,1.6638268881,0.0078145232,-1,0.0080227184,0.0002001589"
2026-07-18T10:00:00.000-03:00,"CSV=1784379600000,0.008345,0.008357,0.008244,0.008326,11321905,0.00817546,0.0083364518,0.0080144682,1.931179241,3.9384163612,21.4207415781,15.3739966165,22.9673338205,0.008561,-0.0600168047,12774437.9,0.8862937914,1.091487085,0.0078145232,-1,0.0080257361,0.0001914431"
2026-07-18T11:00:00.000-03:00,"CSV=1784383200000,0.008319,0.008447,0.008226,0.008344,20382250,0.00817734,0.008339734,0.008014946,1.9472328463,3.9718060037,22.8710462222,14.2189066773,22.9913414449,0.008561,-2.169070231,13348028.8,1.5269857674,-0.3763884004,0.0078145232,-1,0.0080289029,0.0001943987"
2026-07-18T12:00:00.000-03:00,"CSV=1784386800000,0.008344,0.008379,0.008264,0.008371,4597345,0.00817838,0.0083418409,0.0080149191,1.9595306511,3.9973914122,21.9515234766,13.6472403013,23.013748561,0.008561,1.5651540888,11537011.9,0.3984866307,-0.0430279405,0.0078145232,-1,0.0080323069,0.0001864589"
2026-07-18T13:00:00.000-03:00,"CSV=1784390400000,0.008366,0.008371,0.008303,0.008353,4973825,0.00818096,0.0083461297,0.0080157903,1.9789978285,4.0379057235,21.4062782074,13.30826186,23.0346618694,0.008561,0.0479099293,10631035.2,0.4678589532,-0.0212135972,0.0078145232,-1,0.0080354979,0.000174613"
2026-07-18T14:00:00.000-03:00,"CSV=1784394000000,0.008352,0.008618,0.008342,0.008536,12988747,0.008189,0.0083613176,0.0080166824,2.0608906597,4.2085141953,28.0437884737,12.0108863654,24.1675205971,0.008618,2.8681610027,11081824.7,1.1720765624,1.106425698,0.0079257449,-1,0.008040478,0.0001847517"
2026-07-18T15:00:00.000-03:00,"CSV=1784397600000,0.008536,0.008735,0.0084,0.008681,25509465,0.00819944,0.008384933,0.008013947,2.2122178254,4.5245280672,28.8180603173,10.6594983367,25.6228309312,0.008735,3.0385756677,12509150.9,2.0392643117,2.8031034378,0.0079681704,-1,0.0080468513,0.0001997765"
2026-07-18T16:00:00.000-03:00,"CSV=1784401200000,0.008681,0.008701,0.008488,0.008517,15298764,0.00820794,0.0083979964,0.0080178836,2.2631154225,4.6310365473,26.7664546961,9.9006309298,26.9811205765,0.008735,1.5863549618,12150920.2,1.2590621737,2.5345088008,0.0079912034,-1,0.0080515294,0.0002010989"
2026-07-18T17:00:00.000-03:00,"CSV=1784404800000,0.008528,0.008641,0.008408,0.008408,16248718,0.00821444,0.0084056662,0.0080232138,2.2749674066,4.6558539736,24.7050887657,11.7823776877,27.5435025043,0.008735,0,13068004.1,1.2433970693,1.6896725338,0.0079912034,-1,0.0080550764,0.000204289"
2026-07-18T18:00:00.000-03:00,"CSV=1784408400000,0.008407,0.008569,0.008371,0.008531,10495946,0.00822178,0.0084179098,0.0080256502,2.3299107214,4.7709810416,23.0862969056,12.2347919224,27.7554325504,0.008735,2.3638108951,13428828.6,0.7815980316,1.7422983368,0.0079912034,-1,0.008059812,0.0002036601"
2026-07-18T19:00:00.000-03:00,"CSV=1784412000000,0.008529,0.008538,0.008436,0.008454,4559985,0.00822768,0.0084262544,0.0080291056,2.3566148652,4.8269831325,22.280496176,11.8077505351,27.9532339267,0.008735,1.2818976878,12637695,0.360824106,1.3157120869,0.0079912034,-1,0.0080637342,0.0001934941"
2026-07-18T20:00:00.000-03:00,"CSV=1784415600000,0.008454,0.008493,0.008405,0.008441,3842621,0.00823126,0.0084320223,0.0080304977,2.3809510972,4.8780460863,21.5841051726,12.5397425172,27.8566531193,0.008735,1.3812154696,11889766.6,0.3231872525,1.0259384688,0.0079912034,-1,0.0080674881,0.0001829447"
2026-07-18T21:00:00.000-03:00,"CSV=1784419200000,0.008447,0.008512,0.008304,0.008415,17883348,0.00823414,0.0084364784,0.0080318016,2.3983754837,4.9146220579,20.0009522975,15.1815903173,26.9127537677,0.008735,0.8509108341,11639876.4,1.5363864173,1.1197349285,0.0079912034,-1,0.008070946,0.0001854502"
2026-07-18T22:00:00.000-03:00,"CSV=1784422800000,0.00841,0.008588,0.0084,0.008574,10282419,0.00824254,0.0084500296,0.0080350504,2.4554894646,5.0346030773,21.3555106555,14.1747470707,26.4659219981,0.008735,2.4250388245,12208383.8,0.8422424433,1.4273134939,0.0079912034,-1,0.0080759515,0.0001857052"
2026-07-18T23:00:00.000-03:00,"CSV=1784426400000,0.008567,0.008811,0.008535,0.008735,16427651,0.00825346,0.0084719221,0.0080349979,2.5786603769,5.2938306677,26.9705828129,12.8357481215,27.0687946419,0.008811,4.5732072309,13353766.4,1.2301885856,2.8268447743,0.008088796,-1,0.0080825092,0.0001947347"
2026-07-19T00:00:00.000-03:00,"CSV=1784430000000,0.008738,0.008884,0.008675,0.008869,15786001,0.00826976,0.0085026593,0.0080368607,2.7391352555,5.6325537774,27.5370552657,11.9220235171,27.9023898326,0.008884,3.9011246485,13633491.8,1.1578839252,3.3902463565,0.0081910164,-1,0.0080903349,0.0001961612"
2026-07-19T01:00:00.000-03:00,"CSV=1784433600000,0.008865,0.009058,0.008817,0.008902,24644663,0.0082885,0.0085335059,0.0080434941,2.8711048052,5.9119478286,31.1474865668,10.9582615677,29.238820983,0.009058,2.5457896556,13547011.6,1.8191955339,3.8039272948,0.0083355648,-1,0.0080984112,0.0002006451"
2026-07-19T02:00:00.000-03:00,"CSV=1784437200000,0.008886,0.008923,0.008726,0.008756,21026484,0.00830388,0.0085535687,0.0080541913,2.9191167726,6.0137828902,29.0880570992,13.2879275239,29.7752712581,0.009058,2.8061524011,14119783.6,1.4891505844,3.9288793593,0.0083355648,-1,0.0081049544,0.0002002806"
2026-07-19T03:00:00.000-03:00,"CSV=1784440800000,0.008756,0.009438,0.008737,0.009187,84362013,0.00832862,0.008602163,0.008055077,3.1799324132,6.5687465263,38.0227282631,10.6126798567,31.5474675805,0.009438,9.2649857279,20931113.1,4.0304599472,15.0666375354,0.0083364425,-1,0.008115721,0.0002503525"
2026-07-19T04:00:00.000-03:00,"CSV=1784444400000,0.009185,0.009198,0.008879,0.009031,49721456,0.00835352,0.0086331336,0.0080739064,3.2388425847,6.6945098038,34.6239755718,9.6640400333,33.2015174814,0.009438,5.8609776111,24853664.1,2.0005684393,13.9528539677,0.0083364425,-1,0.0081248283,0.0002572173"
2026-07-19T05:00:00.000-03:00,"CSV=1784448000000,0.009032,0.009305,0.008974,0.009105,30291413,0.0083754,0.008669769,0.008081031,3.3953494469,7.0293705893,34.4162821563,8.7904861168,34.9420616553,0.009438,7.7004968062,27426806.9,1.1044454832,12.1368289505,0.0083457134,-1,0.0081345812,0.0002645955"
2026-07-19T06:00:00.000-03:00,"CSV=1784451600000,0.009099,0.009629,0.009091,0.009574,58875959,0.00840468,0.008741013,0.008068347,3.8477572123,8.0034684594,37.9261652864,7.5949245062,37.054669765,0.009629,13.422580263,32930140.7,1.7879048722,16.090651517,0.0084841921,-1,0.0081489038,0.000291936"
2026-07-19T07:00:00.000-03:00,"CSV=1784455200000,0.009572,0.009631,0.009357,0.009558,63005239,0.00843054,0.008802916,0.008058164,4.2301431986,8.8339762424,35.3563703731,7.0702102,39.0290815102,0.009631,13.5828877005,37442329.8,1.6827275262,18.345867351,0.0086235729,-1,0.0081629247,0.0002901424"
2026-07-19T08:00:00.000-03:00,"CSV=1784458800000,0.009556,0.009689,0.009425,0.009443,33998755,0.00845386,0.0088515408,0.0080561792,4.4927864544,9.4082662192,34.4651826931,6.5995268543,40.9510037654,0.009689,10.1352927455,39813963.4,0.8539404796,15.11555715,0.0086944156,-1,0.0081756617,0.0002875281"
2026-07-19T09:00:00.000-03:00,"CSV=1784462400000,0.009443,0.009962,0.009337,0.009952,73151290,0.00848904,0.0089367452,0.0080413348,5.0097117081,10.5478397806,35.7964300155,5.646105624,43.0710783632,0.009962,13.9324556382,45486327.3,1.6082039229,17.5457813708,0.0086944156,-1,0.0081933367,0.0003212753"
2026-07-19T10:00:00.000-03:00,"CSV=1784466000000,0.009952,0.010178,0.009737,0.009817,175832993,0.00851958,0.0090032994,0.0080358606,5.372690216,11.355474922,37.0944952779,5.0901681579,45.2574871269,0.010178,10.6889164506,61491026.5,2.8594902868,21.885471836,0.0089577566,-1,0.0082094926,0.0003332478"
2026-07-19T11:00:00.000-03:00,"CSV=1784469600000,0.009815,0.009874,0.009223,0.009243,129865708,0.0085397,0.0090320914,0.0080473086,5.4515772243,11.5318205514,32.0960578336,15.0434241212,44.651977536,0.010178,3.8305998652,72013131,1.8033615008,16.8929666647,0.0089577566,-1,0.0082197762,0.000365023"
2026-07-19T12:00:00.000-03:00,"CSV=1784473200000,0.009245,0.009377,0.00908,0.009204,54341369,0.00855804,0.0090577016,0.0080583784,5.5164281817,11.6770102474,30.1126481521,17.089165392,43.5145833251,0.010178,5.1164915487,75344619.5,0.721237553,12.4920463913,0.0089577566,-1,0.0082295695,0.0003582207"
2026-07-19T13:00:00.000-03:00,"CSV=1784476800000,0.009213,0.00965,0.009191,0.009458,64282471,0.00858594,0.009096019,0.008075861,5.6077168583,11.8817273439,32.8384415671,15.5028427059,43.0043349084,0.010178,2.9498203984,73336665.3,0.8765393236,9.1899087865,0.0089577566,-1,0.0082417927,0.0003682986"
2026-07-19T14:00:00.000-03:00,"CSV=1784480400000,0.009469,0.009469,0.009304,0.009358,20170967,0.00861152,0.0091275704,0.0080954696,5.653754199,11.9851174807,31.7049148638,14.9677111544,42.5281030528,0.010178,3.6208614771,70381616.4,0.2865942562,6.4725118916,0.0089577566,-1,0.0082528992,0.0003479688"
2026-07-19T15:00:00.000-03:00,"CSV=1784484000000,0.009357,0.009391,0.009117,0.009363,32033410,0.0086396,0.0091575752,0.0081216248,5.6562485132,11.990722065,29.8704045264,18.0506262944,41.3372373038,0.010178,2.8336079077,70555816.1,0.4540151581,4.7438415751,0.0089577566,-1,0.008263945,0.0003405719"
2026-07-19T16:00:00.000-03:00,"CSV=1784487600000,0.009359,0.009397,0.00918,0.009367,16952628,0.00866642,0.0091866422,0.0081461978,5.662811027,12.0054690809,28.60185897,17.2058492947,40.2399501616,0.010178,-2.1621057029,66363483,0.2554511492,2.9784569212,0.0089577566,-1,0.0082749207,0.0003282147"
2026-07-19T17:00:00.000-03:00,"CSV=1784491200000,0.009362,0.009417,0.009222,0.009301,9911173,0.00869168,0.0092114383,0.0081719217,5.6425310932,11.9599034578,27.8108613774,16.4639876164,39.2658375363,0.010178,-2.6888470391,61054076.4,0.1623343368,1.8401405472,0.0089577566,-1,0.0082851304,0.0003148932"
2026-07-19T18:00:00.000-03:00,"CSV=1784494800000,0.0093,0.009323,0.00913,0.009169,12338815,0.00871698,0.0092285037,0.0082054563,5.542866789,11.7362587674,26.5948696774,17.8283573993,37.9637199333,0.010178,-2.9016202478,58888082.4,0.2095299167,1.0241016152,0.0089577566,-1,0.0082939252,0.0003027039"
2026-07-19T19:00:00.000-03:00,"CSV=1784498400000,0.009167,0.009238,0.008967,0.009056,21379971,0.00874186,0.009238807,0.008244913,5.3789091783,11.3693662409,24.9534417069,20.4402893908,36.0956210692,0.010178,-9.0032154341,53710950.5,0.398056091,-0.5118605039,0.0089577566,-1,0.008301508,0.0002995335"
2026-07-19T20:00:00.000-03:00,"CSV=1784502000000,0.009056,0.009167,0.009,0.009155,17026810,0.00876512,0.0092535698,0.0082766702,5.27850147,11.145308197,23.9763886742,19.639949022,34.3520621293,0.010178,-6.7434042987,37830332.2,0.4500835443,-1.3529387718,0.0089577566,-1,0.0083100004,0.0002862802"
2026-07-19T21:00:00.000-03:00,"CSV=1784505600000,0.009158,0.009261,0.008964,0.009196,26316682,0.00878832,0.0092690755,0.0083075645,5.1866603879,10.9407819809,24.5091475627,18.2763684958,33.0330911673,0.010178,-0.5084929136,27475429.6,0.9578260425,-1.0643084329,0.0089577566,-1,0.0083188164,0.0002873522"
2026-07-19T22:00:00.000-03:00,"CSV=1784509200000,0.009194,0.009288,0.009045,0.009074,16040476,0.00880678,0.0092803766,0.0083331834,5.1032048864,10.7552734111,23.7404857126,17.227830729,31.890672351,0.010178,-1.4124293785,23645340.3,0.6783778874,-1.0289259079,0.0089577566,-1,0.0083263306,0.0002829169"
2026-07-19T23:00:00.000-03:00,"CSV=1784512800000,0.009074,0.009436,0.00905,0.009279,20579088,0.00882718,0.0092987054,0.0083556546,5.0708713135,10.6834885849,25.0393821523,15.6953036774,31.2938858299,0.010178,-1.892577712,19275002,1.0676568542,-1.359491794,0.0089577566,-1,0.0083358099,0.0002932252"
2026-07-20T00:00:00.000-03:00,"CSV=1784516400000,0.009277,0.009316,0.009091,0.009173,15718907,0.00884312,0.0093125906,0.0083736494,5.0412462197,10.6177598568,23.7214955117,14.8692197544,30.736885077,0.010178,-1.9769181449,18829796,0.8347890227,-1.4564310514,0.0089577566,-1,0.0083441402,0.0002864027"
2026-07-20T01:00:00.000-03:00,"CSV=1784520000000,0.009175,0.009487,0.009072,0.009377,26136667,0.008866,0.009333049,0.008398951,5.0042492238,10.535732773,25.3686467381,13.4683503383,30.7305360178,0.010178,0.149524725,18240121.7,1.4329217442,-0.8995349577,0.0089577566,-1,0.0083544174,0.0002992624"
2026-07-20T02:00:00.000-03:00,"CSV=1784523600000,0.009389,0.009512,0.009231,0.009379,22569154,0.00888696,0.0093530441,0.0084208759,4.9832339564,10.4891676783,24.3148418227,12.6066976311,30.7958921246,0.010178,0.12810932,18801774.3,1.2003736264,-0.5484302888,0.0089577566,-1,0.0083646122,0.0002974362"
2026-07-20T03:00:00.000-03:00,"CSV=1784527200000,0.009386,0.009515,0.009085,0.009117,34071008,0.00889872,0.0093630386,0.0084344014,4.9590584657,10.4356257117,22.0065285401,14.6332409648,30.08441452,0.010178,-1.9782819052,21217757.8,1.6057779677,-1.424514025,0.0089577566,-1,0.0083720987,0.0003106926"
2026-07-20T04:00:00.000-03:00,"CSV=1784530800000,0.009118,0.009474,0.009112,0.00942,24479975,0.00892228,0.009382547,0.008462013,4.9055652941,10.3172500246,20.2707421104,13.4790297932,29.4203687557,0.010178,2.7374850038,22431873.8,1.0913031706,0.0461326714,0.0089577566,-1,0.0083825256,0.0003158233"
2026-07-20T05:00:00.000-03:00,"CSV=1784534400000,0.009427,0.00946,0.009163,0.009168,13487619,0.00893866,0.0093927657,0.0084845543,4.8346319934,10.1604860985,18.9563906797,12.6050518206,28.800592709,0.010178,1.2367491166,21642638.6,0.6231966097,0.2876677331,0.0089577566,-1,0.0083903412,0.000313941"
2026-07-20T06:00:00.000-03:00,"CSV=1784538000000,0.009168,0.009236,0.008575,0.008764,64693732,0.00894798,0.0093935429,0.0085024171,4.7432891573,9.9589606136,16.4179398903,22.8292263768,27.9695976784,0.009874,-4.2708902239,26409330.8,2.4496543472,-3.2956231124,0.0099423405,1,0.0083940592,0.0003486469"
2026-07-20T07:00:00.000-03:00,"CSV=1784541600000,0.008765,0.008798,0.008616,0.008721,20014821,0.0089539,0.0093944128,0.0085133872,4.6890930747,9.8395728799,15.794006038,21.9616432784,27.1940023165,0.00965,-5.1652892562,25779144.7,0.7763958515,-3.5338517917,0.0097029466,1,0.0083973124,0.0003319822"
2026-07-20T08:00:00.000-03:00,"CSV=1784545200000,0.008717,0.008838,0.008649,0.008787,14247406,0.00896196,0.0093956049,0.0085283151,4.6154018355,9.6774572086,16.0118587991,21.0706952057,26.2905416779,0.00965,-3.1628829623,25599837.7,0.5565428253,-2.9426611344,0.009696552,1,0.0084011899,0.000317684"
2026-07-20T09:00:00.000-03:00,"CSV=1784548800000,0.008786,0.008882,0.008638,0.008704,18534310,0.00896788,0.0093959061,0.0085398539,4.5554527104,9.5457579082,16.1192375784,19.9511375404,25.2460655164,0.009515,-6.196788447,25395359.9,0.7298305703,-3.4693093051,0.0096909468,1,0.0084042029,0.0003103156"
2026-07-20T10:00:00.000-03:00,"CSV=1784552400000,0.008702,0.008712,0.008526,0.008593,22851435,0.00897306,0.0093949061,0.0085512139,4.4901572737,9.4025016595,15.448814283,21.6257742762,24.6737211249,0.009515,-6.3229041753,26108612.7,0.8752450872,-4.1575698089,0.0095126521,1,0.0084060815,0.000297884"
2026-07-20T11:00:00.000-03:00,"CSV=1784556000000,0.008595,0.008669,0.00847,0.008635,18097671,0.00897882,0.0093939918,0.0085636482,4.4195456787,9.2478022,14.7457812326,21.9222507885,24.3335704444,0.009515,-7.9129785646,25304713.1,0.7151897328,-4.6581402143,0.0094334869,1,0.0084083593,0.0002879956"
2026-07-20T12:00:00.000-03:00,"CSV=1784559600000,0.00865,0.008975,0.008632,0.008952,23197477,0.00899134,0.0093959407,0.0085867393,4.3061225497,8.9997869549,20.5188106704,20.2227366455,22.7597799324,0.009515,-4.552724171,25367545.4,0.9144549319,-4.4931805,0.0094334869,1,0.0084137686,0.0002934961"
2026-07-20T13:00:00.000-03:00,"CSV=1784563200000,0.008952,0.009173,0.008938,0.00908,29677183,0.00900606,0.0094000921,0.0086120279,4.1917897878,8.7503769844,23.9506544785,19.1338587764,21.9877864212,0.009515,-0.4058352528,24928162.9,1.1905082263,-3.1565037357,0.0094334869,1,0.0084203978,0.0002876465"
2026-07-20T14:00:00.000-03:00,"CSV=1784566800000,0.009075,0.009232,0.009071,0.009171,11390357,0.00902206,0.0094060956,0.0086380244,4.0828379724,8.5132584953,24.4333455076,18.4063662415,21.4598455741,0.009515,-2.6433121019,23619201.1,0.4822498844,-2.5292481423,0.0094334869,1,0.0084278665,0.0002749818"
2026-07-20T15:00:00.000-03:00,"CSV=1784570400000,0.009172,0.009205,0.00908,0.009142,9719600,0.00903784,0.0094100889,0.0086655911,3.9558490674,8.2375637226,23.6842570533,17.842055618,20.9671007834,0.009515,-0.2835951134,23242399.2,0.4181840229,-1.7256970767,0.0094334869,1,0.0084349723,0.0002599836"
2026-07-20T16:00:00.000-03:00,"CSV=1784574000000,0.009145,0.009319,0.009138,0.009187,13239936,0.00905086,0.0094166575,0.0086850625,3.8845794128,8.0831554168,25.4686257032,17.0319416634,20.8926778156,0.009515,4.8265632131,18097019.6,0.7316086457,0.0265870741,0.0094334869,1,0.0084424551,0.0002520853"
2026-07-20T17:00:00.000-03:00,"CSV=1784577600000,0.00919,0.009484,0.00919,0.009481,14861379,0.00906686,0.0094336247,0.0087000953,3.8878445901,8.0902245372,27.6927884722,15.7728630297,21.3280847505,0.009515,8.7145969499,17581675.4,0.8452766111,2.4731397084,0.0085672698,-1,0.0084527889,0.0002565767"
2026-07-20T18:00:00.000-03:00,"CSV=1784581200000,0.00948,0.010143,0.009461,0.009851,52840583,0.00909354,0.0094677793,0.0087193007,3.9527679376,8.2308836033,38.301084297,13.345594776,23.1275217827,0.010143,12.1087970866,21440993.1,2.464465277,11.5959964611,0.0089046428,-1,0.0084667015,0.0002991191"
2026-07-20T19:00:00.000-03:00,"CSV=1784584800000,0.009851,0.009942,0.009571,0.009837,34720245,0.00912212,0.009497478,0.008746762,3.952186009,8.2296219867,35.148499401,12.2471109787,24.8069963461,0.010143,13.0170036765,23059586.6,1.5056750844,14.2637903438,0.0089046428,-1,0.0084803363,0.0003063072"
2026-07-20T20:00:00.000-03:00,"CSV=1784588400000,0.009838,0.009947,0.009586,0.009717,32562152,0.00914584,0.0095205668,0.0087711132,3.93597154,8.1944752955,32.4801408537,11.2792100189,26.3831242756,0.010143,13.0804142907,24030658.3,1.3550253844,15.4172913632,0.0089046428,-1,0.0084926414,0.0003117764"
2026-07-20T21:00:00.000-03:00,"CSV=1784592000000,0.009717,0.010118,0.009706,0.009773,35793146,0.00917222,0.0095437278,0.0088007122,3.8926901939,8.1007161718,33.2754214965,10.2852574265,28.1427381137,0.010143,13.1789229878,25800205.8,1.387320174,16.3726561531,0.0089466036,-1,0.0085053813,0.0003217988"
2026-07-20T22:00:00.000-03:00,"CSV=1784595600000,0.009772,0.009995,0.009652,0.009958,19307292,0.00920256,0.0095750554,0.0088300646,3.8902691901,8.0954741155,30.8504397504,10.683028306,29.5036897665,0.010143,11.2377122431,25411187.3,0.7597949585,13.7612231378,0.0089466036,-1,0.0085198352,0.0003239189"
2026-07-20T23:00:00.000-03:00,"CSV=1784599200000,0.009959,0.010938,0.009913,0.010423,190068552,0.00924272,0.009635816,0.008849624,4.0795301611,8.5060679289,42.4192990568,8.6619107226,31.9424921823,0.010938,14.7907488987,41450324.2,4.5854539299,31.7815813133,0.0092434189,-1,0.0085387722,0.000394027"
2026-07-21T00:00:00.000-03:00,"CSV=1784602800000,0.010433,0.010623,0.009748,0.00984,107614773,0.00926804,0.0096580073,0.0088780727,4.0377617928,8.4153139156,36.1618754248,10.1658461461,33.5538816569,0.010938,7.2947333988,51072765.8,2.1070872375,26.311267424,0.0092434189,-1,0.0085517197,0.0004421243"
2026-07-21T01:00:00.000-03:00,"CSV=1784606400000,0.009831,0.010173,0.00967,0.009797,59527894,0.00928928,0.0096785572,0.0089000028,4.0220579493,8.3812131483,33.1499888529,10.6107020513,34.7506751262,0.010938,7.1647341938,56053595.2,1.0619817299,20.0771172206,0.0092434189,-1,0.0085641106,0.0004482119"
2026-07-21T02:00:00.000-03:00,"CSV=1784610000000,0.009795,0.010185,0.009752,0.009847,46194208,0.00930884,0.0097010676,0.0089166124,4.0431380584,8.426990997,30.9828034402,9.8537435733,35.8833344047,0.010938,7.1840644389,59349022.4,0.7783482546,15.2486461528,0.0092434189,-1,0.0085768756,0.0004466907"
2026-07-21T03:00:00.000-03:00,"CSV=1784613600000,0.009849,0.009942,0.009709,0.009755,14991822,0.0093259,0.0097186114,0.0089331886,4.0408175888,8.4219508488,29.7588217589,10.1935353396,36.7558817584,0.010938,2.8899905073,59362066.7,0.2525488554,10.4090520335,0.0092434189,-1,0.0085885983,0.0004253216"
2026-07-21T04:00:00.000-03:00,"CSV=1784617200000,0.009758,0.009955,0.009716,0.009858,9808880,0.00934794,0.0097389686,0.0089569114,4.015092149,8.3660905425,28.7468788699,9.7693786206,37.5902498067,0.010938,0.0710587758,55058896.4,0.1781524993,6.9435877885,0.0092434189,-1,0.0086012291,0.0004066895"
2026-07-21T05:00:00.000-03:00,"CSV=1784620800000,0.009859,0.009859,0.009208,0.009486,66547519,0.00935392,0.0097447278,0.0089631122,4.0104539498,8.356022327,25.6339872969,17.1614758581,36.4040788895,0.010938,-3.5681610247,58241623.8,1.1426109826,3.2700518674,0.0092434189,-1,0.0086100328,0.0004311205"
2026-07-21T06:00:00.000-03:00,"CSV=1784624400000,0.009478,0.009587,0.009225,0.009334,26201723,0.00935998,0.0097480733,0.0089718867,3.9812309627,8.2926098775,24.0804264287,16.1213958649,35.2969860335,0.010938,-3.9415457446,57605580.9,0.4548469539,1.5824345531,0.0092434189,-1,0.0086172365,0.0004242085"
2026-07-21T07:00:00.000-03:00,"CSV=1784628000000,0.009344,0.009397,0.009317,0.009374,7533166,0.00936536,0.0097517421,0.0089789779,3.9621851681,8.2513022085,23.7397571117,15.8933241182,34.2636993679,0.010938,-4.0826767625,54779582.9,0.1375177685,0.8678095028,0.0092434189,-1,0.0086247664,0.0003897876"
2026-07-21T08:00:00.000-03:00,"CSV=1784631600000,0.009383,0.009551,0.009376,0.009444,14206767,0.00936276,0.0097481655,0.0089773545,3.9536211056,8.2327332923,25.7926167111,15.3776155486,33.6659465344,0.010938,-5.161679052,54269530.4,0.2617816461,0.1281287223,0.0092434189,-1,0.008632918,0.0003685089"
2026-07-21T09:00:00.000-03:00,"CSV=1784635200000,0.00945,0.00956,0.009313,0.009556,23513518,0.00936272,0.0097481054,0.0089773346,3.9534386747,8.2323377747,24.5991858819,15.8462618034,32.864303994,0.010938,-8.3181425693,37614027,0.6251263126,-1.6478774491,0.0092434189,-1,0.0086421029,0.000356358"
2026-07-21T10:00:00.000-03:00,"CSV=1784638800000,0.009552,0.009574,0.009327,0.009381,20598861,0.00936148,0.0097467048,0.0089762552,3.952359149,8.2299973513,23.7049976886,15.0977850613,32.1521468479,0.010938,-4.6646341463,28912435.8,0.712456783,-2.2063683787,0.0092434189,-1,0.0086494551,0.0003454222"
2026-07-21T11:00:00.000-03:00,"CSV=1784642400000,0.009377,0.009451,0.00913,0.009222,31127020,0.00934688,0.0097231775,0.0089705825,3.8701080047,8.051830548,22.2421486065,17.9533143547,30.7200001345,0.010938,-5.8691436154,26072348.4,1.1938709748,-3.806578989,0.0103194399,1,0.0086551521,0.00034298"
2026-07-21T12:00:00.000-03:00,"CSV=1784646000000,0.009222,0.009416,0.009211,0.00927,14332297,0.00933594,0.0097063156,0.0089655644,3.8158203177,7.934403205,21.3410198917,17.225945458,29.3833298687,0.010938,-5.8596526861,22886157.3,0.6262430522,-3.7609082536,0.0103010459,1,0.00866127,0.000329182"
2026-07-21T13:00:00.000-03:00,"CSV=1784649600000,0.009271,0.009471,0.009221,0.009446,18736966,0.00934,0.0097104471,0.0089695529,3.814933855,7.9324868358,21.3741504972,16.359901102,28.3103341347,0.010938,-3.1676063557,23260671.7,0.8055212782,-3.3577969426,0.0103010459,1,0.0086690782,0.0003212638"
2026-07-21T14:00:00.000-03:00,"CSV=1784653200000,0.009445,0.009522,0.009297,0.009386,11332944,0.00934364,0.0097136268,0.0089736532,3.8089459819,7.9195430818,21.4339143554,15.6034457231,27.4724537259,0.010938,-4.7879894502,23413078.1,0.4840433177,-3.0110627278,0.0103010459,1,0.0086762118,0.0003116374"
2026-07-21T15:00:00.000-03:00,"CSV=1784656800000,0.009385,0.009547,0.00929,0.009527,13640751,0.00934502,0.009715559,0.008974481,3.8138725496,7.9301925355,20.8069679474,14.767781648,26.772693294,0.010938,0.4322158971,18122401.3,0.7527010783,-1.898932028,0.0103010459,1,0.0086846773,0.0003061737"
2026-07-21T16:00:00.000-03:00,"CSV=1784660400000,0.009522,0.009612,0.009501,0.009523,10105209,0.00934832,0.0097196937,0.0089769463,3.8208379154,7.9452509931,21.7199608198,14.4106343287,26.3365335013,0.010938,2.0248553675,16512749.9,0.6119640315,-0.8529084673,0.0103010459,1,0.0086930189,0.0002866563"
2026-07-21T17:00:00.000-03:00,"CSV=1784664000000,0.009524,0.009579,0.009501,0.009532,4296575,0.0093517,0.00972396,0.00897944,3.8282754893,7.961332728,21.331551692,14.1529348809,25.9294510282,0.010938,1.6855131214,16189090.8,0.2653994009,-0.419494254,0.0103010459,1,0.0087013669,0.0002657907"
2026-07-21T18:00:00.000-03:00,"CSV=1784667600000,0.009531,0.009616,0.009505,0.009531,5532841,0.00935498,0.0097280819,0.0089818781,3.8353078571,7.9765406026,21.6501069526,13.7772829991,25.6823157323,0.010938,0.9212198221,15321698.2,0.3611114726,-0.1687751538,0.0103010459,1,0.008709622,0.0002503116"
2026-07-21T19:00:00.000-03:00,"CSV=1784671200000,0.009534,0.009841,0.009515,0.009671,12557134,0.00936238,0.0097379986,0.0089867614,3.857246697,8.0239988236,25.3014047735,12.7152865676,26.1772827946,0.010623,1.2034323985,14226059.8,0.8826853097,0.2415672639,0.0103010459,1,0.0087191879,0.0002578804"
2026-07-21T20:00:00.000-03:00,"CSV=1784674800000,0.009671,0.009957,0.009643,0.009849,18782981,0.00937598,0.0097566274,0.0089953326,3.9014241826,8.1196295563,26.1592180521,11.7783319829,26.9592461892,0.010185,4.9888071634,14044471.8,1.3373931941,2.3850437583,0.0103010459,1,0.0087304298,0.0002634924"
2026-07-21T21:00:00.000-03:00,"CSV=1784678400000,0.00985,0.009859,0.009575,0.009635,12093075,0.00938756,0.0097671024,0.0090080176,3.8859264592,8.0860717189,24.4157485787,12.5891315041,27.2926040863,0.010185,4.4784211668,12141077.3,0.9960462899,3.0769341014,0.0103010459,1,0.0087394305,0.0002655432"
2026-07-21T22:00:00.000-03:00,"CSV=1784682000000,0.009633,0.009645,0.009461,0.009563,10273556,0.00939572,0.00977456,0.00901688,3.8757756901,8.0640977193,23.3361043818,14.7721166463,26.9712844157,0.009957,3.1607335491,11735203.2,0.8754476446,2.9736416478,0.0103010459,1,0.0087476253,0.0002573888"
2026-07-21T23:00:00.000-03:00,"CSV=1784685600000,0.009566,0.00961,0.009517,0.00956,5549765,0.009403,0.0097814293,0.0090245707,3.8688551542,8.0491190663,22.7903589306,14.4266512964,26.6713860565,0.009957,1.2068600466,10416483.1,0.532786829,2.196760811,0.0102863499,1,0.0087557086,0.00024095"
2026-07-22T00:00:00.000-03:00,"CSV=1784689200000,0.00956,0.009565,0.00938,0.009427,12778918,0.00941006,0.0097855671,0.0090345529,3.8373569975,7.9809723977,21.7083268883,17.2576185741,25.6547634031,0.009957,0.4368207969,10561080.5,1.2100010032,1.6406917415,0.0101785649,1,0.0087623881,0.000235355"
2026-07-22T01:00:00.000-03:00,"CSV=1784692800000,0.009432,0.009489,0.00935,0.009384,7670421,0.00941216,0.0097872217,0.0090370983,3.8321566652,7.9697257051,20.9091700029,17.4168406846,24.5519235072,0.009957,-1.5009971659,9964047.5,0.7698097585,0.708633739,0.0100966584,1,0.0087685733,0.0002257195"
2026-07-22T02:00:00.000-03:00,"CSV=1784696400000,0.009383,0.009416,0.009326,0.009394,7289968,0.00941658,0.0097900962,0.0090430638,3.8152456088,7.9331607862,20.3884773864,17.6471853655,23.3956061064,0.009957,-1.3546151423,9682523.4,0.7528996005,0.1324594262,0.0100074425,1,0.0087747965,0.0002121475"
2026-07-22T03:00:00.000-03:00,"CSV=1784700000000,0.009394,0.009577,0.009281,0.009545,15787581,0.00941994,0.0097938405,0.0090460395,3.8177106351,7.9384898411,23.1316282163,16.2235374207,23.0061123425,0.009957,0.1363827109,10831624,1.4575451474,0.1545676036,0.0100074425,1,0.0087824602,0.0002205328"
2026-07-22T04:00:00.000-03:00,"CSV=1784703600000,0.009545,0.009752,0.009485,0.009588,16629588,0.00942412,0.0097987071,0.0090495329,3.8228212948,7.9495392696,26.1991494581,15.0501266098,23.2742654212,0.009957,0.5980484734,11941298.7,1.3926113413,0.3806614313,0.0100074425,1,0.0087904755,0.0002251795"
2026-07-22T05:00:00.000-03:00,"CSV=1784707200000,0.009578,0.00987,0.009578,0.009854,13802784,0.00943886,0.0098155664,0.0090621536,3.8378463817,7.9820308453,27.3094973928,13.8742821783,23.8974870045,0.009957,1.8922551959,12065863.7,1.1439532505,0.9753247816,0.0100074425,1,0.0088010578,0.0002318615"
2026-07-22T06:00:00.000-03:00,"CSV=1784710800000,0.009852,0.010153,0.009827,0.010147,28543695,0.0094534,0.0098429105,0.0090638895,3.9572691786,8.2406427738,32.3949032839,12.6884674124,25.2183943339,0.010153,3.0256878871,13041935.1,2.1886088821,2.8575656492,0.0092661738,-1,0.0088144503,0.0002412754"
2026-07-22T07:00:00.000-03:00,"CSV=1784714400000,0.010147,0.010289,0.010017,0.010093,31873927,0.0094719,0.0098693026,0.0090744974,4.0266535995,8.39119141,33.6445395845,11.7878208705,26.7443854696,0.010289,4.7535028542,15020020.3,2.1220961333,5.2675071082,0.0094199565,-1,0.0088271722,0.0002443478"
2026-07-22T08:00:00.000-03:00,"CSV=1784718000000,0.010094,0.010328,0.009953,0.010241,24014017,0.00950144,0.0099000176,0.0091028624,4.0260290017,8.3898352018,30.4516650805,12.2887845443,27.7944773609,0.010328,7.0898253686,16394066.4,1.4647993008,6.973395153,0.0094199565,-1,0.0088412401,0.0002574131"
2026-07-22T09:00:00.000-03:00,"CSV=1784721600000,0.010242,0.010702,0.010109,0.010272,89022489,0.00953246,0.0099294428,0.0091354772,3.9980373331,8.3290741606,34.9697178306,10.5865872712,29.5097165029,0.010702,7.4476987448,24741338.8,3.598127398,13.5815197373,0.0095325847,-1,0.0088554765,0.0002909718"
2026-07-22T10:00:00.000-03:00,"CSV=1784725200000,0.010269,0.011086,0.010224,0.010845,96693683,0.00957362,0.0099969901,0.0091502499,4.2349756177,8.8445142578,36.6693164469,8.7079864745,31.6503779622,0.011086,15.0419009229,33132815.3,2.9183660406,23.6869374378,0.0096107763,-1,0.0088752728,0.0003480746"
2026-07-22T11:00:00.000-03:00,"CSV=1784728800000,0.010833,0.01176,0.010818,0.01159,578355623,0.00963134,0.0101233782,0.0091393018,4.8604153997,10.2174408689,42.669774042,7.2099635781,34.2797268614,0.01176,23.5080988917,90201335.5,6.4118299335,66.0346023431,0.0100665986,-1,0.008902285,0.0004074671"
2026-07-22T12:00:00.000-03:00,"CSV=1784732400000,0.011579,0.011799,0.008326,0.008639,1178464453,0.00963226,0.0101223952,0.0091421248,4.8420875427,10.176952011,25.4055654455,33.3243166798,32.8933012461,0.011799,-8.0370449223,207318784,5.6843110415,28.7947138311,0.0122045612,1,0.0088996652,0.0007140204"
2026-07-22T13:00:00.000-03:00,"CSV=1784736000000,0.008639,0.008991,0.00855,0.008948,229161093,0.00963852,0.0101177559,0.0091592841,4.7365829585,9.9441802648,24.0800617076,31.585661958,31.5993040051,0.011799,-6.2545835516,228656135.2,1.002208372,17.1070105546,0.0108306551,1,0.0089001462,0.0006867184"
2026-07-22T14:00:00.000-03:00,"CSV=1784739600000,0.008948,0.008993,0.008055,0.008175,272960966,0.00962298,0.0101356565,0.0091103035,5.0581478071,10.6552541166,21.5212040447,33.8370038814,30.9758483007,0.011799,-14.7371714643,254289273,1.0734269786,6.1315812238,0.0106595396,1,0.0088929308,0.0007118465"
2026-07-22T15:00:00.000-03:00,"CSV=1784743200000,0.008175,0.008269,0.007879,0.007906,155099657,0.0095995,0.0101610601,0.0090379399,5.5265895594,11.6997778183,20.5484723525,34.3473521535,30.5865573057,0.011799,-19.7686218794,268418960.3,0.5778267557,0.2801079341,0.0101129856,1,0.0088831106,0.0006796619"
2026-07-22T16:00:00.000-03:00,"CSV=1784746800000,0.007908,0.008139,0.00789,0.007917,85653367,0.00957442,0.0101807735,0.0089680665,5.9558689564,12.666115132,19.9321903431,33.3172193612,30.2232190437,0.011799,-21.9769389967,274129927.5,0.3124553666,-2.1021988878,0.0099242871,1,0.0088734976,0.0006365957"
2026-07-22T17:00:00.000-03:00,"CSV=1784750400000,0.007917,0.00801,0.007725,0.007963,133570841,0.00955084,0.0101952796,0.0089064004,6.3209600818,13.4949292548,19.2250962511,34.1891063494,30.0760070918,0.011799,-21.1037352621,284299618.9,0.4698242,-4.7064811038,0.0096718084,1,0.0088644379,0.0006014361"
2026-07-22T18:00:00.000-03:00,"CSV=1784754000000,0.007963,0.008477,0.007853,0.008336,160524832,0.00953382,0.0101985619,0.0088690781,6.5179963831,13.9449222972,23.4977514936,31.5624913932,29.0474146252,0.011799,-18.6016990528,297950700.4,0.5387630631,-6.4782901894,0.0096718084,1,0.0088591798,0.0006036925"
2026-07-22T19:00:00.000-03:00,"CSV=1784757600000,0.008336,0.008369,0.00815,0.008186,60522653,0.00950792,0.0101989247,0.0088169153,6.7752705267,14.5353503626,22.8379865657,30.6762863935,28.0873949898,0.011799,-20.3076323988,295100716.8,0.2050915147,-5.7071678225,0.0096718084,1,0.0088524815,0.0005652233"
2026-07-22T20:00:00.000-03:00,"CSV=1784761200000,0.008188,0.008273,0.008104,0.008235,59508686,0.0094756,0.0101872849,0.0087639151,6.9860115725,15.0214213809,22.3198316221,30.5978449881,27.2577814083,0.011799,-24.0663900415,291382217.1,0.204228956,-5.4431297861,0.0096718084,1,0.0088463374,0.0005256009"
2026-07-22T21:00:00.000-03:00,"CSV=1784764800000,0.008235,0.008296,0.00815,0.008193,42927749,0.00944272,0.0101746376,0.0087108024,7.1935495044,15.5022618924,22.1847696721,29.9684894467,26.4355762765,0.011799,-29.3097497843,237839429.7,0.1804904639,-5.3921299692,0.0096718084,1,0.0088398365,0.0004876408"
2026-07-22T22:00:00.000-03:00,"CSV=1784768400000,0.008192,0.008236,0.008015,0.00807,64066502,0.00940978,0.0101652937,0.0086542663,7.4322858786,16.0580520955,21.4686069256,30.9730156468,25.8814570863,0.011799,-6.5864104642,126399634.6,0.5068567026,-4.707542076,0.0095084303,1,0.0088321765,0.0004609768"
2026-07-22T23:00:00.000-03:00,"CSV=1784772000000,0.008067,0.008079,0.007827,0.007872,63207389,0.00937176,0.0101553493,0.0085881707,7.71602504,16.7223508597,20.6540282096,32.6284653452,25.65425944,0.011799,-12.025033527,109804264.2,0.575636925,-5.4457124917,0.0092732372,1,0.0088226225,0.0004400791"
2026-07-23T00:00:00.000-03:00,"CSV=1784775600000,0.007869,0.007884,0.007515,0.007602,134935646,0.00932464,0.0101416831,0.0085075969,8.0562866015,17.5243881365,19.4936201368,35.5457398512,25.8882955322,0.011799,-7.0091743119,96001732.2,1.4055542844,-6.9143999891,0.0089984135,1,0.008810477,0.0004329712"
2026-07-23T01:00:00.000-03:00,"CSV=1784779200000,0.007599,0.007741,0.007433,0.007645,83067508,0.00926908,0.0101038065,0.0084343535,8.2615053354,18.010989532,18.5610201774,35.1188824729,26.218779298,0.011799,-3.3012901594,88798517.3,0.9354605294,-5.6390088728,0.0088484222,1,0.0087988802,0.0004204741"
2026-07-23T02:00:00.000-03:00,"CSV=1784782800000,0.007645,0.007985,0.007581,0.007916,75066240,0.0092306,0.0100822955,0.0083789045,8.4474360548,18.4537399953,21.1966025568,32.9064128937,25.9137636586,0.011799,-0.0126310471,87739804.6,0.8555551308,-3.7629414342,0.0088484222,1,0.0087900953,0.0004188266"
2026-07-23T03:00:00.000-03:00,"CSV=1784786400000,0.007911,0.007949,0.007804,0.007883,45184448,0.00919232,0.0100605505,0.0083240895,8.6300492858,18.8903446228,20.6952343062,32.1280697313,25.6290823951,0.011799,-1.00464649,78901165.3,0.5726714913,-2.7004050907,0.0088484222,1,0.0087810695,0.000391444"
2026-07-23T04:00:00.000-03:00,"CSV=1784790000000,0.00788,0.007895,0.007659,0.007752,61196398,0.00915042,0.0100364148,0.0082644252,8.8278020337,19.3651183818,19.8754225054,33.2892463475,25.6025242883,0.011799,-7.0057581574,68968321.9,0.8873116862,-3.8723670884,0.0088484222,1,0.00877083,0.0003758996"
2026-07-23T05:00:00.000-03:00,"CSV=1784793600000,0.007752,0.007847,0.007717,0.0078,33121853,0.00911132,0.0100127746,0.0082098654,9.0030448781,19.7875739162,19.4213575605,32.5287352286,25.5777367219,0.011799,-4.715367701,66228241.9,0.5001167485,-3.3676561798,0.0088359289,1,0.00876117,0.0003513096"
2026-07-23T06:00:00.000-03:00,"CSV=1784797200000,0.007801,0.007952,0.007786,0.007924,36444573,0.00907264,0.0099826775,0.0081626025,9.1161661742,20.0611391278,20.7498254328,31.5428408975,25.2485299408,0.011799,-3.7765634487,63921830.6,0.5701428238,-2.9628309695,0.0088359289,1,0.0087528399,0.0003327787"
2026-07-23T07:00:00.000-03:00,"CSV=1784800800000,0.007925,0.008,0.007832,0.007919,42466667,0.0090413,0.009963464,0.008119136,9.2554553731,20.3989240591,20.9986997126,30.539184528,24.7994009982,0.011799,-3.3443183205,63875722.4,0.6648326689,-2.7163580046,0.0088359289,1,0.008744543,0.0003163008"
2026-07-23T08:00:00.000-03:00,"CSV=1784804400000,0.007921,0.007957,0.007765,0.007834,47014762,0.0090113,0.0099477424,0.0080748576,9.413617312,20.7837359935,20.2112329751,30.7025620737,24.519845186,0.008993,-2.9244114002,62170548.4,0.7562224109,-2.5480738163,0.0087726122,1,0.0087354829,0.0003038707"
2026-07-23T09:00:00.000-03:00,"CSV=1784808000000,0.007834,0.007868,0.007711,0.007814,48947200,0.0089801,0.0099298318,0.0080303682,9.5644296818,21.1519198656,19.5683159676,30.8200150623,24.3738534927,0.008993,-0.7367886179,60744529.5,0.805787787,-1.8966143008,0.0086570509,1,0.0087263139,0.0002891836"
2026-07-23T10:00:00.000-03:00,"CSV=1784811600000,0.007813,0.007853,0.00757,0.007621,58544660,0.00894364,0.0099097146,0.0079775654,9.7487629922,21.6036107988,18.4357268666,31.9199021376,24.5341226365,0.008477,0.2499342278,53105430.9,1.1024232175,-1.172565102,0.0085771958,1,0.0087153158,0.0002885653"
2026-07-23T11:00:00.000-03:00,"CSV=1784815200000,0.007624,0.007899,0.007584,0.007805,62342197,0.00890862,0.009883558,0.007933682,9.8642408782,21.8875193913,18.188266016,29.858892766,24.5178438926,0.008477,2.0928711576,51032899.8,1.2216079675,0.0705126257,0.0085771958,1,0.0087062579,0.0002912088"
2026-07-23T12:00:00.000-03:00,"CSV=1784818800000,0.007804,0.007887,0.007713,0.007865,41784946,0.0088783,0.0098616131,0.0078949869,9.9711185731,22.150932934,17.5188057134,28.7598686277,24.5026503983,0.008477,-0.6442647802,47704770.4,0.875907077,-0.141096943,0.0085771958,1,0.0086978872,0.0002794879"
2026-07-23T13:00:00.000-03:00,"CSV=1784822400000,0.007873,0.007894,0.007641,0.007705,31724404,0.00884796,0.0098435273,0.0078523927,10.1139285035,22.5038837167,16.5687320013,28.743524803,24.660383869,0.008477,-2.2580235951,46358766,0.6843237372,-0.6091376771,0.0085771958,1,0.0086880077,0.0002768391"
2026-07-23T14:00:00.000-03:00,"CSV=1784826000000,0.0077,0.007794,0.007675,0.007727,16515549,0.0088171,0.0098229681,0.0078112319,10.239960863,22.816302135,16.1279521884,27.9788576285,24.8076017749,0.008369,-0.32249742,41890681.1,0.3942535324,-0.4484737004,0.0085176655,1,0.0086784454,0.0002610552"
2026-07-23T15:00:00.000-03:00,"CSV=1784829600000,0.007725,0.007849,0.007649,0.00771,25518876,0.00878238,0.0097958731,0.0077688869,10.3461230786,23.0801465232,16.647823131,26.6998096215,24.6997109741,0.008296,-1.1538461538,41130383.4,0.6204385637,-0.5376126837,0.008513849,1,0.0086688091,0.0002549497"
2026-07-23T16:00:00.000-03:00,"CSV=1784833200000,0.007706,0.007761,0.007644,0.007704,13143688,0.00874874,0.0097695277,0.0077279523,10.448690298,23.3356504394,16.1840940312,26.0751195158,24.6134373822,0.008296,-2.7763755679,38800294.9,0.3387522707,-0.6719096318,0.0084259641,1,0.0086592091,0.0002411547"
2026-07-23T17:00:00.000-03:00,"CSV=1784836800000,0.007704,0.007998,0.007698,0.007954,25420527,0.00871728,0.0097378368,0.0076967232,10.4803237833,23.4145703519,20.6493963328,24.2215556868,23.5032723441,0.008236,0.4419749968,37095680.9,0.6852691845,-0.3469824726,0.0084259641,1,0.0086521921,0.0002470392"
2026-07-23T18:00:00.000-03:00,"CSV=1784840400000,0.007952,0.008021,0.007871,0.007919,18597096,0.0086852,0.0097051355,0.0076652645,10.509235105,23.4867477494,20.4543790424,23.3329992191,22.3746599626,0.008079,1.0850140414,34253914.3,0.542918857,-0.034963454,0.0084259641,1,0.0086448966,0.0002373353"
2026-07-23T19:00:00.000-03:00,"CSV=1784844000000,0.00792,0.00809,0.007874,0.007981,21173684,0.00865418,0.0096714719,0.0076368881,10.5184803633,23.5098384694,21.0698690723,22.0831170048,21.0395517424,0.00809,2.1371896596,31476562.7,0.6726809468,0.4559066186,0.0084259641,1,0.0086382907,0.0002352018"
2026-07-23T20:00:00.000-03:00,"CSV=1784847600000,0.007982,0.008018,0.007919,0.007932,10769025,0.0086222,0.0096365543,0.0076078457,10.5261099124,23.5288974294,20.5298259301,21.517103241,19.7934507368,0.00809,4.0808292875,26698999.2,0.4033493885,0.8526044116,0.0084259641,1,0.0086312629,0.0002215816"
2026-07-23T21:00:00.000-03:00,"CSV=1784851200000,0.007932,0.007974,0.007726,0.007755,26069133,0.00858388,0.0095940717,0.0075736883,10.529332561,23.5369487283,19.2084151037,25.1412288267,19.3657116844,0.00809,-0.6406149904,23071692.8,1.1299185208,0.3271220269,0.0084259641,1,0.0086225439,0.0002242234"
2026-07-23T22:00:00.000-03:00,"CSV=1784854800000,0.007761,0.007962,0.007759,0.007859,15607505,0.00854408,0.00954278,0.00754538,10.4655038739,23.377590374,18.1629242148,23.7728220355,18.9664885688,0.00809,-0.076287349,20453948.7,0.7630558397,0.1986775156,0.0084259641,1,0.0086149464,0.0002225011"
2026-07-23T23:00:00.000-03:00,"CSV=1784858400000,0.007858,0.008149,0.007853,0.008105,28714344,0.00851348,0.0095016698,0.0075252902,10.4001697243,23.2147085376,21.6276119451,21.9429982157,17.7503127268,0.008149,5.1914341337,20152942.7,1.4248213984,2.5980738244,0.0084259641,1,0.0086098723,0.000229851"
2026-07-24T00:00:00.000-03:00,"CSV=1784862000000,0.008104,0.008247,0.008002,0.008122,38494213,0.00848466,0.0094627826,0.0075065374,10.3365215752,23.0562582598,22.801575965,20.5408783434,16.9146849883,0.008247,5.1119451275,22350809.1,1.7222738035,4.6667722756,0.0084259641,1,0.0086050179,0.0002313659"
2026-07-24T01:00:00.000-03:00,"CSV=1784865600000,0.008123,0.008194,0.008016,0.008145,21551957,0.00845636,0.0094233673,0.0074893527,10.2618020244,22.8705328519,21.7211639344,19.5675854396,16.1347657656,0.008247,5.6420233463,21954117.2,0.9816817868,4.9574053703,0.0084259641,1,0.0086004406,0.0002260293"
2026-07-24T02:00:00.000-03:00,"CSV=1784869200000,0.008143,0.008188,0.008056,0.008092,18215553,0.00842966,0.0093878889,0.0074714311,10.2070750148,22.7346976758,20.9330758767,18.857633595,15.4068411578,0.008247,5.036344756,22461303.7,0.8109748768,4.6663866028,0.0084259641,1,0.0085953815,0.0002166264"
2026-07-24T03:00:00.000-03:00,"CSV=1784872800000,0.008092,0.008694,0.008088,0.008518,77194253,0.00841234,0.0093609407,0.0074637393,10.1336046995,22.5526008152,30.4078781085,16.0018585369,16.449114567,0.008694,7.0907719386,27638676.3,2.7929793801,9.7123843398,0.0076243088,-1,0.0085946115,0.0002555637"
2026-07-24T04:00:00.000-03:00,"CSV=1784876400000,0.008518,0.008529,0.008184,0.008405,63026066,0.00839256,0.0093307391,0.0074543809,10.0547137889,22.3574001761,27.8365261039,14.6487088407,17.4219030822,0.008694,6.1371385276,32081573.3,1.9645565824,10.4938415237,0.0076243088,-1,0.0085927248,0.0002645074"
2026-07-24T05:00:00.000-03:00,"CSV=1784880000000,0.008405,0.008436,0.008202,0.008245,27156515,0.00836656,0.0092903442,0.0074427758,9.9434869178,22.082771312,26.2249526113,13.8006335176,18.3298390297,0.008694,3.3078561584,32679856.4,0.8309863626,7.9121554681,0.0076243088,-1,0.0085892649,0.0002614566"
2026-07-24T06:00:00.000-03:00,"CSV=1784883600000,0.008246,0.008361,0.008061,0.008169,45799313,0.00833818,0.0092456567,0.0074307033,9.8151679488,21.7667821196,24.2930478791,16.2463200423,18.4311277251,0.008694,2.9878971256,36182885.2,1.2657728301,6.5354366456,0.0076243088,-1,0.0085850831,0.000265311"
2026-07-24T07:00:00.000-03:00,"CSV=1784887200000,0.00817,0.008296,0.008133,0.008269,23175083,0.00830648,0.0091877579,0.0074252021,9.5918706691,21.219044659,23.2940918975,15.5782540727,18.5256638408,0.008694,6.6279819471,35893480.2,0.6456627463,5.7834381059,0.0076243088,-1,0.008581938,0.0002550799"
2026-07-24T08:00:00.000-03:00,"CSV=1784890800000,0.008271,0.00828,0.008048,0.008091,25566549,0.00826536,0.0091068694,0.0074238506,9.2403811479,20.3623180987,21.9195452308,16.8209515299,18.1680121717,0.008694,2.9520295203,36889384.6,0.6930597861,4.5376030532,0.0076243088,-1,0.0085770531,0.0002527719"
2026-07-24T09:00:00.000-03:00,"CSV=1784894400000,0.008086,0.008203,0.008045,0.008097,17658386,0.00822544,0.0090256313,0.0074252487,8.8657652435,19.456497917,21.0147101415,16.2049649423,17.8183172149,0.008694,-0.0987045034,35783788.8,0.4934744641,3.0088326515,0.0076243088,-1,0.0085722764,0.0002432947"
2026-07-24T10:00:00.000-03:00,"CSV=1784898000000,0.008097,0.008226,0.007881,0.008201,46958285,0.00818464,0.0089312348,0.0074380452,8.3593678714,18.2438022899,19.1639577053,18.9642901118,16.6653409784,0.008694,0.9726668308,36630196,1.281955603,2.4215269989,0.0076243088,-1,0.0085685821,0.0002534652"
2026-07-24T11:00:00.000-03:00,"CSV=1784901600000,0.008204,0.008224,0.007921,0.007995,39601984,0.0081391,0.0088238683,0.0074543317,7.7604098419,16.8266355664,17.697331413,17.5129444702,15.5892298243,0.008694,-1.8416206262,38435198.7,1.0303572074,0.9818423041,0.0076243088,-1,0.0085628749,0.0002584187"
2026-07-24T12:00:00.000-03:00,"CSV=1784905200000,0.007993,0.008385,0.007936,0.008237,47431356,0.00808694,0.0086525731,0.0075213069,6.5371665036,13.9888044458,19.6648469226,15.6155466762,15.3151131934,0.008694,1.7918932279,41356779,1.146882256,1.3395917186,0.0076243088,-1,0.0085596323,0.0002774768"
2026-07-24T13:00:00.000-03:00,"CSV=1784908800000,0.008237,0.008515,0.008167,0.008456,41703711,0.00802426,0.0082950137,0.0077535063,3.2640533866,6.7483774147,21.1251568554,14.3265903837,15.572569475,0.008694,-0.7278703921,37807724.8,1.1030473593,0.6254359744,0.0076243088,-1,0.0085586011,0.0002845291"
2026-07-24T14:00:00.000-03:00,"CSV=1784912400000,0.008456,0.008674,0.00837,0.008665,49361665,0.00802478,0.0082967361,0.0077528239,3.2778687519,6.7779084467,23.3610967275,13.2991372319,16.3641663675,0.008694,3.0933967876,36441284.7,1.3545533701,1.8136809975,0.0076625713,-1,0.0085596598,0.0002864762"
2026-07-24T15:00:00.000-03:00,"CSV=1784916000000,0.008662,0.008671,0.008417,0.008486,60238123,0.00801554,0.0082626888,0.0077683912,2.9911425219,6.1667410579,21.9517687908,12.4968270556,17.102990134,0.008694,2.9229836264,39749445.5,1.515445618,2.6856615744,0.0076943142,-1,0.0085589269,0.0002832286"
2026-07-24T16:00:00.000-03:00,"CSV=1784919600000,0.008481,0.008525,0.008221,0.008347,51025683,0.00801898,0.0082694984,0.0077684616,3.029426577,6.2481358417,20.3755002642,16.2290768267,16.7179647375,0.008694,2.1789692741,40272082.5,1.2670237006,2.7107096206,0.0076943142,-1,0.0085568182,0.0002853057"
2026-07-24T17:00:00.000-03:00,"CSV=1784923200000,0.008346,0.008355,0.008234,0.008266,11099568,0.00802618,0.0082785145,0.0077738455,3.0480651427,6.2877861019,19.7700973567,15.7468736823,16.3586077008,0.008694,-0.0362800822,39064531,0.2841341676,1.8037036101,0.0076943142,-1,0.0085539245,0.0002688752"
2026-07-24T18:00:00.000-03:00,"CSV=1784926800000,0.008267,0.008274,0.008031,0.008067,19840898,0.00802918,0.00828109,0.00777727,3.0419903726,6.2748614257,18.5821008559,19.8205471621,15.4830270677,0.008694,-0.2966258806,38491965.9,0.5154555642,1.1515032532,0.0076943142,-1,0.0085490794,0.0002662877"
2026-07-24T19:00:00.000-03:00,"CSV=1784930400000,0.008067,0.00807,0.007068,0.007333,196578965,0.00801658,0.0082865904,0.0077465696,3.2584013998,6.7362984424,14.6838416211,35.8245194518,17.2412118291,0.008694,-9.4355934297,56384023.8,3.4864302288,-10.1978438846,0.0085885767,1,0.0085369792,0.0003398589"
2026-07-24T20:00:00.000-03:00,"CSV=1784934000000,0.007338,0.007762,0.007285,0.007479,78168347,0.00799944,0.008275757,0.007723123,3.3388728468,6.9084086751,13.2645185102,32.3617629261,18.8821842731,0.008694,-8.8038044141,59505030,1.3136426786,-10.6535803272,0.008584219,1,0.008526452,0.000353573"
2026-07-24T21:00:00.000-03:00,"CSV=1784937600000,0.00748,0.007997,0.007414,0.007935,124605832,0.00799442,0.0082695797,0.0077192603,3.3273718893,6.8837931778,16.3030846298,28.7257430143,19.4625875951,0.008694,-0.7504690432,68005414.8,1.8322928015,-7.56074656,0.008584219,1,0.0085205669,0.0003765157"
2026-07-24T22:00:00.000-03:00,"CSV=1784941200000,0.007935,0.00807,0.007786,0.007829,36771704,0.0079863,0.0082602281,0.0077123719,3.3162293744,6.8599504403,16.8238458265,27.1345262938,19.7287854703,0.008694,-4.9532596819,66939449.6,0.5493278511,-5.9474855389,0.008584219,1,0.0085136856,0.0003672641"
2026-07-24T23:00:00.000-03:00,"CSV=1784944800000,0.007829,0.00795,0.007787,0.007902,12903921,0.00798048,0.0082530426,0.0077079174,3.3025710743,6.8307319254,16.2696432004,26.240674443,19.9772368204,0.008674,-6.5515610218,64059470.6,0.2014365851,-4.4048983857,0.008584219,1,0.0085075992,0.0003468377"
2026-07-25T00:00:00.000-03:00,"CSV=1784948400000,0.007902,0.008024,0.007877,0.007978,13844818,0.00797864,0.0082509024,0.0077063776,3.2997897093,6.8247829025,17.3206524315,25.4312000633,19.9101689764,0.008674,-7.9284477784,60507785.9,0.2288105207,-3.541303012,0.008584219,1,0.0085023296,0.0003268539"
2026-07-25T01:00:00.000-03:00,"CSV=1784952000000,0.007977,0.008013,0.007874,0.007887,9768059,0.00797894,0.008251093,0.007706787,3.2983872774,6.8217833903,16.7957387247,24.72589879,19.8560818151,0.008674,-7.0586848928,55460779.5,0.1761255267,-2.7752735395,0.008584219,1,0.0084962069,0.0003080686"
2026-07-25T02:00:00.000-03:00,"CSV=1784955600000,0.007887,0.007947,0.007865,0.007921,10622964,0.00798532,0.0082522507,0.0077183893,3.2346416043,6.6855363488,16.4800604156,24.4674601431,19.8327717418,0.008674,-5.1036300467,51420507.6,0.206590026,-2.201635381,0.008584219,1,0.0084904834,0.0002854617"
2026-07-25T03:00:00.000-03:00,"CSV=1784959200000,0.007916,0.007927,0.007784,0.007824,9601723,0.0079889,0.008252421,0.007725379,3.1932571432,6.5971791818,15.9209469708,25.5590809186,20.0596270534,0.008674,-5.3472054198,51270723.1,0.1872749675,-1.801556161,0.008584219,1,0.0084838518,0.0002712155"
2026-07-25T04:00:00.000-03:00,"CSV=1784962800000,0.007825,0.007921,0.007798,0.007813,10114523,0.00798684,0.0082513237,0.0077223563,3.205348445,6.6229866909,15.4382533091,24.7841768642,20.2713586776,0.008674,-3.1486302219,50298085.6,0.2010916097,-1.4120918139,0.008584219,1,0.0084771766,0.000256394"
2026-07-25T05:00:00.000-03:00,"CSV=1784966400000,0.007816,0.007874,0.007678,0.007777,19087224,0.00798472,0.0082504494,0.0077189906,3.2207871464,6.6559482175,14.6784568188,26.5775936011,20.8427455473,0.008674,6.0548206737,32548911.5,0.586416661,0.2421546981,0.0085270637,1,0.0084702097,0.0002503546"
2026-07-25T06:00:00.000-03:00,"CSV=1784970000000,0.00778,0.007811,0.007666,0.007718,11681153,0.00798404,0.0082504068,0.0077176732,3.2285294268,6.672481895,14.127350983,25.8904511326,21.4128737236,0.008674,3.195614387,25900192.1,0.4510064232,0.6418506703,0.0084579574,1,0.008462725,0.0002398191"
2026-07-25T07:00:00.000-03:00,"CSV=1784973600000,0.00772,0.007739,0.00766,0.007737,5804934,0.00798278,0.0082501615,0.0077153985,3.2409241075,6.6989563049,13.8243652886,25.4980718996,21.9644914129,0.008674,-2.4952741021,14020102.3,0.4140436265,0.0835163341,0.0083707116,1,0.0084555039,0.0002237372"
2026-07-25T08:00:00.000-03:00,"CSV=1784977200000,0.007738,0.007756,0.007591,0.007615,11328087,0.0079766,0.0082487963,0.0077044037,3.299829992,6.8248690602,13.1912714008,26.2454596908,22.7069652022,0.008674,-2.7334270022,11475740.6,0.9871334143,-0.843741487,0.0083270905,1,0.0084471407,0.0002178635"
2026-07-25T09:00:00.000-03:00,"CSV=1784980800000,0.007615,0.007685,0.007588,0.007648,12607115,0.00797118,0.0082471413,0.0076952187,3.34614468,6.9239756013,12.8214342433,25.59633955,23.4100069422,0.008674,-3.2143761073,11446060,1.1014370884,-1.7426386782,0.0082538314,1,0.008439189,0.0002057771"
2026-07-25T10:00:00.000-03:00,"CSV=1784984400000,0.007648,0.007758,0.007646,0.007684,11438030,0.00796818,0.0082464222,0.0076899378,3.3740956804,6.9838325533,14.5765324225,24.7383077447,23.5724847759,0.008671,-3.6851341188,11205381.2,1.0207622388,-2.4156410366,0.0082538314,1,0.0084316747,0.0001963994"
2026-07-25T11:00:00.000-03:00,"CSV=1784988000000,0.007684,0.00777,0.007666,0.007692,10123011,0.00796574,0.0082458522,0.0076856278,3.3970070308,7.0329229486,14.4784809191,23.9398970561,23.6428069948,0.008525,-2.4724229745,11240876.4,0.9005535369,-2.3526104425,0.0082538314,1,0.0084243147,0.0001871595"
2026-07-25T12:00:00.000-03:00,"CSV=1784991600000,0.007691,0.00793,0.007669,0.007775,17654132,0.00796882,0.0082459555,0.0076916845,3.3608654453,6.9554957436,18.2174762043,22.0282539278,22.6978715434,0.008355,-1.843201616,11943993.2,1.4780761931,-2.4765377709,0.0082538314,1,0.0084178539,0.0001945435"
2026-07-25T13:00:00.000-03:00,"CSV=1784995200000,0.007775,0.007892,0.007725,0.007841,10858495,0.00796954,0.0082462954,0.0076927846,3.3561183078,6.9453301109,17.2719674804,20.884961299,21.8159317888,0.008274,0.2172801636,12069670.4,0.8996513277,-1.5858663847,0.0082538314,1,0.0084121141,0.0001917892"
2026-07-25T14:00:00.000-03:00,"CSV=1784998800000,0.007841,0.007902,0.007829,0.007854,5897655,0.00796932,0.0082461628,0.0076924772,3.3572318381,6.9477145616,17.1871685354,20.389339835,20.9296521509,0.00807,0.5247664149,11647983.6,0.506324116,-0.9686769594,0.0082538314,1,0.0084065607,0.0001799103"
2026-07-25T15:00:00.000-03:00,"CSV=1785002400000,0.007855,0.007952,0.007836,0.007899,10680533,0.0079732,0.0082476603,0.0076987397,3.3277357674,6.8845718963,18.1936036979,19.597538359,19.7820075687,0.00807,1.5687283014,10807314.5,0.9882689173,-0.1290094996,0.0082538314,1,0.0084015103,0.0001735192"
2026-07-25T16:00:00.000-03:00,"CSV=1785006000000,0.007901,0.007953,0.007874,0.007936,5318147,0.00797738,0.0082496416,0.0077051184,3.3002843393,6.8258408347,17.7271481456,19.0575159766,18.704316208,0.00807,2.8245659497,10171013.9,0.5228728475,0.4062899473,0.0082538314,1,0.0083968784,0.0001640673"
2026-07-25T17:00:00.000-03:00,"CSV=1785009600000,0.007932,0.00796,0.007884,0.007948,5304991,0.00798214,0.008251753,0.007712527,3.2673418993,6.7554060095,17.4919336365,18.5311800237,17.6496913443,0.00807,2.7271552281,10121019.6,0.5241557876,0.7473446971,0.0082538314,1,0.0083924119,0.0001552606"
2026-07-25T18:00:00.000-03:00,"CSV=1785013200000,0.007947,0.00799,0.007922,0.007946,5736461,0.00798698,0.0082537132,0.0077202468,3.2316756001,6.6792013195,18.1786978659,18.053200284,16.4961368008,0.008024,4.346684176,9561857,0.5999316869,1.3674676548,0.0082538314,1,0.00838797,0.0001465345"
2026-07-25T19:00:00.000-03:00,"CSV=1785016800000,0.007946,0.008351,0.007898,0.008276,53940993,0.00799342,0.0082631496,0.0077236904,3.2642465503,6.7487902536,27.7425173146,15.2463196356,17.334292426,0.008351,8.2112970711,13695244.8,3.9386658499,11.6921635557,0.0075929568,-1,0.0083868559,0.0001771811"
2026-07-25T20:00:00.000-03:00,"CSV=1785020400000,0.008277,0.008303,0.008071,0.008148,28254758,0.007998,0.0082683705,0.0077276295,3.2699367668,6.760952402,25.5617314652,14.047835816,18.1165710095,0.008351,6.0385216033,15376917.6,1.8374786635,11.4933272388,0.0076390111,-1,0.0083844792,0.000182663"
2026-07-25T21:00:00.000-03:00,"CSV=1785024000000,0.008146,0.008442,0.008054,0.008424,35028426,0.00800686,0.0082837091,0.0077300109,3.3420913867,6.9152983644,26.8288528669,12.3134214467,19.3810510173,0.008442,9.5163806552,17867459.1,1.9604592799,13.8810437479,0.0076390111,-1,0.0083848725,0.0002031967"
2026-07-25T22:00:00.000-03:00,"CSV=1785027600000,0.008424,0.008564,0.008305,0.008507,24694627,0.00801836,0.0083036737,0.0077330463,3.4359936984,7.1165102401,28.4739602236,11.3143335882,20.9641359246,0.008564,9.4147909968,18571508.6,1.3297049546,13.4269939103,0.007808169,-1,0.0083860877,0.000208777"
2026-07-25T23:00:00.000-03:00,"CSV=1785031200000,0.008509,0.008566,0.008415,0.008502,18183132,0.0080333,0.0083239401,0.0077426599,3.4916173529,7.2358840904,27.1643120592,10.7685474878,22.4480680504,0.008566,8.4300471879,19303972.3,0.9419373234,11.5981879684,0.0078815021,-1,0.008387241,0.0002029993"
2026-07-26T00:00:00.000-03:00,"CSV=1785034800000,0.008505,0.008556,0.008432,0.008457,12333635,0.00804526,0.0083407451,0.0077497749,3.542670856,7.3455711192,26.0583301201,10.3301112408,23.8330713678,0.008566,7.6776165011,19947570.3,0.618302621,9.3144887809,0.0079087019,-1,0.0083879351,0.0001950994"
2026-07-26T01:00:00.000-03:00,"CSV=1785038400000,0.008457,0.008688,0.008433,0.008541,24179775,0.00805398,0.0083574256,0.0077505344,3.6308499122,7.5352950791,28.1745547555,9.4797060302,25.5541128783,0.008688,8.12761109,21297494.5,1.1353342526,9.2855109413,0.0079572317,-1,0.0083894582,0.0002010894"
2026-07-26T02:00:00.000-03:00,"CSV=1785042000000,0.00854,0.008714,0.008427,0.008547,27656760,0.00806248,0.0083735681,0.0077513919,3.7151200291,7.7169333964,26.448309996,8.6236234882,27.2387201329,0.008714,7.6990927419,23531355.8,1.1753151937,9.20662752,0.0079572317,-1,0.0083910257,0.0002096805"
2026-07-26T03:00:00.000-03:00,"CSV=1785045600000,0.008547,0.008616,0.008381,0.00849,19548584,0.00806938,0.0083859988,0.0077527612,3.7755647765,7.847413742,24.5067298473,9.4275290112,28.3852395566,0.008714,6.8193256165,24955715.1,0.7833309493,7.9183479496,0.0079572317,-1,0.0083920106,0.0002122124"
2026-07-26T04:00:00.000-03:00,"CSV=1785049200000,0.008485,0.008645,0.008425,0.00855,14838383,0.00807854,0.008402227,0.007754853,3.8523948713,8.013501462,23.7300282329,8.7809564622,29.5583304234,0.008714,7.6013088346,25865907.3,0.5736656684,6.7324352708,0.0079572317,-1,0.0083935826,0.0002129912"
2026-07-26T05:00:00.000-03:00,"CSV=1785052800000,0.00855,0.008753,0.008519,0.008632,27515392,0.00808082,0.0084079773,0.0077536627,3.891034681,8.0971315592,25.3555873309,8.1444027889,31.0128874237,0.008753,4.3015949734,23223347.2,1.1848159425,6.1871562814,0.0079907238,-1,0.0083959549,0.0002150921"
2026-07-26T06:00:00.000-03:00,"CSV=1785056400000,0.008639,0.008838,0.008445,0.008497,37627208,0.00808266,0.0084118876,0.0077534324,3.9138368759,8.1465150624,24.9255038667,7.2045880063,32.6222710651,0.008838,4.2832596956,24160592.2,1.5573793758,6.3483242914,0.0079907238,-1,0.0083969603,0.0002328829"
2026-07-26T07:00:00.000-03:00,"CSV=1785060000000,0.008497,0.008721,0.008485,0.008631,25274037,0.00809038,0.0084277487,0.0077530113,4.0030701688,8.3399962391,23.2028167198,6.7066541943,34.1243624637,0.008838,2.4572649573,23185153.3,1.0900957467,5.1251008871,0.0079907238,-1,0.0083992891,0.0002331946"
2026-07-26T08:00:00.000-03:00,"CSV=1785063600000,0.008631,0.008727,0.008558,0.008653,19236339,0.00810006,0.0084463708,0.0077537492,4.1001130711,8.5508194064,22.2131727484,6.3689265339,35.5450155318,0.008838,1.7162336899,22639324.5,0.8496869684,3.9028210584,0.0079907238,-1,0.0084018136,0.0002267751"
2026-07-26T09:00:00.000-03:00,"CSV=1785067200000,0.008643,0.008677,0.008473,0.00859,28623264,0.00810648,0.0084587866,0.0077541734,4.164977815,8.6919744369,20.8549336848,8.5272300797,35.972442399,0.008838,1.0350505763,23683337.7,1.2085823528,3.0188619925,0.0079907238,-1,0.0084036861,0.0002244976"
2026-07-26T10:00:00.000-03:00,"CSV=1785070800000,0.008595,0.00895,0.008595,0.008927,84590196,0.0081232,0.008493741,0.007752659,4.3625183467,9.123030576,26.5523804516,7.6435477652,37.2606507619,0.00895,5.5575263096,30908993.8,2.7367502335,7.0824284702,0.0080583564,-1,0.0084088932,0.0002380479"
2026-07-26T11:00:00.000-03:00,"CSV=1785074400000,0.008926,0.008978,0.008716,0.008909,62084800,0.00813944,0.0085259278,0.0077529522,4.5330876923,9.4966676575,25.3661971098,7.0720731544,38.5363894308,0.008978,4.3086289662,34699496.3,1.7892132918,7.2913043854,0.0081256708,-1,0.0084138694,0.0002404431"
2026-07-26T12:00:00.000-03:00,"CSV=1785078000000,0.008908,0.009003,0.008786,0.008867,58176713,0.00815276,0.0085523929,0.0077531271,4.6727613404,9.803622566,24.5047426803,6.6320539105,39.7939993377,0.009003,3.744003744,37751491.6,1.5410440895,6.7840945372,0.0081802037,-1,0.0084183781,0.0002380988"
2026-07-26T13:00:00.000-03:00,"CSV=1785081600000,0.008863,0.009042,0.008809,0.008912,52172025,0.0081711,0.0085838969,0.0077583031,4.8089681117,10.1038259935,23.9859568496,6.189049269,41.072997332,0.009042,4.9705535925,41013835.7,1.2720591505,6.6303424183,0.0082127334,-1,0.0084232898,0.0002375889"
2026-07-26T14:00:00.000-03:00,"CSV=1785085200000,0.008918,0.009213,0.008876,0.008947,59224148,0.0081853,0.0086120941,0.0077585059,4.9557524269,10.4283058754,26.4957563411,5.608493854,42.6721801223,0.009213,4.6432748538,45452412.2,1.3029924075,6.4369455724,0.00830191,-1,0.0084285008,0.00024753"
2026-07-26T15:00:00.000-03:00,"CSV=1785088800000,0.008947,0.009039,0.008929,0.008969,16378485,0.00819556,0.0086347252,0.0077563948,5.0860352959,10.7171485497,25.6541605475,5.4303489173,44.1647507266,0.009213,3.9040778499,44338721.5,0.3693946159,4.7720121609,0.00830191,-1,0.0084338789,0.000233777"
2026-07-26T16:00:00.000-03:00,"CSV=1785092400000,0.008969,0.00899,0.008815,0.00891,23414086,0.00820046,0.0086461539,0.0077547661,5.1548226043,10.8699730357,24.3365276347,8.4972653343,44.4364828579,0.009213,4.8605390138,42917409.3,0.5455614955,4.065249085,0.00830191,-1,0.0084386165,0.0002278993"
2026-07-26T17:00:00.000-03:00,"CSV=1785096000000,0.008904,0.008977,0.008868,0.008896,11179645,0.00820866,0.0086632155,0.0077541045,5.2469600947,11.075022184,23.5300162075,8.2156663447,44.6900995139,0.009213,3.0703278878,41507970.1,0.2693373098,2.9858173411,0.00830191,-1,0.0084431675,0.0002160094"
2026-07-26T18:00:00.000-03:00,"CSV=1785099600000,0.008895,0.008947,0.00888,0.008899,8314714,0.0082197,0.0086840785,0.0077553215,5.3474703055,11.2991598276,23.027431874,8.0401855818,44.9268083927,0.009213,2.8429446435,40415807.6,0.2057292553,2.1855038555,0.0083101747,-1,0.0084477032,0.0002011084"
2026-07-26T19:00:00.000-03:00,"CSV=1785103200000,0.008898,0.00895,0.008775,0.008795,17328865,0.00823028,0.0087015676,0.0077589924,5.4161229488,11.452528946,21.7286225843,10.9708593117,44.1249464923,0.009213,2.3864959255,39286367.7,0.4410910454,1.8078898979,0.0083101747,-1,0.0084511589,0.0001984976"
2026-07-26T20:00:00.000-03:00,"CSV=1785106800000,0.008802,0.008809,0.008496,0.008649,48790585,0.00824192,0.0087162088,0.0077676312,5.4414571608,11.5091815026,19.6091484243,18.5954531181,41.3601722605,0.009213,-3.1141480901,35706406.6,1.366437837,-0.2131699948,0.0083101747,-1,0.0084531274,0.0002099478"
2026-07-26T21:00:00.000-03:00,"CSV=1785110400000,0.008648,0.008827,0.008623,0.008744,16109764,0.00827014,0.0087313042,0.0078089758,5.2817335308,11.1525130847,18.921333013,17.4095926479,38.8802293788,0.009213,-1.8520597149,31108903,0.5178505973,-0.461810073,0.0083101747,-1,0.0084560217,0.000209353"
2026-07-26T22:00:00.000-03:00,"CSV=1785114000000,0.008746,0.008814,0.008691,0.008768,9359482,0.00829592,0.0087480782,0.0078437618,5.1686579289,10.9007377014,18.1726743759,16.7207489022,36.5656160225,0.009213,-1.1164993797,26227179.9,0.3568619286,-0.4406854227,0.0083101747,-1,0.008459126,0.0002007177"
2026-07-26T23:00:00.000-03:00,"CSV=1785117600000,0.008769,0.008995,0.008758,0.008868,13046178,0.00831458,0.0087706931,0.0078584669,5.2004220987,10.971403489,22.5675929394,15.4580675445,35.3743517514,0.009213,-0.4937163375,22314595.2,0.5846477556,-0.390006998,0.0083101747,-1,0.0084631944,0.000204346"
2026-07-27T00:00:00.000-03:00,"CSV=1785121200000,0.008865,0.008939,0.008831,0.008907,7757414,0.00833614,0.0087942642,0.0078780158,5.2093519888,10.9912783553,21.7651069088,14.9083907004,34.2625050985,0.009213,-0.4470772326,17167921.8,0.451855157,-0.3273427164,0.0083101747,-1,0.0084676103,0.0001947114"
2026-07-27T01:00:00.000-03:00,"CSV=1785124800000,0.0089,0.009096,0.008721,0.008771,38030405,0.00835352,0.008811328,0.007895712,5.1956759108,10.9608416298,24.1136337847,13.1665976924,33.9359504168,0.009213,-2.2076039692,19333113.8,1.9671122507,-1.6657634151,0.0083101747,-1,0.0084706291,0.0002127402"
2026-07-27T02:00:00.000-03:00,"CSV=1785128400000,0.008768,0.008901,0.008744,0.008885,10145422,0.00837166,0.0088321904,0.0079111296,5.2142265356,11.0021290011,22.9128193068,12.5109254168,33.6311660473,0.009213,-0.2805836139,18006247.4,0.5634389984,-1.1632061935,0.0083101747,-1,0.0084747522,0.0002071662"
2026-07-27T03:00:00.000-03:00,"CSV=1785132000000,0.008873,0.008986,0.008768,0.00882,19005058,0.00839032,0.0088497352,0.0079309048,5.1912876668,10.9510772565,24.0218068169,11.6479788737,33.7017511062,0.009213,-0.8543165468,18788788.7,1.0115105504,-1.0635208625,0.0083101747,-1,0.0084781875,0.0002082496"
2026-07-27T04:00:00.000-03:00,"CSV=1785135600000,0.00882,0.008832,0.008656,0.008696,18487400,0.00840582,0.0088622032,0.0079494368,5.1497718312,10.8587442131,22.6692632542,14.5751756363,32.9037902812,0.009213,-2.281155186,19806057.3,0.9334215144,-1.4187736845,0.0083101747,-1,0.0084803548,0.0002050246"
2026-07-27T05:00:00.000-03:00,"CSV=1785139200000,0.008698,0.008797,0.008501,0.008698,25475580,0.0084233,0.0088737633,0.0079728367,5.0763504895,10.6956496419,20.5811349568,18.0560880304,31.1458889436,0.009213,-1.1028993746,20620728.8,1.2354354808,-1.4000361294,0.0083101747,-1,0.0084825204,0.0002141222"
2026-07-27T06:00:00.000-03:00,"CSV=1785142800000,0.008694,0.008704,0.008546,0.008577,9113479,0.00843858,0.0088809677,0.0079961923,4.9813007086,10.4848850715,19.551172984,17.1524894636,29.5051810284,0.009213,-0.8324661811,16653018.2,0.547256893,-1.0852150382,0.0083101747,-1,0.0084834605,0.00020851"
2026-07-27T07:00:00.000-03:00,"CSV=1785146400000,0.008576,0.008607,0.008514,0.008569,8285187,0.00845442,0.008886904,0.008021936,4.8665316142,10.2309559332,18.9530105174,17.6804352262,27.7697561093,0.009213,-2.0013723696,15870560.5,0.5220475358,-1.0717471967,0.0083101747,-1,0.0084843117,0.000196959"
2026-07-27T08:00:00.000-03:00,"CSV=1785150000000,0.008567,0.008606,0.008513,0.008529,10041099,0.00847064,0.0088902163,0.0080510637,4.7195285758,9.906602067,18.3514491627,17.1533935517,26.1433953173,0.009213,-2.7258211679,15938722.2,0.6299814298,-1.2869037033,0.0083101747,-1,0.0084847563,0.0001865631"
2026-07-27T09:00:00.000-03:00,"CSV=1785153600000,0.008527,0.008653,0.008493,0.008632,7781801,0.00848854,0.0088953324,0.0080817476,4.5730993736,9.5845078141,18.9607476229,16.2052837791,24.9228745465,0.009213,-2.6612539468,15412284.5,0.50490899,-1.3058328163,0.0083101747,-1,0.0084862215,0.0001839068"
2026-07-27T10:00:00.000-03:00,"CSV=1785157200000,0.008632,0.008633,0.0085,0.008557,8560724,0.00850738,0.0088946233,0.0081201367,4.3536787828,9.1037035767,18.0711585313,15.444973903,23.783721827,0.009096,-3.9294936567,15492615.5,0.5525680283,-1.5943260649,0.0083101747,-1,0.0084869257,0.0001788161"
2026-07-27T11:00:00.000-03:00,"CSV=1785160800000,0.008556,0.008759,0.008362,0.008441,34679506,0.00852324,0.0088906952,0.0081557848,4.1330308097,8.622429278,15.7133673263,17.9651477759,22.6438806196,0.009096,-3.7623988143,15157525.6,2.2879397941,-3.9322646994,0.0083101747,-1,0.0084864687,0.0002006345"
2026-07-27T12:00:00.000-03:00,"CSV=1785164400000,0.008434,0.008569,0.008397,0.00846,7630649,0.00853876,0.0088862883,0.0081912317,3.9108379134,8.140018767,14.8160365723,16.9392263891,21.580028826,0.009096,-4.7833427124,14906048.3,0.5119162937,-3.4377334906,0.0083101747,-1,0.0084862054,0.000197771"
2026-07-27T13:00:00.000-03:00,"CSV=1785168000000,0.008462,0.008496,0.008173,0.008473,41054741,0.00855438,0.0088803837,0.0082283763,3.6710539338,7.621912382,13.2891152614,22.3405960734,21.8349806222,0.009096,-3.9342403628,17111016.6,2.3993162978,-5.438318001,0.0083101747,-1,0.008486074,0.0002102939"
2026-07-27T14:00:00.000-03:00,"CSV=1785171600000,0.008472,0.008541,0.008451,0.008462,6653539,0.00856812,0.0088748962,0.0082613438,3.4566734678,7.1608750019,14.3848920352,21.6737555311,21.7269094193,0.009096,-2.6908923643,15927630.5,0.417735645,-4.0002392198,0.0083101747,-1,0.0084858344,0.0001982645"
2026-07-27T15:00:00.000-03:00,"CSV=1785175200000,0.00846,0.008627,0.008452,0.008571,11552316,0.00858272,0.0088713799,0.0082940601,3.2538335977,6.7265375337,16.419778391,20.4048771812,20.9999036116,0.009096,-1.4601057714,14535304.1,0.7947763542,-3.0536453271,0.0083101747,-1,0.0084866819,0.0001959381"
2026-07-27T16:00:00.000-03:00,"CSV=1785178800000,0.008571,0.008715,0.008509,0.00869,8857164,0.00859944,0.008868985,0.008329895,3.0391869515,6.2688974152,18.2280901956,19.0018258943,19.738460927,0.009096,1.3174769733,14509672.6,0.6104316923,-1.7676869853,0.0083101747,-1,0.0084887049,0.0001969443"
2026-07-27T17:00:00.000-03:00,"CSV=1785182400000,0.008692,0.008722,0.008586,0.008666,9184863,0.00861478,0.0088651707,0.0083643893,2.824431554,5.8130486894,17.621366543,18.120484287,18.5156603232,0.009096,1.1319873964,14599640.2,0.6291157093,-0.9410743056,0.0083101747,-1,0.008490469,0.0001908498"
2026-07-27T18:00:00.000-03:00,"CSV=1785186000000,0.008666,0.008694,0.008518,0.008576,11202844,0.00862758,0.0088585494,0.0083966106,2.6073054566,5.3542115634,16.5565938223,19.3601582145,17.8016649132,0.009096,0.5510610857,14715814.7,0.7612792243,-0.4875457518,0.0083101747,-1,0.0084913201,0.0001893649"
2026-07-27T19:00:00.000-03:00,"CSV=1785189600000,0.008577,0.008614,0.00814,0.008214,37690107,0.0086329,0.0088508518,0.0084149482,2.4624947588,5.0493289791,14.0984003206,28.3258995469,18.8506341035,0.009096,-4.8424467099,17706645.3,2.1285854187,-3.7608843204,0.0089653818,1,0.0084885607,0.0002178284"
2026-07-27T20:00:00.000-03:00,"CSV=1785193200000,0.008214,0.008343,0.008127,0.008327,19055083,0.00864052,0.0088402192,0.0084408208,2.258984685,4.6223884163,13.145472706,26.818117181,19.8747753928,0.009096,-2.6878578941,18756081.2,1.0159415923,-3.4174917566,0.0088879366,1,0.0084869531,0.0002176455"
2026-07-27T21:00:00.000-03:00,"CSV=1785196800000,0.008326,0.008438,0.008315,0.008423,10867811,0.00864346,0.0088388057,0.0084481143,2.2100911743,4.5200802431,15.6837944556,25.7559750083,20.1701630478,0.008986,-0.2132448762,16374911.7,0.6636866933,-2.3255037666,0.0088879366,1,0.0084863168,0.000208181"
2026-07-27T22:00:00.000-03:00,"CSV=1785200400000,0.00842,0.008505,0.008225,0.008489,16393639,0.00865028,0.0088338037,0.0084667563,2.0775165635,4.2431860193,14.3022209528,26.3185905888,20.7976059063,0.008986,0.3427895981,17251210.7,0.9502891875,-1.4417527615,0.0088879366,1,0.0084863435,0.0002153629"
2026-07-27T23:00:00.000-03:00,"CSV=1785204000000,0.008491,0.008759,0.008486,0.008572,22643423,0.00865324,0.0088342668,0.0084722132,2.0491434583,4.1840235617,20.9372703976,24.1007924481,19.8793726941,0.008832,1.1684173256,15410078.9,1.469390465,-0.3888814152,0.0088879366,1,0.0084871958,0.0002211266"
2026-07-28T00:00:00.000-03:00,"CSV=1785207600000,0.008572,0.00858,0.008429,0.008437,6879920,0.00865184,0.0088342577,0.0084694223,2.0648898694,4.2168531116,19.9414224244,24.7499165537,19.2713706664,0.008797,-0.2954384306,15432717,0.4458009565,-0.3031565218,0.0088879366,1,0.0084866963,0.0002141139"
2026-07-28T01:00:00.000-03:00,"CSV=1785211200000,0.008432,0.008554,0.008372,0.008454,11951138,0.00865088,0.0088342078,0.0084675522,2.0752031158,4.2383608276,18.7874423576,25.1300410725,18.94941805,0.008759,-1.3650682534,15472599.2,0.7724066167,-0.5535669316,0.0088879366,1,0.008486371,0.0002109025"
2026-07-28T02:00:00.000-03:00,"CSV=1785214800000,0.008454,0.008514,0.008384,0.008384,8066987,0.00864942,0.0088345676,0.0084642724,2.0957180287,4.2811570372,17.9906867949,24.0643026054,18.6489289414,0.008759,-3.5212888377,15393581.5,0.5240487407,-0.9841536148,0.0088879366,1,0.0084853524,0.0002028123"
2026-07-28T03:00:00.000-03:00,"CSV=1785218400000,0.008385,0.008467,0.008378,0.008392,7124547,0.00864644,0.0088344851,0.0084583949,2.1285351153,4.3496541465,17.4479227738,23.5416902969,18.3967746067,0.008759,-3.1617816755,15187549.9,0.469104434,-1.1505043443,0.0088879366,1,0.0084844235,0.0001914311"
2026-07-28T04:00:00.000-03:00,"CSV=1785222000000,0.008392,0.008408,0.008266,0.008408,15703258,0.00864366,0.008834166,0.008453154,2.1564686636,4.4079943439,16.5922079573,26.2553672793,18.6738167297,0.008759,-1.9589552239,15637591.3,1.0041992848,-1.4227300412,0.0088879366,1,0.0084836631,0.000186488"
2026-07-28T05:00:00.000-03:00,"CSV=1785225600000,0.008407,0.008682,0.008381,0.008657,21953346,0.008647,0.0088362425,0.0084577575,2.1416624788,4.3770669583,24.0524869237,23.6240073053,17.4888104809,0.008759,5.3932310689,14063915.2,1.5609697362,1.8577367989,0.0088879366,1,0.0084853878,0.0001979392"
2026-07-28T06:00:00.000-03:00,"CSV=1785229200000,0.008656,0.008721,0.008563,0.008664,18444593,0.00864928,0.0088380262,0.0084605338,2.1356146621,4.3644368782,24.0861590454,22.3634714582,16.5701379043,0.008759,4.0470757776,14002866.2,1.3172012598,3.0154289702,0.0088879366,1,0.008487165,0.0001939452"
2026-07-28T07:00:00.000-03:00,"CSV=1785232800000,0.008664,0.008994,0.00863,0.008931,36460669,0.00865526,0.0088480571,0.0084624629,2.1789764019,4.4550267861,30.0114676933,19.7608300479,16.8384664542,0.008994,6.0311053069,16562152,2.2014451383,6.436001799,0.0081791478,-1,0.0084915813,0.0002109507"
2026-07-28T08:00:00.000-03:00,"CSV=1785236400000,0.008932,0.008995,0.008788,0.008882,31824705,0.00866296,0.008856967,0.008468953,2.1904451707,4.4790003892,28.0562554848,18.4523728444,17.0925473168,0.008995,4.629520556,18105258.6,1.7577603117,7.0031970311,0.0082598331,-1,0.0084954661,0.0002105556"
2026-07-28T09:00:00.000-03:00,"CSV=1785240000000,0.008882,0.009015,0.008846,0.008884,26518823,0.00866802,0.0088644121,0.0084716279,2.2155119189,4.5314179424,27.1681112868,17.4421131614,17.4065223348,0.009015,3.6397573495,18492798.6,1.4340081009,6.4086118622,0.0083112998,-1,0.0084993321,0.0002064001"
2026-07-28T10:00:00.000-03:00,"CSV=1785243600000,0.008885,0.008886,0.008704,0.008792,26150027,0.0086708,0.0088679422,0.0084736578,2.2230882672,4.5472662775,25.5538107845,21.0417048018,16.8916583614,0.009015,4.20765675,20419809.3,1.2806205296,6.0685451133,0.0083112998,-1,0.0085022442,0.0002039601"
2026-07-28T11:00:00.000-03:00,"CSV=1785247200000,0.008791,0.008807,0.00858,0.008631,28316451,0.00867162,0.0088685095,0.0084747305,2.2200968603,4.541008508,23.6739994651,23.5122284402,15.7884034876,0.009015,2.0936834634,22056340.6,1.2838236185,4.9416701689,0.0083112998,-1,0.0085035253,0.0002062641"
2026-07-28T12:00:00.000-03:00,"CSV=1785250800000,0.008632,0.008782,0.008609,0.008728,20450521,0.00866764,0.008861312,0.008473968,2.1855902005,4.4688511743,22.3325323617,22.1799279547,14.7586989388,0.009015,4.1030534351,23294694,0.8779046851,4.4951433905,0.0083112998,-1,0.0085057589,0.0002029377"
2026-07-28T13:00:00.000-03:00,"CSV=1785254400000,0.008727,0.00899,0.008662,0.008929,25112629,0.00866804,0.00886223,0.00847385,2.1912092757,4.4805978265,26.5732144427,19.8904145426,14.7336431806,0.009015,6.3989513823,25093502.2,1.0007622212,5.13137186,0.0083112998,-1,0.0085099703,0.0002154439"
2026-07-28T14:00:00.000-03:00,"CSV=1785258000000,0.008929,0.009298,0.008862,0.009032,55666391,0.00867134,0.0088702282,0.0084724518,2.2421990366,4.5872534254,32.2215859336,17.3410378245,15.7529822711,0.009298,7.4215033302,29089815.5,1.9136041272,8.1548543742,0.0083675015,-1,0.0085151646,0.0002374995"
2026-07-28T15:00:00.000-03:00,"CSV=1785261600000,0.009043,0.009191,0.008505,0.008632,85157542,0.00866574,0.0088616934,0.0084697866,2.2112415161,4.5224861228,26.4965267609,23.5064166986,15.101441326,0.009298,-0.2887836433,35410235.1,2.404884965,5.2050724355,0.0083675015,-1,0.0085163271,0.0002823496"
2026-07-28T16:00:00.000-03:00,"CSV=1785265200000,0.008633,0.008646,0.008133,0.008241,50491828,0.00865162,0.00885218,0.00845106,2.2656566504,4.6363572368,23.194540157,29.6137994455,14.9050631096,0.009298,-4.8822714681,38614958.6,1.3075717243,1.3420749163,0.009304313,1,0.0085135876,0.0003054146"
2026-07-28T17:00:00.000-03:00,"CSV=1785268800000,0.008241,0.008288,0.008081,0.008087,24124005,0.00863398,0.008844395,0.008423565,2.3790770393,4.8741129815,22.0087756544,29.3841043839,14.8681173337,0.009298,-9.4502295376,37381292.2,0.6453496811,-1.1381842619,0.0090712194,1,0.0085093429,0.0002955731"
2026-07-28T18:00:00.000-03:00,"CSV=1785272400000,0.008088,0.008135,0.008015,0.008046,19865612,0.0086167,0.0088388858,0.0083945142,2.5137308665,5.1570972792,21.3314354061,30.1724570559,15.021291839,0.009298,-9.4122945283,36185382.9,0.5489954896,-2.4812252554,0.0089090475,1,0.0085047325,0.0002780158"
2026-07-28T19:00:00.000-03:00,"CSV=1785276000000,0.008042,0.008055,0.007661,0.007665,42360827,0.00859208,0.0088476477,0.0083365123,2.8885389073,5.9489145253,19.2475897385,36.0020708113,16.0415416453,0.009298,-13.7212967132,37769583.3,1.1215592892,-6.7838994332,0.0087268427,1,0.008496377,0.0002896142"
2026-07-28T20:00:00.000-03:00,"CSV=1785279600000,0.007665,0.007948,0.0076,0.007928,30673178,0.00857266,0.0088407529,0.0083045671,3.0324664578,6.2546016115,17.6187896403,34.4387909117,17.1261307635,0.009298,-9.8271155596,38221898.4,0.8025027349,-7.1513619931,0.0086603585,1,0.0084907215,0.0002954528"
2026-07-28T21:00:00.000-03:00,"CSV=1785283200000,0.007932,0.008096,0.00785,0.007929,24168028,0.00855534,0.0088361799,0.0082745001,3.1782957,6.5652546047,20.1813100878,32.3644562017,17.5301074227,0.009298,-8.133472367,37807056.1,0.6392464924,-6.500672556,0.0086603585,1,0.0084851322,0.0002905075"
2026-07-28T22:00:00.000-03:00,"CSV=1785286800000,0.007922,0.00809,0.00785,0.007969,20071797,0.00854174,0.0088339498,0.0082495302,3.3078043469,6.8419262269,18.9859399567,30.4474595307,17.9071523047,0.009298,-8.6961503208,37769183.7,0.5314331694,-5.8742559462,0.0086603585,1,0.0084799966,0.0002854568"
2026-07-28T23:00:00.000-03:00,"CSV=1785290400000,0.007971,0.008073,0.007902,0.008064,14325258,0.00852814,0.0088263817,0.0082298983,3.3789804742,6.9942968741,18.1645927185,29.1302776133,18.2590608612,0.009298,-9.6875349983,36690446.6,0.39043564,-5.1769569398,0.0086603585,1,0.0084758573,0.0002740111"
2026-07-29T00:00:00.000-03:00,"CSV=1785294000000,0.008059,0.008119,0.007834,0.007903,23217651,0.00851084,0.0088195699,0.0082021101,3.5005101136,7.2549815917,16.8619802041,28.7523122641,18.779598094,0.009298,-12.5,33445572.6,0.6941920618,-6.3437715506,0.0086603585,1,0.0084701572,0.00027511"
2026-07-29T01:00:00.000-03:00,"CSV=1785297600000,0.007902,0.008058,0.007782,0.007984,23742462,0.00849316,0.008806212,0.008180108,3.5548992998,7.3718608285,15.6942122612,28.0658802202,19.4123966447,0.009298,-7.5069508804,27304064.6,0.8695577874,-6.4050902329,0.0086603585,1,0.0084653199,0.000275199"
2026-07-29T02:00:00.000-03:00,"CSV=1785301200000,0.007984,0.008106,0.007805,0.007893,29054835,0.00847288,0.0087912647,0.0081544953,3.6216030752,7.5153835107,15.7131253196,25.9647509534,19.7580558084,0.009298,-4.2227884965,25160365.3,1.1547858965,-5.8955323552,0.0086603585,1,0.0084596251,0.0002777791"
2026-07-29T03:00:00.000-03:00,"CSV=1785304800000,0.007893,0.00802,0.007806,0.007994,19649231,0.00845734,0.0087797316,0.0081349484,3.6719983669,7.6239479791,14.8653888261,24.5639305258,20.0806710279,0.009298,-1.1499938172,24712887.9,0.7951005597,-4.2351418127,0.0086603585,1,0.0084549921,0.0002714012"
2026-07-29T04:00:00.000-03:00,"CSV=1785308400000,0.007992,0.008062,0.007948,0.007988,10443733,0.0084394,0.0087624515,0.0081163485,3.6867702243,7.6557919049,15.521902736,23.8301283621,20.1494643798,0.009298,-0.7208550833,23770700,0.4393531953,-2.9289978699,0.0086603585,1,0.0084503454,0.0002556611"
2026-07-29T05:00:00.000-03:00,"CSV=1785312000000,0.007988,0.008039,0.007876,0.007881,8764107,0.00842062,0.008748261,0.008092979,3.7452130857,7.7818739323,14.8426393001,24.7203117265,20.4706318108,0.009298,2.8180039139,20411028,0.4293809699,-1.5493328286,0.0086603585,1,0.0084446802,0.000246395"
2026-07-29T06:00:00.000-03:00,"CSV=1785315600000,0.007881,0.007928,0.007814,0.007841,9969091,0.00840352,0.0087385703,0.0080684697,3.8341550838,7.9740475159,14.3713670881,25.6622330194,20.9861546124,0.009298,-1.0973763875,18340619.3,0.5435525833,-1.2317158092,0.0085704664,1,0.0084386735,0.0002331555"
2026-07-29T07:00:00.000-03:00,"CSV=1785319200000,0.007841,0.00785,0.007739,0.007757,8494622,0.0083847,0.0087289818,0.0080404182,3.944122798,8.2121425837,13.9105933635,27.0057988026,21.7207303132,0.009298,-2.1692521125,16773278.7,0.5064377783,-1.1873409463,0.0084573198,1,0.0084318906,0.0002209399"
2026-07-29T08:00:00.000-03:00,"CSV=1785322800000,0.007753,0.007842,0.007723,0.007833,9518775,0.00836982,0.0087214681,0.0080181719,4.0319828936,8.4027637857,13.4164922715,26.5241357652,22.4605363053,0.009298,-1.7066131259,15717976.5,0.6055979916,-1.1360677913,0.0084147378,1,0.0084259315,0.0002107459"
2026-07-29T09:00:00.000-03:00,"CSV=1785326400000,0.007836,0.007909,0.007756,0.007892,9010728,0.00835628,0.0087129954,0.0079995646,4.0940610729,8.5376591245,14.8333894004,25.2868430279,22.7001883328,0.009298,-2.1329365079,15186523.5,0.5933371123,-1.179228657,0.0084147378,1,0.0084206188,0.0002049713"
2026-07-29T10:00:00.000-03:00,"CSV=1785330000000,0.007897,0.008038,0.007845,0.008018,17389282,0.00834606,0.0087049937,0.0079871263,4.1233082176,8.6012734502,17.9177238074,23.7871488246,22.1250901269,0.009191,1.4551436163,14603686.6,1.1907460408,-0.2085836047,0.0084147378,1,0.0084166126,0.0002037742"
2026-07-29T11:00:00.000-03:00,"CSV=1785333600000,0.00802,0.00806,0.007931,0.007951,12880196,0.00833244,0.0086931811,0.0079716989,4.1497016587,8.6587141209,17.8825449581,22.8180196352,21.4585044645,0.008646,-0.4133266533,13517460,0.9528562319,-0.2703360289,0.0084147378,1,0.0084119797,0.0001962968"
2026-07-29T12:00:00.000-03:00,"CSV=1785337200000,0.007951,0.008064,0.007858,0.00797,12284723,0.0083207,0.0086834878,0.0079579122,4.1779045199,8.7201276469,16.7172274551,23.6403295622,21.17156505,0.008288,0.9755479539,11840448.8,1.0375217365,0.1571600498,0.0084147378,1,0.0084075819,0.0001972671"
2026-07-29T13:00:00.000-03:00,"CSV=1785340800000,0.00797,0.008107,0.007938,0.008039,14055190,0.00831266,0.0086771432,0.0079481768,4.2004980166,8.7693525116,17.1899986201,22.3595881527,20.6315380073,0.008135,0.5629221916,11281044.7,1.2459120918,0.3385572216,0.0084147378,1,0.0084039144,0.0001944404"
2026-07-29T14:00:00.000-03:00,"CSV=1785344400000,0.008042,0.008042,0.007919,0.00799,6820210,0.00830326,0.0086698765,0.0079366435,4.2286244644,8.8306645713,16.4932197063,22.079399763,20.2215849331,0.008119,0.0250375563,10918692.4,0.6246361515,0.2309179354,0.0084147378,1,0.0083997958,0.0001872964"
2026-07-29T15:00:00.000-03:00,"CSV=1785348000000,0.007982,0.008087,0.00796,0.008056,14218503,0.00829492,0.0086623225,0.0079275175,4.2413861604,8.8584953152,17.3060635136,21.1318155812,19.5370178007,0.008119,2.2205303895,11464132,1.2402598819,1.0719568764,0.0084147378,1,0.008396375,0.0001812667"
2026-07-29T16:00:00.000-03:00,"CSV=1785351600000,0.00805,0.008115,0.007956,0.008016,9872890,0.008286,0.0086546498,0.0079173502,4.2595577517,8.8981367784,17.3226117316,19.9815043796,18.7097240792,0.008119,2.2318581814,11454511.9,0.8619214931,1.355866763,0.0084147378,1,0.0083925901,0.00017904"
2026-07-29T17:00:00.000-03:00,"CSV=1785355200000,0.008017,0.008041,0.007816,0.007904,18753432,0.00827266,0.0086428204,0.0079024996,4.2828655516,8.9490049535,16.0019262078,23.2019601304,18.6867833196,0.008119,1.8950625242,12480392.9,1.5026315397,1.8531047482,0.0084147378,1,0.0083877286,0.000183636"
2026-07-29T18:00:00.000-03:00,"CSV=1785358800000,0.007902,0.007925,0.007823,0.007878,5422302,0.00825642,0.0086257256,0.0078871144,4.2814441322,8.9459020634,15.4305167891,22.3734462141,18.665371944,0.008119,0.5744925316,12070745.6,0.4492101963,1.3214257998,0.0084004173,1,0.0083826566,0.0001754724"
2026-07-29T19:00:00.000-03:00,"CSV=1785362400000,0.007876,0.008054,0.007868,0.008013,13860844,0.00824336,0.008609483,0.007877237,4.2525546876,8.8828577592,18.9473077368,20.9143136684,17.7499862048,0.008119,1.5331981754,12555757.2,1.103943297,1.4451384827,0.0084004173,1,0.0083789785,0.0001765252"
2026-07-29T20:00:00.000-03:00,"CSV=1785366000000,0.008007,0.0082,0.00798,0.008173,14207309,0.0082353,0.0085984351,0.0078721649,4.2232694841,8.8189886236,22.5670302397,19.3177326169,17.0838343283,0.0082,1.9331504116,12237559.9,1.160959302,1.7115286393,0.0084004173,1,0.0083769289,0.0001808727"
2026-07-29T21:00:00.000-03:00,"CSV=1785369600000,0.008172,0.008483,0.008104,0.008364,32397374,0.0082383,0.0086018661,0.0078747339,4.2265953766,8.826240214,29.0019265514,16.9319345273,17.6967049786,0.008483,5.1943151805,14189277.7,2.2832292584,5.094289892,0.0084004173,1,0.0083768003,0.0002006854"
2026-07-29T22:00:00.000-03:00,"CSV=1785373200000,0.008365,0.008406,0.008226,0.00838,22089715,0.00823936,0.0086032602,0.0078754598,4.2297947218,8.8332163632,27.2870582509,15.9307583559,18.2687175856,0.008483,5.1442910916,15169776.9,1.4561661088,5.8931740418,0.0084004173,1,0.0083768321,0.0001986169"
2026-07-29T23:00:00.000-03:00,"CSV=1785376800000,0.008379,0.008383,0.008233,0.008309,14861945,0.00823708,0.0086001788,0.0078739812,4.2219909088,8.8162010234,25.9187020916,15.1318832585,18.8025960188,0.008483,3.3586266949,15250452.4,0.9745248607,5.0198044318,0.0084004173,1,0.0083761572,0.0001937552"
2026-07-30T00:00:00.000-03:00,"CSV=1785380400000,0.008311,0.008362,0.008202,0.008333,13270382,0.00823396,0.0085955478,0.0078723722,4.2066868061,8.7828401918,24.5138031826,15.3618774171,19.079166033,0.008483,4.2928660826,15895469.6,0.8348530955,4.5411738004,0.0084004173,1,0.0083757277,0.0001903797"
2026-07-30T01:00:00.000-03:00,"CSV=1785384000000,0.008332,0.00852,0.008271,0.008506,11116528,0.00823264,0.0085931101,0.0078721699,4.1948731691,8.7570953828,27.7414978592,14.0885483318,19.9831614589,0.00852,5.585898709,15585272.1,0.7132713455,4.3555363629,0.0078067749,-1,0.008377024,0.0001962417"
2026-07-30T02:00:00.000-03:00,"CSV=1785387600000,0.008505,0.008563,0.008149,0.008316,32522559,0.00823022,0.0085897148,0.0078707252,4.1851776866,8.7359712945,24.1722431896,16.0673642583,19.9937204096,0.008563,3.7425149701,17850239,1.8219677059,5.1766047133,0.0078067749,-1,0.0083764168,0.0002180175"
2026-07-30T03:00:00.000-03:00,"CSV=1785391200000,0.008322,0.008406,0.008165,0.008251,13939639,0.00822616,0.0085842482,0.0078680718,4.1714563555,8.7060831708,22.3765938352,14.8737906197,20.0035754302,0.008563,4.3901821862,17368859.7,0.8025650066,4.625538674,0.0078067749,-1,0.0083751688,0.0002203158"
2026-07-30T04:00:00.000-03:00,"CSV=1785394800000,0.008248,0.00839,0.008202,0.008248,17448416,0.00822344,0.0085808347,0.0078660453,4.1650347451,8.692098409,21.0684905664,14.0042903609,20.0127734495,0.008563,4.6966235085,18571471.1,0.9395279408,4.5545621205,0.0078067749,-1,0.0083739035,0.0002170842"
2026-07-30T05:00:00.000-03:00,"CSV=1785398400000,0.00825,0.008538,0.008249,0.008398,16915462,0.00822356,0.0085810123,0.0078661077,4.1656195541,8.6933719083,23.7086204875,12.7704534911,20.6775733229,0.008563,4.8046923749,18876932.9,0.8960916527,4.4715229906,0.0078067749,-1,0.0083741433,0.0002243758"
2026-07-30T06:00:00.000-03:00,"CSV=1785402000000,0.008396,0.00905,0.008388,0.008603,129350078,0.00822746,0.0085879542,0.0078669658,4.1976729079,8.7631961254,33.2168569143,10.5064553275,22.7618133523,0.00905,5.261225988,30391209.8,4.2561674527,10.445234931,0.0079145854,-1,0.0083764204,0.0002681382"
2026-07-30T07:00:00.000-03:00,"CSV=1785405600000,0.008612,0.008804,0.008299,0.008398,81939851,0.00822228,0.0085783991,0.0078661609,4.1513472831,8.6622965799,29.0129063639,11.4072270941,24.1481396236,0.00905,0.406504065,35345457.5,2.3182569076,7.2776169062,0.0079145854,-1,0.0083766352,0.0002918244"
2026-07-30T08:00:00.000-03:00,"CSV=1785409200000,0.008395,0.008412,0.008101,0.008239,57124383,0.00821378,0.0085642823,0.0078632777,4.0926054639,8.5344940996,26.7768118102,15.4349053305,24.3295366645,0.00905,-1.6825775656,38848924.3,1.4704238027,4.0270439034,0.0079145854,-1,0.0083752657,0.0002937419"
2026-07-30T09:00:00.000-03:00,"CSV=1785412800000,0.008239,0.008383,0.008188,0.008263,21653751,0.00820042,0.0085357314,0.0078651086,3.9283263261,8.1779075473,25.458641289,14.6750748717,24.4988405693,0.00905,-0.5536165604,39528104.9,0.5478064545,2.5836043605,0.0079145854,-1,0.0083741486,0.0002838677"
2026-07-30T10:00:00.000-03:00,"CSV=1785416400000,0.008255,0.008439,0.008165,0.008296,25969193,0.0081887,0.008509929,0.007867471,3.7747549878,7.845664591,25.1122195925,13.6625109989,24.8341705011,0.00905,-0.4440177607,40797986,0.6365312494,1.6281925137,0.0079145854,-1,0.008373371,0.000282881"
2026-07-30T11:00:00.000-03:00,"CSV=1785420000000,0.008298,0.008336,0.008112,0.008133,12083185,0.00817368,0.0084792216,0.0078681384,3.6034154538,7.4762305547,23.6810107328,14.2323338723,24.8400105238,0.00905,-4.3851399012,40894651.7,0.2954710334,0.6535677363,0.0079145854,-1,0.0083709792,0.0002769929"
2026-07-30T12:00:00.000-03:00,"CSV=1785423600000,0.008134,0.008161,0.007939,0.008024,19909087,0.00815832,0.0084514436,0.0078651964,3.4683252822,7.1858802663,22.329659636,17.8671073985,23.9241277582,0.00905,-3.5113035113,39633304.5,0.5023322494,-0.1522351728,0.0079145854,-1,0.0083675267,0.0002714936"
2026-07-30T13:00:00.000-03:00,"CSV=1785427200000,0.008024,0.008186,0.007897,0.008033,29611369,0.00814636,0.0084320591,0.0078606609,3.3882478024,7.0141524718,20.6834012064,17.6212902537,22.862125144,0.00905,-2.6421039874,41200477.5,0.7187142188,-0.734462683,0.0079145854,-1,0.0083641981,0.0002732442"
2026-07-30T14:00:00.000-03:00,"CSV=1785430800000,0.008031,0.008165,0.008021,0.008136,10974615,0.00813452,0.0084078692,0.0078611708,3.2511119855,6.7207221751,19.9001516334,16.9539982581,21.8709227042,0.00905,-1.3579049467,40553097.4,0.2706233482,-0.6121353831,0.0079145854,-1,0.0083619275,0.0002603198"
2026-07-30T15:00:00.000-03:00,"CSV=1785434400000,0.008136,0.008139,0.008038,0.00804,3606349,0.00811674,0.0083656544,0.0078678256,2.9754328249,6.133359646,19.3495084684,16.4848760407,20.945800427,0.00905,-4.2629197428,39222186.1,0.0919466598,-0.5387439991,0.0079145854,-1,0.0083587242,0.0002443878"
2026-07-30T16:00:00.000-03:00,"CSV=1785438000000,0.008039,0.008065,0.007961,0.008008,7548768,0.00809626,0.0083084425,0.0078840775,2.5538185267,5.2414953323,18.7763173236,18.1897878535,19.6551916181,0.00905,-6.916192026,27042055.1,0.2791491982,-1.0027124857,0.0079145854,-1,0.0083552344,0.000230349"
2026-07-30T17:00:00.000-03:00,"CSV=1785441600000,0.008004,0.008081,0.008002,0.00803,6780058,0.00808422,0.0082822703,0.0078861697,2.3912564808,4.8996768007,18.811085005,17.7615670229,18.5361574923,0.00905,-4.3819957133,19526075.8,0.3472309577,-1.1756631798,0.0079145854,-1,0.0083519982,0.0002152141"
2026-07-30T18:00:00.000-03:00,"CSV=1785445200000,0.008028,0.008088,0.007993,0.008025,6706744,0.0080799,0.0082768361,0.0078829639,2.3793639778,4.8747151725,18.2573058752,17.5175802177,17.4382618799,0.00905,-2.5974025974,14484311.9,0.4630350441,-1.1846715953,0.0079145854,-1,0.0083487445,0.0002031927"
2026-07-30T19:00:00.000-03:00,"CSV=1785448800000,0.008017,0.008135,0.008012,0.008095,5304306,0.00808006,0.008277005,0.007883115,2.3794235761,4.8748402504,19.0402230819,16.8302612554,16.6864409432,0.00905,-2.0331598693,12849367.4,0.4128067814,-1.0695484575,0.0079145854,-1,0.0083462197,0.0001951735"
2026-07-30T20:00:00.000-03:00,"CSV=1785452400000,0.008095,0.008204,0.008092,0.008131,6170477,0.00808176,0.0082787705,0.0078847495,2.3797073866,4.8754358809,20.6095683742,16.2097678909,16.3706582603,0.00905,-1.9889103182,10869495.8,0.5676875095,-1.0893921534,0.0079145854,-1,0.0083440782,0.0001868561"
2026-07-30T21:00:00.000-03:00,"CSV=1785456000000,0.00813,0.008166,0.008042,0.008136,8880119,0.00809118,0.0082790881,0.0079032719,2.2696718887,4.644764696,19.7460084331,17.2201170056,15.7348136687,0.00905,0.0368867577,10549189.2,0.8417821343,-0.7159112311,0.0079145854,-1,0.0083420078,0.0001805705"
2026-07-30T22:00:00.000-03:00,"CSV=1785459600000,0.008137,0.008274,0.008106,0.008192,9207917,0.00809646,0.0082834154,0.0079095046,2.256984695,4.6182014909,22.2997588581,16.2327759292,15.7354988694,0.00905,2.0937188435,9479072.2,0.9713943312,0.2006680512,0.0079145854,-1,0.0083405152,0.0001793134"
2026-07-30T23:00:00.000-03:00,"CSV=1785463200000,0.008197,0.008269,0.007993,0.008013,13251076,0.00809814,0.008283957,0.007912323,2.2430947874,4.5891280673,20.255494823,18.497923175,14.9888168601,0.00905,-0.2489729864,7843042.9,1.6895325155,-0.0064372846,0.0079145854,-1,0.0083372563,0.0001889821"
2026-07-31T00:00:00.000-03:00,"CSV=1785466800000,0.008012,0.00803,0.007915,0.007997,10552234,0.0080987,0.0082841688,0.0079132312,2.2388346009,4.580212586,19.459129728,20.4373094095,14.1530155333,0.00905,-1.7084562439,7800804.8,1.3527109408,-0.774640674,0.0079145854,-1,0.0083338707,0.0001815839"
2026-07-31T01:00:00.000-03:00,"CSV=1785470400000,0.007996,0.008034,0.007905,0.007923,15756046,0.00809588,0.0082829203,0.0079088397,2.2581441296,4.6206287152,18.5811257663,19.864940217,13.4320985581,0.00905,-1.4552238806,9015774.5,1.7476087052,-1.3641477566,0.0079145854,-1,0.0083297824,0.0001763255"
2026-07-31T02:00:00.000-03:00,"CSV=1785474000000,0.007923,0.007967,0.00788,0.007936,4686843,0.00809654,0.0082829557,0.0079101243,2.2505937995,4.6048234705,17.9944418162,20.145025109,12.9125409565,0.008804,-0.8991008991,8729582,0.5368920299,-1.07033854,0.0079145854,-1,0.0083258642,0.000167393"
2026-07-31T03:00:00.000-03:00,"CSV=1785477600000,0.007932,0.008031,0.007929,0.008013,10878284,0.00809712,0.0082832295,0.0079110105,2.2468229206,4.5969307347,19.7016382664,19.3765108958,12.1071710765,0.008439,-0.2117061021,9139404.6,1.1902617814,-0.7975542541,0.0079145854,-1,0.0083227511,0.0001608537"
2026-07-31T04:00:00.000-03:00,"CSV=1785481200000,0.008006,0.008006,0.007816,0.00792,15446509,0.00809766,0.0082832148,0.0079121052,2.2401302641,4.5829239955,18.2601297031,22.1556762349,11.9426043991,0.008439,-1.308411215,10013381.1,1.5425867492,-1.2044821036,0.0079145854,-1,0.0083187436,0.0001644683"
2026-07-31T05:00:00.000-03:00,"CSV=1785484800000,0.007921,0.008011,0.00788,0.007918,6453525,0.00809614,0.0082828454,0.0079094346,2.2541219552,4.6122087197,17.5445112867,21.0579374472,11.7532016339,0.008439,-2.1865348981,10128303,0.6371773238,-1.267391554,0.0079145854,-1,0.0083147561,0.0001611215"
2026-07-31T06:00:00.000-03:00,"CSV=1785488400000,0.007913,0.00815,0.007905,0.008129,14140125,0.00809896,0.0082850747,0.0079128453,2.2463851981,4.5960145876,21.0839960495,19.1560772413,11.2890576576,0.008336,-0.0245972205,10925267.8,1.2942588922,-0.8555394265,0.0079145854,-1,0.0083129078,0.0001695093"
2026-07-31T07:00:00.000-03:00,"CSV=1785492000000,0.008133,0.008227,0.008082,0.00817,9393928,0.00810474,0.0082884683,0.0079210117,2.216673229,4.5338470314,22.8184223528,18.1184328744,11.3018585576,0.008274,0.4178957719,10976648.7,0.8558102074,-0.4511464619,0.0079145854,-1,0.0083114858,0.0001670584"
2026-07-31T08:00:00.000-03:00,"CSV=1785495600000,0.008169,0.008227,0.008047,0.008072,11085784,0.00810936,0.0082892627,0.0079294573,2.1703103255,4.436915486,21.2849290411,18.2075463916,11.0678897573,0.008274,-1.46484375,11164435.4,0.9929551834,-0.7856057061,0.0079145854,-1,0.0083091029,0.0001683525"
2026-07-31T09:00:00.000-03:00,"CSV=1785499200000,0.008079,0.008166,0.00803,0.008059,5227957,0.0081154,0.0082883048,0.0079424952,2.0861301904,4.2611535923,20.1867040687,17.9130577435,10.7278713044,0.008274,0.5740671409,10362123.5,0.5045256409,-0.4271932733,0.0079145854,-1,0.0083066143,0.0001651173"
2026-07-31T10:00:00.000-03:00,"CSV=1785502800000,0.008059,0.008095,0.008001,0.008057,8249638,0.00811988,0.0082882523,0.0079515077,2.0314570191,4.1471618486,19.4437675651,18.3892185359,10.1985052071,0.008274,0.7502813555,10131863.9,0.8142270841,-0.0811623821,0.0079145854,-1,0.0083041306,0.0001580056"
2026-07-31T11:00:00.000-03:00,"CSV=1785506400000,0.008059,0.008201,0.00796,0.0081,13453671,0.00812404,0.0082892709,0.0079588091,1.9933099866,4.067701881,21.6968712224,16.7008146266,10.3860280714,0.008274,2.2340022719,9901626.4,1.3587334501,0.9576962834,0.0079145854,-1,0.0083020994,0.000166305"
2026-07-31T12:00:00.000-03:00,"CSV=1785510000000,0.0081,0.008147,0.00799,0.008036,10639899,0.0081244,0.0082894189,0.0079593811,1.9907174416,4.0623038749,20.3901602234,15.6949950344,10.5610494115,0.008274,1.2600806452,10496932,1.0136198844,1.0642117882,0.0079145854,-1,0.0082994517,0.0001653745"
2026-07-31T13:00:00.000-03:00,"CSV=1785513600000,0.008036,0.008087,0.008003,0.008056,4493359,0.0081265,0.0082899596,0.0079630404,1.9717783364,4.022878928,19.7096961183,15.1712188289,10.7244026622,0.008274,0.5366279795,9858439.5,0.4557880585,0.7910040671,0.0079145854,-1,0.0082970293,0.0001572371"
2026-07-31T14:00:00.000-03:00,"CSV=1785517200000,0.00805,0.008203,0.008048,0.008109,9178834,0.00812928,0.0082912294,0.0079673306,1.95326136,3.984347439,23.1218776773,14.2322041473,11.5960024349,0.008274,2.3863636364,9231672,0.9942764431,1.3182377608,0.0079145854,-1,0.0082951583,0.0001570133"
2026-07-31T15:00:00.000-03:00,"CSV=1785520800000,0.00811,0.008184,0.008104,0.008126,4537522,0.00813102,0.0082924566,0.0079695834,1.9467887415,3.97088217,22.3566679218,13.7611947592,12.4094955561,0.008274,2.6269259914,9040071.7,0.5019342933,1.3183399209,0.0079145854,-1,0.0082934752,0.000149312"
2026-07-31T16:00:00.000-03:00,"CSV=1785524400000,0.008127,0.008182,0.008078,0.008139,3571450,0.008134,0.0082941763,0.0079738237,1.931189699,3.938438109,21.3715244659,14.2564311457,12.9135648477,0.008274,0.1230163612,7983204.2,0.4473704932,0.8972379107,0.0079145854,-1,0.0082919381,0.0001447808"
2026-07-31T17:00:00.000-03:00,"CSV=1785528000000,0.008138,0.008254,0.008118,0.008208,4956605,0.00813704,0.0082971495,0.0079769305,1.9296923405,3.9353243332,23.2072727225,13.4274318708,13.8323647622,0.008274,0.4651162791,7539471.9,0.657420714,0.7000842992,0.0079145854,-1,0.0082911029,0.0001439027"
2026-07-31T18:00:00.000-03:00,"CSV=1785531600000,0.008206,0.008242,0.008136,0.008176,6552422,0.00814024,0.008299495,0.007980985,1.9188512207,3.9127829244,22.1325298617,12.8055993653,14.6899113491,0.008269,1.2884043608,7086135.7,0.9246819815,0.8638442985,0.0079145854,-1,0.0082899576,0.0001401125"
2026-07-31T19:00:00.000-03:00,"CSV=1785535200000,0.008177,0.008237,0.008154,0.008181,3717977,0.00814578,0.0083014993,0.0079900607,1.8757969696,3.8233115004,21.3047912823,12.3266803853,15.4902881635,0.008254,1.5138354635,6935137.7,0.5361071634,0.8464222111,0.0079145854,-1,0.0082888734,0.0001344012"
2026-07-31T20:00:00.000-03:00,"CSV=1785538800000,0.00817,0.008226,0.008156,0.008186,5995791,0.00815194,0.0083029657,0.0080009143,1.8189373781,3.7052713213,20.6083437571,11.923724734,16.2373065236,0.008254,1.6010922179,6709753,0.8935934005,1.0411899539,0.0079145854,-1,0.0082878498,0.0001279611"
2026-07-31T21:00:00.000-03:00,"CSV=1785542400000,0.008187,0.008333,0.008152,0.00832,11045981,0.00815808,0.0083095722,0.0080065878,1.8231041747,3.7139169239,23.8061423857,10.9335411591,17.6251165795,0.008333,2.7160493827,6468984,1.7075294977,2.2400381153,0.0079145854,-1,0.0082881697,0.000133265"
2026-07-31T22:00:00.000-03:00,"CSV=1785546000000,0.008316,0.00835,0.008144,0.008196,9096748,0.00815854,0.0083101117,0.0080069683,1.8239425308,3.7156565008,22.3759373818,9.9281733049,19.0189798299,0.00835,1.9910403186,6314668.9,1.440574026,2.4494390661,0.0079145854,-1,0.0082872526,0.0001405385"
2026-07-31T23:00:00.000-03:00,"CSV=1785549600000,0.008197,0.008559,0.008186,0.008402,18139924,0.0081593,0.0083119911,0.0080066089,1.8369977984,3.7427498287,27.4709549796,8.4252060566,21.2882411182,0.008559,4.2949354518,7679325.4,2.362176761,5.0147582822,0.0079145854,-1,0.0082883944,0.0001637846"
2026-08-01T00:00:00.000-03:00,"CSV=1785553200000,0.008402,0.008545,0.008363,0.008539,5556781,0.00816248,0.0083212683,0.0080036917,1.9082225317,3.8906880495,25.4562976543,7.8073206169,23.4062183206,0.008559,5.3027500308,7317120.1,0.759421866,4.6855136292,0.0079571815,-1,0.008290888,0.0001656062"
2026-08-01T01:00:00.000-03:00,"CSV=1785556800000,0.008533,0.0087,0.008502,0.008583,14463978,0.00816796,0.0083361595,0.0079997605,2.0177099445,4.11851967,29.6164874914,7.1924792578,25.9071345075,0.0087,5.6239232095,8309765.7,1.7405999786,6.3866759589,0.0080944633,-1,0.0082937946,0.0001688456"
2026-08-01T02:00:00.000-03:00,"CSV=1785560400000,0.008584,0.008844,0.0085,0.008634,21349801,0.00817398,0.0083530161,0.0079949439,2.1433711784,4.3806356386,31.1819051414,6.272906034,28.6136013706,0.008844,6.0818282344,10087600.8,2.116439917,8.5483919872,0.008112917,-1,0.0082971797,0.000186361"
2026-08-01T03:00:00.000-03:00,"CSV=1785564000000,0.008634,0.009038,0.008534,0.008923,31521455,0.00818232,0.0083848052,0.0079798348,2.4149064707,4.9493347464,32.4038061359,5.224382903,31.5214644448,0.009038,8.7110136452,12744085.8,2.4734182973,12.8809215041,0.0081316253,-1,0.0083034068,0.0002181249"
2026-08-01T04:00:00.000-03:00,"CSV=1785567600000,0.008923,0.008954,0.008691,0.008744,29933294,0.00819088,0.0084073962,0.0079743638,2.5753062721,5.2867628803,29.634358258,4.7778718949,34.2354699808,0.009038,6.9471624266,15082173,1.9846804569,13.1832468357,0.0081546628,-1,0.0083077908,0.0002226124"
2026-08-01T05:00:00.000-03:00,"CSV=1785571200000,0.008748,0.008769,0.00865,0.008737,11945224,0.0082006,0.0084301157,0.0079710843,2.7225683858,5.5975334476,28.4553534101,5.9585298663,36.3111959854,0.009038,6.7962351791,15904897.7,0.7510406056,10.4902474186,0.0081546628,-1,0.0083120615,0.0002122512"
2026-08-01T06:00:00.000-03:00,"CSV=1785574800000,0.008736,0.008817,0.008577,0.008619,13135713,0.00820802,0.0084448292,0.0079712108,2.8041922501,5.7701917706,26.2027036526,7.8947425409,37.4699866985,0.009038,5.2895186904,16618889.9,0.7904085699,8.387125247,0.0081546628,-1,0.0083151156,0.0002150261"
2026-08-01T07:00:00.000-03:00,"CSV=1785578400000,0.008619,0.008787,0.008554,0.008778,12396489,0.00821562,0.0084642091,0.0079670309,2.9369445659,6.0516219127,24.2091957837,8.045115286,38.3129529656,0.009038,5.5048076923,16753940.7,0.739914819,6.9491130937,0.0081546628,-1,0.0083197214,0.0002168234"
2026-08-01T08:00:00.000-03:00,"CSV=1785582000000,0.008778,0.008859,0.008667,0.008705,10222854,0.00821766,0.0084698127,0.0079655073,2.9770752846,6.1368491897,25.0457569801,7.5387327406,39.3406288244,0.009038,6.2103465105,16866551.3,0.6061022089,5.8874436419,0.0081546628,-1,0.008323555,0.0002143411"
2026-08-01T09:00:00.000-03:00,"CSV=1785585600000,0.008704,0.008838,0.008682,0.008802,15777439,0.00822574,0.0084897368,0.0079617432,3.1095993889,6.4187976709,23.7446902909,7.1471137508,40.2997929593,0.009038,4.7607712449,16630302.8,0.9487162795,5.4305028223,0.0081546628,-1,0.0083283157,0.000208507"
2026-08-01T10:00:00.000-03:00,"CSV=1785589200000,0.008798,0.008964,0.008771,0.008831,21268353,0.00823758,0.0085148477,0.0079603123,3.2562854365,6.7317767386,26.4208395416,6.6866753196,41.5868933464,0.009038,3.4196041691,18201460,1.1684970876,4.952267719,0.0082466311,-1,0.0083333175,0.0002069563"
2026-08-01T11:00:00.000-03:00,"CSV=1785592800000,0.008831,0.009486,0.008818,0.00933,56019984,0.00825892,0.008575585,0.007942255,3.6926342271,7.6684357369,36.3948143492,5.3972509842,43.7591624313,0.009486,8.7032506117,22357060.6,2.5056954043,10.5707434995,0.008392818,-1,0.0083432348,0.0002530607"
2026-08-01T12:00:00.000-03:00,"CSV=1785596400000,0.009329,0.009672,0.009164,0.009543,177963057,0.00828386,0.0086480089,0.0079197111,4.2107834212,8.7917692025,36.4246003564,4.6643763589,45.9949659706,0.009672,10.5281445448,38018386.2,4.6809734654,23.4744840844,0.0085823362,-1,0.0083551727,0.0002785546"
2026-08-01T13:00:00.000-03:00,"CSV=1785600000000,0.009544,0.01,0.009444,0.00986,310849062,0.0083184,0.0087434184,0.0078933816,4.8610089945,10.2187524655,39.5245732596,4.0236767522,48.3633571581,0.01,10.5009525944,65951146.9,4.7133230673,32.1477834203,0.0088031026,-1,0.0083701461,0.0003062991"
2026-08-01T14:00:00.000-03:00,"CSV=1785603600000,0.009861,0.01029,0.00966,0.010219,292318150,0.0083623,0.008861525,0.007863075,5.6336236828,11.9398961847,40.4546118083,3.4485922081,50.7584680376,0.01029,16.8687099726,92189632.5,3.1708353974,39.2611565098,0.0089589923,-1,0.0083885427,0.0003386692"
2026-08-01T15:00:00.000-03:00,"CSV=1785607200000,0.010213,0.010868,0.010045,0.010723,565840060,0.0084161,0.0090124392,0.0078197608,6.6168458223,14.1713907193,45.4182833365,2.873715303,53.2478092463,0.010868,22.7309145015,147579116.1,3.8341472354,55.2253286714,0.0092951931,-1,0.0084117711,0.0003871023"
2026-08-01T16:00:00.000-03:00,"CSV=1785610800000,0.010724,0.010888,0.010164,0.010525,895851862,0.00846388,0.0091277456,0.0078000144,7.2730514689,15.6870286018,39.626201056,2.4835040061,55.5782619852,0.010888,22.1139343311,235850731,3.7983849285,64.8159640718,0.0092951931,-1,0.0084327983,0.0004207921"
2026-08-01T17:00:00.000-03:00,"CSV=1785614400000,0.010526,0.011257,0.010367,0.010908,624134129,0.00852124,0.009265087,0.007777393,8.0284946511,17.4586566146,39.9045094598,2.1067309505,57.871086653,0.011257,24.2652084757,297024495,2.1012884106,60.2067098313,0.0094088614,-1,0.0084574271,0.0004677129"
2026-08-01T18:00:00.000-03:00,"CSV=1785618000000,0.010909,0.011435,0.0109,0.01117,431148110,0.00858448,0.0094117402,0.0077572198,8.7896621075,19.2733900796,39.3140424956,1.9192042282,60.0590799838,0.011435,28.3170591614,339117020.6,1.2713844597,52.1384295413,0.0097441753,-1,0.0084844179,0.0004744416"
2026-08-01T19:00:00.000-03:00,"CSV=1785621600000,0.011177,0.011346,0.010838,0.011258,375688978,0.00864904,0.0095529186,0.0077451614,9.461806128,20.9012478012,36.0494713261,2.7732963164,61.7693440967,0.011435,27.9027493751,375108174.5,1.0015483627,44.0742706779,0.0097441753,-1,0.0085120158,0.0004777974"
2026-08-01T20:00:00.000-03:00,"CSV=1785625200000,0.01126,0.01166,0.01111,0.011429,365386368,0.00871712,0.0096964753,0.0077377647,10.1001162078,22.469698028,37.8982145303,2.5296289028,63.4837684511,0.01166,29.4190918356,409519976,0.8922308786,38.1323878375,0.009929947,-1,0.0085410405,0.0004850177"
2026-08-01T21:00:00.000-03:00,"CSV=1785628800000,0.011428,0.0119,0.011248,0.011359,371711916,0.0087824,0.0098248611,0.0077399389,10.6104413382,23.7397778824,37.7889472254,2.2756725511,65.1608498396,0.0119,21.7470525188,441089169.2,0.8427137685,31.5304387519,0.0100688523,-1,0.0085690799,0.0005017159"
2026-08-01T22:00:00.000-03:00,"CSV=1785632400000,0.011359,0.011429,0.010254,0.010568,816414950,0.00883114,0.0098986748,0.0077636052,10.7846232908,24.1766020357,31.6531299285,15.642039162,63.0736961012,0.0119,10.7408571728,504934358.5,1.6168734337,26.8091613738,0.0100688523,-1,0.0085889696,0.0005690443"
2026-08-01T23:00:00.000-03:00,"CSV=1785636000000,0.01056,0.01367,0.010454,0.013293,1141300784,0.00893428,0.0101661453,0.0077024147,12.1173294246,27.5761520338,43.9201707551,10.5964694289,62.9438325557,0.01367,34.8174442191,587979530.7,1.9410552994,40.4003024534,0.0100688523,-1,0.0086357759,0.0008337399"
2026-08-02T00:00:00.000-03:00,"CSV=1785639600000,0.013302,0.013884,0.012501,0.012764,1335540968,0.00902572,0.0103641693,0.0076872707,12.9141971722,29.6585591516,40.2394025305,9.225367112,62.9275264911,0.013884,24.9045894902,692301812.5,1.9291311158,42.9482744726,0.0105265023,-1,0.0086768528,0.0008886659"
2026-08-02T01:00:00.000-03:00,"CSV=1785643200000,0.012764,0.01287,0.011342,0.012737,1420620225,0.0091202,0.0105476032,0.0076927968,13.5329625914,31.3020151886,34.8946039201,18.0748882373,60.8492640984,0.013884,18.7820572601,777779829,1.8265069008,40.0673687142,0.0105265023,-1,0.0087172522,0.0009525993"
2026-08-02T02:00:00.000-03:00,"CSV=1785646800000,0.012744,0.013177,0.012518,0.012922,1027947926,0.0092187,0.0107325097,0.0077048903,14.104899229,32.8421507219,35.5706744901,17.0296601151,59.1425699938,0.013884,22.7743467933,790989435.4,1.2995722572,36.5772155658,0.0105265023,-1,0.0087590905,0.0009232394"
2026-08-02T03:00:00.000-03:00,"CSV=1785650400000,0.012924,0.013697,0.012904,0.013345,1008361024,0.00932714,0.0109354965,0.0077187835,14.7076681364,34.4876680354,37.6523987899,15.8480801449,57.9167567236,0.013884,22.3414008067,829412124.9,1.2157538981,33.438692084,0.0105698537,-1,0.0088047215,0.0009102154"
2026-08-02T04:00:00.000-03:00,"CSV=1785654000000,0.013344,0.014061,0.013223,0.01377,1128120428,0.00944382,0.0111553314,0.0077323086,15.3425418535,36.2461670581,38.0737095992,14.6937652689,57.0094723613,0.014061,23.2766338406,899109356.7,1.2547088067,32.0275938791,0.0109330183,-1,0.0088541272,0.0009029939"
2026-08-02T05:00:00.000-03:00,"CSV=1785657600000,0.01377,0.014361,0.013346,0.014034,1223293268,0.00956424,0.0113795142,0.0077489658,15.9521237824,37.9596118315,37.3381835452,13.4248241076,56.3493639329,0.014361,24.6580209629,983869785.7,1.2433487498,31.5712357648,0.0111109165,-1,0.0089056682,0.0009141945"
2026-08-02T06:00:00.000-03:00,"CSV=1785661200000,0.014031,0.016115,0.013951,0.015398,2100392304,0.0097138,0.0116884992,0.0077391008,16.8943774453,40.6576039647,44.5410455606,11.2128551123,56.5778946759,0.016115,34.7274477207,1157370379.3,1.8147970102,42.0552466079,0.0119154748,-1,0.0089702686,0.0010391751"
2026-08-02T07:00:00.000-03:00,"CSV=1785664800000,0.015391,0.015625,0.013781,0.014651,2278060689,0.00984846,0.0119231466,0.0077737734,17.4004954708,42.1322030198,38.7168338947,10.9521491484,56.5326645482,0.016115,28.9814244212,1348005256.6,1.6899494107,44.3625447791,0.0119154748,-1,0.0090267932,0.0011196576"
2026-08-02T08:00:00.000-03:00,"CSV=1785668400000,0.01465,0.01548,0.014093,0.015202,1967979633,0.00998992,0.0121804429,0.0077993971,17.9839345041,43.8546628527,35.025834289,9.9080457411,56.4904497624,0.016115,43.8493565481,1463161724.9,1.3450185304,49.2344288875,0.0119154748,-1,0.0090882381,0.0011463918"
2026-08-02T09:00:00.000-03:00,"CSV=1785672000000,0.015196,0.015665,0.014626,0.014955,1741955986,0.01012562,0.0124074557,0.0078437843,18.3908430065,45.0705378761,33.8018780283,9.2038159414,56.5375678859,0.016115,12.5028210336,1523227245.1,1.143595607,37.5890096615,0.0119154748,-1,0.0091466138,0.0011356526"
2026-08-02T10:00:00.000-03:00,"CSV=1785675600000,0.014953,0.016835,0.0148,0.015907,1889093636,0.01028232,0.0126836445,0.0078809955,18.9324486639,46.7078340271,36.876991421,8.0092016329,57.0559496988,0.016835,24.6239423378,1578582511.9,1.1967024984,34.8818508801,0.0121407379,-1,0.0092138814,0.0012255874"
2026-08-02T11:00:00.000-03:00,"CSV=1785679200000,0.015911,0.017265,0.015546,0.016927,2432996869,0.01045968,0.013012928,0.007906432,19.6208567384,48.8207660401,35.6299751026,7.1672502023,57.685953401,0.017265,32.8962864097,1679820176.3,1.4483674523,39.1365374321,0.0125807141,-1,0.0092906288,0.0012749286"
2026-08-02T12:00:00.000-03:00,"CSV=1785682800000,0.016936,0.01724,0.016296,0.016871,1806174686,0.01063596,0.0133182433,0.0079536767,20.1399179481,50.4380096555,33.5545432198,6.7497607278,58.2739568563,0.017265,30.5602847856,1757642852.3,1.0276118858,36.5590622477,0.0130424927,-1,0.0093660554,0.0012418358"
2026-08-02T13:00:00.000-03:00,"CSV=1785686400000,0.016873,0.018444,0.016451,0.018018,2547365796,0.01083432,0.0136832786,0.0079853614,20.8207309414,52.5913694051,36.6812853299,5.963937956,59.1910253114,0.018444,35.0168602473,1911543329.5,1.3326225761,39.9274610012,0.0134966435,-1,0.0094521444,0.0013169522"
2026-08-02T14:00:00.000-03:00,"CSV=1785690000000,0.018021,0.018667,0.0173,0.017944,2029057125,0.01103248,0.0140210644,0.0080438956,21.3149611765,54.1779263129,35.0759709598,5.4938915331,60.1060496681,0.018667,30.3122730574,2001636999.2,1.0136988504,36.8608127845,0.0140176291,-1,0.0095366405,0.001321957"
2026-08-02T15:00:00.000-03:00,"CSV=1785693600000,0.017941,0.018504,0.017688,0.018374,1293011704,0.01123884,0.0143677092,0.0081099708,21.7770913888,55.6795746296,33.39273687,5.2302493513,60.9600724011,0.018667,30.9248966795,2008608842.8,0.6437349455,31.2096874161,0.0142819162,-1,0.0096245744,0.0012713613"
2026-08-02T16:00:00.000-03:00,"CSV=1785697200000,0.018374,0.01878,0.017764,0.018121,1231900138,0.01143908,0.0146796186,0.0081985414,22.0750873645,56.6573297752,33.0180588734,4.915565078,61.8349565895,0.01878,17.6841148201,1921759626.2,0.6410271718,24.5851243135,0.0145345246,-1,0.0097091159,0.0012458251"
2026-08-02T17:00:00.000-03:00,"CSV=1785700800000,0.018119,0.018269,0.016671,0.017343,1814623418,0.01162342,0.0149316982,0.0083151418,22.1560748371,56.9243516197,29.9785109664,10.7595759367,60.8577476635,0.01878,18.3741724114,1875415899.1,0.9675845336,22.3162712232,0.0145345246,-1,0.009785075,0.0012810426"
2026-08-02T18:00:00.000-03:00,"CSV=1785704400000,0.01735,0.022,0.017213,0.019529,1899115778,0.01185122,0.0153008507,0.0084015893,22.5453525699,58.2156224783,40.9174781371,8.3055649189,61.2174542451,0.022,28.4633600842,1868529513.6,1.0163691631,24.5206079716,0.0147115849,-1,0.0098820295,0.0016316384"
2026-08-02T19:00:00.000-03:00,"CSV=1785708000000,0.01953,0.0207,0.019008,0.019855,1471969411,0.01208416,0.015670445,0.008497875,22.8856615065,59.355139274,37.6642754305,7.6452190837,61.5531803879,0.022,32.7649615513,1841530856.1,0.7993183531,25.0769503494,0.0149409764,-1,0.009981263,0.0016376745"
2026-08-02T20:00:00.000-03:00,"CSV=1785711600000,0.019856,0.021016,0.0196,0.020607,1140151426,0.01233278,0.0160673389,0.0085982211,23.2431698738,60.5631312173,36.6429360877,7.1364610461,61.9428406571,0.022,29.5467404287,1766636635.1,0.6453797025,23.074255749,0.0154614788,-1,0.0100869917,0.0016155071"
2026-08-02T21:00:00.000-03:00,"CSV=1785715200000,0.020607,0.021599,0.019593,0.020813,1941528034,0.01258542,0.0164553864,0.0087154536,23.5179309464,61.4992016755,35.9475300839,6.4817570445,62.4431031781,0.022,22.9574053288,1717489751.6,1.1304451932,24.0335333331,0.0156323309,-1,0.0101937182,0.0016545564"
2026-08-02T22:00:00.000-03:00,"CSV=1785718800000,0.020815,0.0225,0.018353,0.020068,2600745577,0.01282306,0.0167794282,0.0088666918,23.5786831399,61.707084119,29.8765492621,10.4369268176,61.4949730777,0.0225,18.9496769605,1796946840.7,1.4473135866,25.1643971978,0.0156323309,-1,0.0102919697,0.0019038007"
2026-08-02T23:00:00.000-03:00,"CSV=1785722400000,0.020069,0.021235,0.019159,0.02063,1543173942,0.01306926,0.0171196489,0.0090188711,23.6592988725,61.983446636,27.3950275269,9.5700442162,60.6100516506,0.0225,14.4966144966,1696527655.3,0.9096073012,21.1716735949,0.0156323309,-1,0.0103948357,0.0019210207"
2026-08-03T00:00:00.000-03:00,"CSV=1785726000000,0.020631,0.021432,0.019706,0.021147,1350348399,0.01332828,0.0174717789,0.0091847811,23.7153808852,62.176048489,26.2940505022,8.9107509789,59.8612240908,0.0225,17.8499777084,1628656782.7,0.8291178432,19.0476940696,0.0156323309,-1,0.0105018224,0.0019015186"
2026-08-03T01:00:00.000-03:00,"CSV=1785729600000,0.021147,0.022286,0.02073,0.020895,1170236645,0.01357814,0.0177931007,0.0093631793,23.6887362232,62.0845077144,28.0778125361,8.3548044889,59.4795143954,0.0225,13.7204745837,1616379276.8,0.7239864194,16.0096084685,0.0159070998,-1,0.0106052371,0.0018669667"
2026-08-03T02:00:00.000-03:00,"CSV=1785733200000,0.020893,0.021167,0.0188,0.018895,1894128381,0.01378526,0.0180019549,0.0095685651,23.4235390494,61.1768649495,25.4861697257,15.1097542886,57.2182294076,0.0225,4.2712874565,1682602101.1,1.1257137857,12.2758213698,0.0159070998,-1,0.0106877223,0.0019169701"
2026-08-03T03:00:00.000-03:00,"CSV=1785736800000,0.018902,0.019928,0.016902,0.019396,3362577353,0.01400152,0.0182231412,0.0097798988,23.1662652069,60.3023275368,22.625638995,20.4538034324,53.7397785323,0.0225,11.8376290146,1837397494.6,1.8300761609,15.4051351337,0.0159070998,-1,0.0107743718,0.0020278731"
2026-08-03T04:00:00.000-03:00,"CSV=1785740400000,0.0194,0.019699,0.017526,0.017784,1767200719,0.01418452,0.018367645,0.010001395,22.7744219296,58.9815511872,20.8270808759,18.8278889449,50.493224382,0.0225,-8.9354293615,1824205988.7,0.96875064,7.3846891183,0.0159070998,-1,0.0108441194,0.0020423857"
2026-08-03T05:00:00.000-03:00,"CSV=1785744000000,0.017791,0.0196,0.017113,0.019218,2381360182,0.01439042,0.0185628517,0.0102179883,22.4773206148,57.9890189377,18.9772338546,18.630573651,47.188461238,0.0225,-3.2082598842,1915145065.8,1.2434359279,3.5933708768,0.0159070998,-1,0.0109274416,0.0020868472"
2026-08-03T06:00:00.000-03:00,"CSV=1785747600000,0.019218,0.020788,0.01921,0.020062,1938264127,0.01461678,0.0187837504,0.0104498096,22.1839107488,57.0162570806,22.1835728766,17.5696941691,44.816316363,0.0225,-2.6447323725,1994956335.9,0.9715822307,1.5390555919,0.0159070998,-1,0.0110183327,0.0020359625"
2026-08-03T07:00:00.000-03:00,"CSV=1785751200000,0.02006,0.020922,0.01961,0.020133,1164475896,0.0148447,0.0189954629,0.0106939371,21.8513384108,55.9224891802,21.6056893288,16.7214817231,42.6781259203,0.0225,-3.2671887762,1917251122.1,0.6073674349,0.3645757058,0.0159070998,-1,0.0111090259,0.0019635662"
2026-08-03T08:00:00.000-03:00,"CSV=1785754800000,0.020138,0.020631,0.01921,0.020175,1222019415,0.01507582,0.0191951004,0.0109565396,21.4600618226,54.6475139162,20.4594936016,17.3277290413,40.385443722,0.0225,0.5331871636,1779378505.9,0.6867675489,0.3651090177,0.0159070998,-1,0.0111992346,0.0019093096"
2026-08-03T09:00:00.000-03:00,"CSV=1785758400000,0.02018,0.020373,0.01786,0.018377,1649076519,0.0152678,0.0193120947,0.0112235053,20.9417714038,52.9780941863,18.5907520168,20.6518078765,38.0432203607,0.0225,-10.9209888512,1789968763.6,0.9212878753,-3.1103855263,0.0159070998,-1,0.0112706552,0.0019696786"
2026-08-03T10:00:00.000-03:00,"CSV=1785762000000,0.018384,0.019,0.017666,0.0185,1513287880,0.0154637,0.0194216639,0.0115057361,20.3791186491,51.1903870022,17.6726667413,20.350117246,35.9764523585,0.0225,-12.5171419114,1806262711.7,0.8378005426,-5.5692131128,0.0159070998,-1,0.0113425889,0.0019061108"
2026-08-03T11:00:00.000-03:00,"CSV=1785765600000,0.018499,0.019657,0.0177,0.019327,1247539550,0.0156742,0.0195513259,0.0117970741,19.830501025,49.4714355921,18.8178926047,18.8842832504,33.589761691,0.0225,-7.5041876047,1813993002.2,0.6877311811,-5.4330966768,0.0159070998,-1,0.0114220358,0.0019111997"
2026-08-03T12:00:00.000-03:00,"CSV=1785769200000,0.019328,0.0205,0.018812,0.019769,992110888,0.01589296,0.0196854538,0.0121004662,19.2654628725,47.7254556921,20.7603608033,17.7056604323,31.8798639376,0.0225,4.6255623181,1723791252.9,0.5755400408,-2.7346656761,0.0159070998,-1,0.0115050902,0.0018888797"
2026-08-03T13:00:00.000-03:00,"CSV=1785772800000,0.019767,0.020166,0.019511,0.019839,731358630,0.01610314,0.0198164686,0.0123898114,18.7385990599,46.1193108735,20.235292377,17.2578511024,30.2839593677,0.0225,2.2839760775,1460669380.6,0.5007010072,-1.4419140766,0.0159070998,-1,0.0115880147,0.0017654917"
2026-08-03T14:00:00.000-03:00,"CSV=1785776400000,0.019839,0.020185,0.017716,0.018337,1366326200,0.01627902,0.019884151,0.012673889,18.1306759501,44.2917445833,18.3598914387,22.3963520231,28.925289232,0.0225,3.1095366622,1420581928.7,0.961807392,0.0356490647,0.0159070998,-1,0.0116551688,0.0018358426"
2026-08-03T15:00:00.000-03:00,"CSV=1785780000000,0.018336,0.018564,0.015741,0.01598,1441326116,0.01640142,0.0198884961,0.0129143439,17.5331310039,42.5216361853,16.4879033163,27.2460822449,28.6368784589,0.0225,-16.848787595,1326578522.1,1.0864989083,-6.0782970661,0.0159070998,-1,0.0116982019,0.0019345583"
2026-08-03T16:00:00.000-03:00,"CSV=1785783600000,0.015986,0.016181,0.01234,0.012868,3515496117,0.0164544,0.0198664591,0.0130423409,17.1749736558,41.4729084043,14.3543086687,35.1783398036,29.5304879602,0.0225,-35.8588376034,1484301721.1,2.3684511491,-32.3621664202,0.0206361075,1,0.0117098417,0.0021252025"
2026-08-03T17:00:00.000-03:00,"CSV=1785787200000,0.012875,0.0143,0.012226,0.013274,2647811335,0.01650542,0.019849798,0.013161042,16.8484234423,40.5246037172,13.3545323752,33.1110110581,30.3963592457,0.0225,-34.0684448418,1632635265,1.6218021206,-39.9922029772,0.0196232467,1,0.0117254054,0.0021200822"
2026-08-03T18:00:00.000-03:00,"CSV=1785790800000,0.013274,0.013549,0.012644,0.013118,995091120,0.01655728,0.0198278088,0.0132867512,16.4946557861,39.50562911,12.9333833923,32.066821098,31.2045057788,0.022286,-34.9789343247,1609942435.5,0.6180911181,-33.8681915268,0.019092222,1,0.0117392621,0.001998574"
2026-08-03T19:00:00.000-03:00,"CSV=1785794400000,0.013118,0.013177,0.011935,0.012492,1065140025,0.01658896,0.0198119397,0.0133659803,16.2678652811,38.8569223409,12.3602312665,33.1755349142,32.1716712127,0.022286,-32.0237253088,1551548786.1,0.6865011494,-29.9069024286,0.0183247498,1,0.011746752,0.0019229166"
2026-08-03T20:00:00.000-03:00,"CSV=1785798000000,0.012494,0.012818,0.012306,0.012398,556614295,0.01661352,0.0197995795,0.0134274605,16.0915512532,38.3550202476,12.1229423871,32.5386386187,33.074358951,0.022286,-32.9837837838,1455881427.6,0.3823211729,-24.1414012534,0.0179074749,1,0.0117532321,0.001781825"
2026-08-03T21:00:00.000-03:00,"CSV=1785801600000,0.012395,0.013936,0.012389,0.012999,1137030305,0.01664834,0.0197848071,0.0135118729,15.8529070956,37.6790369064,15.6422352271,30.634720416,33.0292218372,0.021167,-32.7417602318,1444830503.1,0.7869644935,-24.6831350875,0.0179074749,1,0.0117656278,0.0017583425"
2026-08-03T22:00:00.000-03:00,"CSV=1785805200000,0.012998,0.014369,0.012766,0.013523,1063992466,0.01669022,0.019770187,0.013610253,15.5788460194,36.9074462616,16.335768547,28.7660384431,32.6646383683,0.020922,-31.5949213415,1452018660.9,0.732767763,-24.172670003,0.0179074749,1,0.0117831141,0.0017428082"
2026-08-03T23:00:00.000-03:00,"CSV=1785808800000,0.013527,0.014071,0.013088,0.013471,733130069,0.01673246,0.0197529305,0.0137119895,15.2912524698,36.1031249207,15.7062936623,27.6575813369,32.3243604639,0.020922,-32.0983920561,1452195804.8,0.5048424369,-21.5166568244,0.0179074749,1,0.011799909,0.0016668274"
2026-08-04T00:00:00.000-03:00,"CSV=1785812400000,0.013471,0.013521,0.01107,0.011662,1674519842,0.01675434,0.0197337599,0.0137749201,15.0980853763,35.565947937,14.2403645811,32.7607186335,32.7963431311,0.020922,-36.401810547,1483015169,1.1291319718,-28.0452539231,0.017531234,1,0.0117985368,0.0017452447"
2026-08-04T01:00:00.000-03:00,"CSV=1785816000000,0.011662,0.011987,0.0102,0.010403,1583948862,0.01669654,0.0197691244,0.0136239556,15.5423395083,36.8050438949,13.2726623172,33.8428476476,33.5205237697,0.020922,-34.8998748436,1497277443.6,1.0578860109,-31.0035324083,0.0163417606,1,0.0117846508,0.0017494202"
2026-08-04T02:00:00.000-03:00,"CSV=1785819600000,0.010404,0.01059,0.00981,0.010197,1318625779,0.0166452,0.0198033201,0.0134870799,15.9474272562,37.9463155871,12.863849163,34.3405063885,34.3189684523,0.020922,-20.7569163817,1277590409.8,1.0321193466,-27.8102265967,0.0151574345,1,0.0117688533,0.0016524782"
2026-08-04T03:00:00.000-03:00,"CSV=1785823200000,0.010193,0.010949,0.010089,0.010459,1135399013,0.01659964,0.0198294306,0.0133698494,16.2878636541,38.9139839576,13.8777946822,33.1348624681,34.7618008013,0.020631,-21.2068705741,1126349177.6,1.0080346624,-25.6659046044,0.0151574345,1,0.0117558199,0.0015732303"
2026-08-04T04:00:00.000-03:00,"CSV=1785826800000,0.010463,0.010882,0.010401,0.010703,601438466,0.01655526,0.0198498745,0.0132606455,16.5976589206,39.8014221322,13.5918379007,32.4521071136,35.1751109937,0.0205,-18.4098185699,1086983912.2,0.5533094458,-20.5060452394,0.0150335219,1,0.0117453441,0.0014640073"
2026-08-04T05:00:00.000-03:00,"CSV=1785830400000,0.010704,0.011577,0.010601,0.010832,1304769777,0.016505,0.0198666896,0.0131433104,16.921236913,40.7354088682,16.0622421245,31.0606848923,34.951992551,0.0205,-13.288504643,1110946887.4,1.174466387,-18.8729975052,0.0150335219,1,0.0117362561,0.0014152066"
2026-08-04T06:00:00.000-03:00,"CSV=1785834000000,0.010829,0.010895,0.01032,0.010583,712555322,0.01644126,0.0198834528,0.0129990672,17.3118464818,41.8726159559,15.6389835098,31.5299694391,34.8678265965,0.0205,-14.6394579771,1126540990.1,0.6325161075,-15.668562662,0.0146010578,1,0.0117247809,0.0013311859"
2026-08-04T07:00:00.000-03:00,"CSV=1785837600000,0.010585,0.010798,0.01036,0.010507,483748566,0.01637072,0.0198966421,0.0128447979,17.7211916095,43.0759559021,15.3097253646,30.8661475707,34.7892717057,0.0205,-19.1707054389,1061212816.2,0.4558450092,-13.3586652406,0.014304602,1,0.0117126637,0.0012418673"
2026-08-04T08:00:00.000-03:00,"CSV=1785841200000,0.010508,0.010787,0.010498,0.01061,322934842,0.01627496,0.0198898944,0.0126600256,18.1747289276,44.4232660384,15.0851996825,30.4134782593,34.7159538076,0.020185,-21.5410781631,987107053.8,0.3271528055,-11.2548515454,0.0140822418,1,0.0117016919,0.0011465806"
2026-08-04T09:00:00.000-03:00,"CSV=1785844800000,0.01061,0.010913,0.010435,0.010552,457054604,0.01619298,0.0198893742,0.0124965858,18.5847689326,45.6542803819,15.3707953075,29.6430801127,34.5153176882,0.020185,-21.6687699503,959499507.3,0.4763468876,-10.9438514052,0.0139131676,1,0.0116902522,0.0010797225"
2026-08-04T10:00:00.000-03:00,"CSV=1785848400000,0.010554,0.010844,0.010123,0.010502,486861886,0.01609898,0.0198782125,0.0123197475,19.011933491,46.9499626563,14.7663020284,30.1791184123,34.5004495412,0.018564,-9.9468358772,840733711.7,0.5790916663,-9.2159441909,0.0136150509,1,0.0116784288,0.0010438503"
2026-08-04T11:00:00.000-03:00,"CSV=1785852000000,0.010504,0.010889,0.010462,0.010574,433997054,0.01601136,0.0198661305,0.0121565895,19.4037309206,48.1504445361,14.663370974,29.4443459312,34.4344919737,0.016181,1.6437566087,725738530.9,0.598007458,-5.8163032236,0.0136150509,1,0.0116674395,0.0009821653"
2026-08-04T12:00:00.000-03:00,"CSV=1785855600000,0.010573,0.010652,0.01025,0.010396,425571962,0.01590114,0.0198352898,0.0119669902,19.8340929275,49.4826133746,14.3118877066,30.0026581096,34.4993738573,0.014369,1.9515543787,636433149.2,0.6686828971,-3.4425451371,0.0132234462,1,0.0116547883,0.0009241487"
2026-08-04T13:00:00.000-03:00,"CSV=1785859200000,0.010395,0.010474,0.010008,0.010313,410895087,0.01576886,0.019776794,0.011760926,20.265842993,50.8335292019,13.8981261202,30.636623555,34.7050989983,0.014369,-1.3959269529,563982756.6,0.7285596628,-2.6340354481,0.0128760016,1,0.0116414372,0.0008783339"
2026-08-04T14:00:00.000-03:00,"CSV=1785862800000,0.010312,0.010397,0.010006,0.010259,273635156,0.01563662,0.0197144778,0.0115587622,20.6845845988,52.157791759,13.5460631028,29.8735035017,34.8983508618,0.014369,-4.148369616,531202425.6,0.515124071,-2.4683319803,0.0126903014,1,0.0116276816,0.0008296005"
2026-08-04T15:00:00.000-03:00,"CSV=1785866400000,0.01026,0.010499,0.010188,0.010275,241172139,0.01548176,0.0196129176,0.0113506024,21.0634525239,53.3680613034,13.9528779344,29.2422243908,34.9315287115,0.014369,-5.1421713442,424842661.8,0.5676740137,-2.6185803355,0.0126767213,1,0.0116142221,0.0007777404"
2026-08-04T16:00:00.000-03:00,"CSV=1785870000000,0.010278,0.010685,0.010273,0.010605,304055544,0.01533498,0.0195062294,0.0111637306,21.3841913933,54.4017590668,14.8612301855,28.3906727423,34.6881315851,0.014369,0.2078805632,383992684,0.7918263984,-1.6908517845,0.0126767213,1,0.0116041801,0.0007411664"
2026-08-04T17:00:00.000-03:00,"CSV=1785873600000,0.010606,0.011057,0.010452,0.011012,333204183,0.01518774,0.0193790038,0.0109964762,21.6278600727,55.192725611,16.9038997276,27.1468967716,33.925769099,0.014369,4.8063195965,368938245.7,0.9031435122,0.3196975974,0.0126767213,1,0.0115982877,0.0007275497"
2026-08-04T18:00:00.000-03:00,"CSV=1785877200000,0.011012,0.01158,0.010816,0.011386,448768971,0.01505304,0.0192560785,0.0108500015,21.827074003,55.843052373,19.7886040771,25.6278212287,32.5211885071,0.014071,7.3138548539,381521658.6,1.1762607991,3.0807986498,0.0126767213,1,0.0115961754,0.0007311948"
2026-08-04T19:00:00.000-03:00,"CSV=1785880800000,0.011389,0.011489,0.010746,0.010976,346971574,0.0149257,0.0191538064,0.0106975936,22.0744970156,56.6553853878,18.6983655987,24.73493303,31.2796744698,0.013521,4.0181956027,370513355.6,0.9364617193,3.3081612207,0.0126767213,1,0.0115900045,0.0007323753"
2026-08-04T20:00:00.000-03:00,"CSV=1785884400000,0.010974,0.011096,0.01076,0.010877,165715489,0.01475266,0.0189658504,0.0105394696,22.2146135948,57.1177045495,18.2122019412,24.0918166332,30.1209280349,0.011987,3.5707484289,338398715.9,0.4897048399,2.7883117431,0.0126767213,1,0.0115829099,0.0006927378"
2026-08-04T21:00:00.000-03:00,"CSV=1785888000000,0.010877,0.01118,0.010821,0.011017,242855569,0.0145759,0.0187565883,0.0103952117,22.2891724004,57.3643933257,18.3621022364,23.3954645001,28.916451026,0.01158,4.1895214678,319284567.4,0.7606242011,2.9210916352,0.0126767213,1,0.011577279,0.000659364"
2026-08-04T22:00:00.000-03:00,"CSV=1785891600000,0.011014,0.011589,0.010876,0.011281,356591000,0.01438938,0.0185043537,0.0102744063,22.2378679357,57.1945941949,20.6219159152,22.0398791262,27.2102696759,0.011589,8.5128895729,312386471.2,1.1415059001,5.1865656484,0.0126767213,1,0.011574331,0.0006647276"
2026-08-04T23:00:00.000-03:00,"CSV=1785895200000,0.011284,0.012364,0.01118,0.012191,593045048,0.01421694,0.0182387149,0.0101951651,22.0507579075,56.5772220884,24.811957745,19.9801103066,26.1154039416,0.012364,18.2100261805,330601467.3,1.7938367087,14.3463149087,0.0126767213,1,0.011580467,0.0007166548"
2026-08-05T00:00:00.000-03:00,"CSV=1785898800000,0.012197,0.013741,0.011827,0.013351,780532463,0.0140826,0.018017943,0.010147257,21.8412447141,55.8894384492,31.3782169811,17.1965311471,26.3207498884,0.013741,30.1393898041,381291198,2.0470770558,30.1300943869,0.010274832,-1,0.0115980842,0.0008363893"
2026-08-05T01:00:00.000-03:00,"CSV=1785902400000,0.013352,0.015072,0.013031,0.014542,1733205027,0.01396084,0.0177843137,0.0101373663,21.4991355916,54.7742645987,36.0242974432,14.8351695144,27.3435073418,0.015072,41.5279805353,530494486.8,3.267149933,65.3127758656,0.0111809488,-1,0.0116273769,0.0009568504"
2026-08-05T02:00:00.000-03:00,"CSV=1785906000000,0.014543,0.016076,0.014483,0.015749,1590882645,0.01385288,0.0175459043,0.0101598557,21.0477854116,53.3177834754,38.8055196783,13.3071064529,28.7825691468,0.016076,48.5054219708,659177196.9,2.4134370128,82.5634441459,0.0122181039,-1,0.0116683881,0.0010204654"
2026-08-05T03:00:00.000-03:00,"CSV=1785909600000,0.015749,0.0166,0.014525,0.016483,1395541716,0.01376464,0.0173391559,0.0101901241,20.6152818747,51.9376584347,37.1021768965,11.634606843,30.3474202642,0.0166,49.682164911,765410950.2,1.8232581016,85.2367659901,0.0122181039,-1,0.0117162947,0.0011259188"
2026-08-05T04:00:00.000-03:00,"CSV=1785913200000,0.016485,0.017383,0.015959,0.017223,1237341702,0.0137312,0.0172651551,0.0101972449,20.4687132524,51.4733612129,38.6150745336,10.6503646407,32.1084817358,0.017383,51.2647110487,844268223.3,1.4655789095,81.868670431,0.0132038191,-1,0.0117710877,0.001155727"
2026-08-05T05:00:00.000-03:00,"CSV=1785916800000,0.017221,0.01884,0.016432,0.018263,1825771176,0.01370854,0.0172095784,0.0102075016,20.3435455947,51.0782101627,41.5244885384,9.2349193317,34.2087812563,0.01884,66.3903061224,992148183.5,1.8402202477,95.3033754799,0.0137931372,-1,0.0118356839,0.0012809543"
2026-08-05T06:00:00.000-03:00,"CSV=1785920400000,0.018257,0.019122,0.01785,0.018912,1431144306,0.0137311,0.0172618356,0.0102003644,20.4539983564,51.4268421638,40.1705098549,8.5888799388,36.2462195128,0.019122,73.8714719132,1118691065.2,1.2793025264,95.0369038697,0.0146458235,-1,0.011906095,0.0012800588"
2026-08-05T07:00:00.000-03:00,"CSV=1785924000000,0.018912,0.019658,0.018142,0.019568,1505996652,0.0137381,0.0172800361,0.0101961639,20.4972724901,51.5636963211,39.7757114252,7.8845470673,38.2907072973,0.019658,77.6164110012,1245005173.5,1.2096308385,94.6536706876,0.0149890412,-1,0.0119823329,0.0013036529"
2026-08-05T08:00:00.000-03:00,"CSV=1785927600000,0.019561,0.020989,0.01941,0.020489,2103829790,0.01374664,0.0173042933,0.0101889867,20.5593678161,51.7603328446,43.5081728507,7.223495995,40.5061757827,0.020989,81.6239695062,1419729052.5,1.4818530242,103.4206891452,0.016205937,-1,0.0120669763,0.0013311877"
2026-08-05T09:00:00.000-03:00,"CSV=1785931200000,0.020489,0.021387,0.01851,0.020297,3357340744,0.01374992,0.0173135304,0.0101863096,20.5828059383,51.834634002,37.3886325301,10.6074710479,41.5256717905,0.021387,66.4916741859,1696158622.1,1.9793789922,112.8178671098,0.016205937,-1,0.0121488671,0.0014857689"
2026-08-05T10:00:00.000-03:00,"CSV=1785934800000,0.020298,0.02058,0.019056,0.019646,1462002203,0.01373934,0.0172845972,0.0101940828,20.5110781351,51.6073879324,34.6246123842,9.8232951718,42.4772013978,0.021387,47.1500262153,1764305596.1,0.8286558781,88.2356268654,0.016205937,-1,0.0122234654,0.001489592"
2026-08-05T11:00:00.000-03:00,"CSV=1785938400000,0.019646,0.019982,0.018628,0.018857,1211066715,0.01374894,0.0173073677,0.0101905123,20.5601902009,51.7629391432,32.3482111482,11.2556688291,42.8702603649,0.021387,29.6726722597,1712091764.9,0.7073608669,65.820180301,0.016205937,-1,0.0122894708,0.0014760328"
2026-08-05T12:00:00.000-03:00,"CSV=1785942000000,0.018858,0.018955,0.015749,0.017849,4095945970,0.01373592,0.017278094,0.010193746,20.5009534735,51.575344282,27.7240893994,22.4835008459,40.708099089,0.021387,13.3341799479,1962598097.4,2.087001906,53.1562731895,0.016205937,-1,0.0123447895,0.0016490295"
2026-08-05T13:00:00.000-03:00,"CSV=1785945600000,0.017849,0.020399,0.017034,0.019943,2320306986,0.01374824,0.0173108512,0.0101856288,20.5802194812,51.8264325254,29.8275329019,19.3697257764,39.4113518117,0.021387,20.9913243948,2055074624.4,1.1290621559,43.3376854519,0.016205937,-1,0.0124203935,0.0018206266"
2026-08-05T14:00:00.000-03:00,"CSV=1785949200000,0.019943,0.025458,0.01964,0.024156,2207233093,0.01383598,0.0175944289,0.0100775311,21.361585209,54.3286261958,41.4911767288,15.4149831267,39.8388048617,0.025458,40.2543110956,2152063763.5,1.025635546,42.6538744138,0.016205937,-1,0.0125371657,0.0022203639"
2026-08-05T15:00:00.000-03:00,"CSV=1785952800000,0.024131,0.026787,0.022612,0.025289,2749739112,0.01394498,0.0179470752,0.0099428848,22.2994283315,57.3983636224,40.1806665123,13.3234804259,40.5293150011,0.026787,38.471225976,2244460557.1,1.2251224925,44.1465710281,0.0174520174,-1,0.0126640497,0.0024158275"
2026-08-05T16:00:00.000-03:00,"CSV=1785956400000,0.025292,0.027312,0.024046,0.025126,2328226777,0.01408076,0.0183366779,0.0098248421,23.2098632878,60.4501158131,37.7192420192,11.9630390824,41.2834825641,0.027312,32.8574450085,2334168804.2,0.9974543284,40.3556476002,0.0181764657,-1,0.0127880492,0.0025008448"
2026-08-05T17:00:00.000-03:00,"CSV=1785960000000,0.025116,0.026958,0.023582,0.025589,1458766157,0.01427294,0.018817448,0.009728432,24.150501286,63.680055097,33.8870649382,12.1439877929,41.6802952018,0.027312,30.7696238757,2329445754.7,0.626228859,33.326707217,0.0181764657,-1,0.0129154218,0.0025883603"
2026-08-05T18:00:00.000-03:00,"CSV=1785963600000,0.025589,0.025736,0.023712,0.024415,712126287,0.01450388,0.0192596103,0.0097481497,24.6927648342,65.5787316578,31.8110435563,11.4000113415,42.0506536635,0.027312,19.1615012934,2190275404.4,0.3251309336,24.2944704127,0.0181764657,-1,0.0130298455,0.0025319243"
2026-08-05T19:00:00.000-03:00,"CSV=1785967200000,0.024415,0.0266,0.024085,0.025289,713416319,0.01474418,0.0197296941,0.0097586659,25.2690895749,67.6268746927,32.0028022086,10.5403203381,42.6105280587,0.027312,24.5947676997,1925882961.9,0.3704359679,19.2332424676,0.0181764657,-1,0.0131518271,0.0025302318"
2026-08-05T20:00:00.000-03:00,"CSV=1785970800000,0.025288,0.025926,0.024816,0.025609,481244532,0.014994,0.0201998561,0.0097881439,25.7717483678,69.4391900688,30.9008672048,10.1773912466,43.1330774942,0.027312,30.3522345516,1827807194.8,0.2632906432,15.4859814311,0.018206374,-1,0.0132757791,0.0023882087"
2026-08-05T21:00:00.000-03:00,"CSV=1785974400000,0.025614,0.026895,0.024551,0.026038,865965740,0.01526492,0.0206817215,0.0098481185,26.1912505764,70.9705848723,31.6553210648,9.4418250346,43.8609515814,0.027312,38.0813491011,1793297097.3,0.4828902814,16.4536920823,0.0185716366,-1,0.0134027664,0.0023837878"
2026-08-05T22:00:00.000-03:00,"CSV=1785978000000,0.026048,0.027086,0.025,0.026172,1045219211,0.0155404,0.0211511711,0.0099296289,26.5269997964,72.2088378666,30.2047914175,8.833103664,44.5866217683,0.027312,46.6300633089,1488224421.4,0.70232634,21.8856352876,0.018980973,-1,0.0135298234,0.002354009"
2026-08-05T23:00:00.000-03:00,"CSV=1785981600000,0.026171,0.026356,0.022977,0.02483,1628760296,0.01577702,0.0215234556,0.0100305844,26.6984806697,72.8456406188,27.1652163098,13.9690379224,43.7528971658,0.027312,24.5048387906,1419069752.4,1.1477661991,23.9656987513,0.018980973,-1,0.013642263,0.0024565081"
2026-08-06T00:00:00.000-03:00,"CSV=1785985200000,0.024833,0.024909,0.022029,0.024177,1490786378,0.0159901,0.0218454993,0.0101347007,26.8036871237,73.2378068522,24.878902808,15.5637323629,42.3715737024,0.027312,0.086934923,1347425080.9,1.1063964885,16.0091939987,0.018980973,-1,0.0137470862,0.0024988573"
2026-08-06T01:00:00.000-03:00,"CSV=1785988800000,0.024178,0.030499,0.023801,0.027293,1994950685,0.01626654,0.0223194298,0.0102136502,27.1193748037,74.4213561031,35.0342476905,12.865572853,42.6322242367,0.030499,7.9243940053,1271946238.2,1.5684237471,14.8157319122,0.018980973,-1,0.0138818714,0.0029187716"
2026-08-06T02:00:00.000-03:00,"CSV=1785992400000,0.027293,0.029784,0.0261,0.026595,1312516374,0.0165652,0.0227504877,0.0103799123,27.1874948468,74.678092148,31.7868256884,11.6730270698,42.8754980687,0.030499,5.8465334713,1170375197.9,1.1214492381,12.0626847771,0.018980973,-1,0.0140083702,0.0029952944"
2026-08-06T03:00:00.000-03:00,"CSV=1785996000000,0.026595,0.0273,0.024032,0.024721,1425962207,0.01685156,0.0230762422,0.0106268778,26.9744187876,73.8766288189,29.2131709627,15.8514652407,41.9938042758,0.030499,-3.3920825355,1167094802.9,1.2218049497,6.6603021075,0.018980973,-1,0.0141149636,0.003022565"
2026-08-06T04:00:00.000-03:00,"CSV=1785999600000,0.024721,0.028383,0.0243,0.027564,1200289222,0.0171989,0.0235262602,0.0108715398,26.8948833259,73.5786619309,28.9502696361,14.3014249431,41.452139599,0.030499,12.8978087241,1215911096.4,0.9871521245,8.6842344994,0.018980973,-1,0.0142487848,0.0031286085"
2026-08-06T05:00:00.000-03:00,"CSV=1786003200000,0.027564,0.028825,0.02636,0.026844,983168335,0.0175266,0.0239203575,0.0111328425,26.7293558109,72.9606136446,28.2947441498,13.4506446113,41.0592407488,0.030499,6.1489185021,1242886298,0.7910364259,7.4108291714,0.018980973,-1,0.0143741103,0.0030622476"
2026-08-06T06:00:00.000-03:00,"CSV=1786006800000,0.02685,0.027629,0.025559,0.02588,823232071,0.01783014,0.0242529395,0.0114073405,26.4825609974,72.0442968544,26.8572178549,14.7332277651,40.2653515062,0.030499,1.0582217189,1277085051.9,0.6446180462,5.1679357199,0.018980973,-1,0.0144885968,0.0029630229"
2026-08-06T07:00:00.000-03:00,"CSV=1786010400000,0.025875,0.028445,0.0258,0.027755,782463187,0.0181686,0.0246592376,0.0116779624,26.3213229476,71.4489564706,27.1169184933,13.7751001748,39.756124712,0.030499,6.5942084646,1268734796.6,0.6167271435,4.8008995966,0.018980973,-1,0.0146206008,0.0029312206"
2026-08-06T08:00:00.000-03:00,"CSV=1786014000000,0.027755,0.028055,0.023454,0.025388,1038627294,0.0184647,0.024940213,0.011989187,25.964144778,70.1393796292,24.1855453275,17.7979606459,38.1200170593,0.030499,-2.9955677824,1268075604.9,0.8190578622,2.3827519498,0.018980973,-1,0.0147277391,0.0030981985"
2026-08-06T09:00:00.000-03:00,"CSV=1786017600000,0.025376,0.025847,0.023612,0.024018,856703577,0.01873492,0.0251543852,0.0123154548,25.520262659,68.5294110051,22.8972859918,16.8499403036,36.5929832501,0.030499,-3.2702376158,1190869933,0.7193930699,0.8043058739,0.018980973,-1,0.0148201795,0.0030118787"
2026-08-06T10:00:00.000-03:00,"CSV=1786021200000,0.024007,0.02643,0.023247,0.024831,890294488,0.01901934,0.0253873535,0.0126513265,25.0834080807,66.9635589077,22.5529242401,15.5833650645,35.3718109915,0.030499,2.7050502544,1130820744,0.7872993953,1.2460987258,0.018980973,-1,0.0149197897,0.0030289908"
2026-08-06T11:00:00.000-03:00,"CSV=1786024800000,0.024828,0.026168,0.023925,0.024525,741512648,0.0192988,0.0255952932,0.0130023068,24.6001995357,65.2526913445,21.3417186262,14.7464598787,34.2320502168,0.030499,-10.1417945993,1005476940.3,0.7374735494,-1.6623692696,0.018980973,-1,0.0150153639,0.0029503917"
2026-08-06T12:00:00.000-03:00,"CSV=1786028400000,0.024524,0.025409,0.023638,0.024431,571248149,0.01957738,0.0257860301,0.0133687299,24.0775724002,63.4267716703,20.4142464731,14.8098685604,33.0106220696,0.030499,-8.1368678323,931350117.8,0.6133548899,-2.771842071,0.018980973,-1,0.0151090518,0.0028324525"
2026-08-06T13:00:00.000-03:00,"CSV=1786032000000,0.024434,0.025276,0.022409,0.023694,706324414,0.01983978,0.0259386484,0.0137409116,23.5126684964,61.4812101145,18.9833239998,16.7765213677,31.2213255973,0.030499,-4.1543626876,859386338.5,0.8218939287,-2.9860432041,0.018980973,-1,0.0151944742,0.0028359073"
2026-08-06T14:00:00.000-03:00,"CSV=1786035600000,0.023695,0.023799,0.022538,0.023042,499313305,0.0200927,0.026055385,0.014130015,22.8846550407,59.3517543175,18.3763195133,16.240080872,29.5513155565,0.030499,-16.4054563924,789288746.8,0.6326117115,-5.4501234183,0.018980973,-1,0.015272559,0.0026784166"
2026-08-06T15:00:00.000-03:00,"CSV=1786039200000,0.02303,0.023422,0.0217,0.022649,531194831,0.02033942,0.0261455016,0.0145333384,22.2068091183,57.0919096303,17.5550187573,17.6892324078,27.6066151894,0.030499,-15.627328267,744091396.4,0.7138838503,-7.352114703,0.018980973,-1,0.0153459565,0.0025827749"
2026-08-06T16:00:00.000-03:00,"CSV=1786042800000,0.022653,0.023995,0.022368,0.023012,393629182,0.02059448,0.0262297337,0.0149592263,21.4842201592,54.7258658137,18.3195801675,16.9235430535,26.0302516263,0.030499,-11.0819165379,701131107.5,0.561420222,-6.9752804828,0.018980973,-1,0.0154222355,0.0024871974"
2026-08-06T17:00:00.000-03:00,"CSV=1786046400000,0.023014,0.023175,0.022029,0.022531,278636124,0.0208396,0.0262839705,0.0153952295,20.7136531185,52.250239627,17.740072354,17.3239443247,24.3740192895,0.030499,-18.8218339038,650748401.2,0.4281779617,-7.336551814,0.018980973,-1,0.0154929695,0.0023530777"
2026-08-06T18:00:00.000-03:00,"CSV=1786050000000,0.022532,0.0238,0.022213,0.023488,212209681,0.02109726,0.0263527448,0.0158417752,19.9428365679,49.8214918263,18.7103256077,16.5472926902,23.1580805169,0.030499,-7.4838506381,568106639.9,0.3735384628,-5.8228698972,0.018980973,-1,0.015572522,0.0022764699"
2026-08-06T19:00:00.000-03:00,"CSV=1786053600000,0.023489,0.027498,0.023322,0.025149,645671155,0.02138,0.0264627415,0.0162972585,19.2071616078,47.5466934695,26.5475232714,14.6905021724,23.5310511653,0.030499,4.7089682738,547003397.7,1.1803786918,-2.0291246611,0.018980973,-1,0.0156678104,0.0024664229"
2026-08-06T20:00:00.000-03:00,"CSV=1786057200000,0.025149,0.025594,0.024601,0.025214,245077675,0.02165656,0.0265610647,0.0167520553,18.4650154774,45.2934788313,25.8096693603,14.2821987547,23.8791571038,0.030499,1.5424268052,482481716.4,0.5079522533,-1.0915900504,0.018980973,-1,0.0157627973,0.0023190806"
2026-08-06T21:00:00.000-03:00,"CSV=1786060800000,0.025212,0.025955,0.024548,0.024705,299842509,0.02193114,0.0266090824,0.0172531976,17.5802468494,42.6602754252,25.8035056701,13.7039685178,24.328942936,0.029784,0.7339449541,438314702.5,0.6840804274,-0.5603675743,0.018980973,-1,0.0158517745,0.0022278726"
2026-08-06T22:00:00.000-03:00,"CSV=1786064400000,0.024705,0.025152,0.022536,0.022859,379938714,0.02217078,0.0265752159,0.0177663441,16.5734717848,39.7318985684,23.8777302767,18.4212791834,23.5669943163,0.028825,-6.4344480373,419183759,0.9063774677,-2.317591289,0.018980973,-1,0.0159214981,0.0022666853"
2026-08-06T23:00:00.000-03:00,"CSV=1786068000000,0.022856,0.023339,0.021308,0.022451,538981895,0.02239946,0.0265055768,0.0182933432,15.491520366,36.6626412714,22.4820127966,20.8787205471,22.2423658412,0.028825,-5.2460538533,402449507.1,1.3392534604,-3.8869927847,0.018980973,-1,0.0159864683,0.0022431168"
2026-08-07T00:00:00.000-03:00,"CSV=1786071600000,0.022459,0.025045,0.0218,0.021869,546928704,0.02261122,0.0263991717,0.0188232683,14.3487519876,33.5050622624,25.2191349844,18.979572176,21.700679509,0.028825,-5.090703932,407211047,1.3431087099,-4.8704514534,0.018980973,-1,0.0160450009,0.0023433051"
2026-08-07T01:00:00.000-03:00,"CSV=1786075200000,0.021866,0.022469,0.017379,0.017427,1239887064,0.02271594,0.026280139,0.019151741,13.56232938,31.3805989512,21.8750963051,27.9800135022,21.0703221369,0.028445,-23.056205572,478080270.3,2.5934704714,-23.1788304137,0.0277779238,1,0.0160587522,0.0026179746"
2026-08-07T02:00:00.000-03:00,"CSV=1786078800000,0.01742,0.018156,0.013714,0.013979,2263535548,0.0227285,0.0262606378,0.0191963622,13.4503122272,31.0811340243,19.4621091747,33.9948459247,21.478025132,0.028445,-39.2534329915,665070906.9,3.4034499548,-59.9849185221,0.0243361314,1,0.0160380581,0.0028003771"
2026-08-07T03:00:00.000-03:00,"CSV=1786082400000,0.013979,0.015595,0.012016,0.012946,2551127288,0.02269658,0.0263088575,0.0190843025,13.7302713078,31.8310292983,17.7699628344,35.1641413548,22.2368274721,0.028055,-42.5413874218,892320023.3,2.8589824518,-80.5316390527,0.0224402182,1,0.0160072914,0.0028782394"
2026-08-07T04:00:00.000-03:00,"CSV=1786086000000,0.012947,0.014298,0.012605,0.013367,1648955777,0.02264894,0.0263666978,0.0189311822,14.1002026181,32.8294199704,17.0199564801,33.6799891534,22.9450429895,0.027498,-43.0900885559,1035994632.9,1.5916644012,-76.5494127011,0.0217306464,1,0.0159810198,0.0027597155"
2026-08-07T05:00:00.000-03:00,"CSV=1786089600000,0.01337,0.01398,0.01298,0.013841,763645391,0.0225961,0.0264184227,0.0187737773,14.4683986451,33.8317029399,16.577169277,32.8037784406,23.6060441391,0.027498,-44.9640144737,1047792056.5,0.728813877,-61.9564077056,0.0212312318,1,0.0159597261,0.0025837439"
2026-08-07T06:00:00.000-03:00,"CSV=1786093200000,0.013842,0.013905,0.012417,0.012822,815956393,0.02250808,0.0265000294,0.0185161306,15.063943264,35.4712564791,15.9169873348,33.0041863598,24.3608427605,0.027498,-49.1472991195,1104879928.3,0.7385023224,-53.4027366499,0.0205835086,1,0.0159285049,0.0024741695"
2026-08-07T07:00:00.000-03:00,"CSV=1786096800000,0.012816,0.013297,0.012658,0.012873,585670992,0.02240028,0.0265740457,0.0182265143,15.7061735035,37.2652996224,15.630576518,32.4103078968,25.0653214738,0.027498,-47.8931390407,1133462776.6,0.5167095066,-43.8507711804,0.0198494577,1,0.0158981019,0.0022906526"
2026-08-07T08:00:00.000-03:00,"CSV=1786100400000,0.012874,0.013347,0.0128,0.012957,450547266,0.02228118,0.026633913,0.017928447,16.3428219455,39.0709376661,15.5252103422,31.8841059145,25.6946771078,0.027498,-43.3177304344,1140523631.8,0.3950354499,-34.9378604971,0.019422362,1,0.0158688372,0.0021162873"
2026-08-07T09:00:00.000-03:00,"CSV=1786104000000,0.012958,0.014341,0.0129,0.013989,679967155,0.0221696,0.0266597907,0.0176794093,16.8425578872,40.5076381844,17.8674724734,30.487016732,25.7215638758,0.027498,-37.6909714489,1154622157.8,0.5889088048,-30.6907553145,0.019422362,1,0.0158501323,0.0020487586"
2026-08-07T10:00:00.000-03:00,"CSV=1786107600000,0.01399,0.014176,0.012239,0.012747,906026936,0.02201476,0.0266899131,0.0173396069,17.5165541805,42.4728962434,16.8068402389,30.7029674705,25.9567239793,0.027498,-41.7120124377,1190531981,0.7610269614,-31.0418255701,0.0193202482,1,0.0158192554,0.0020375827"
2026-08-07T11:00:00.000-03:00,"CSV=1786111200000,0.012747,0.013257,0.012452,0.01301,590589352,0.02186902,0.0267062213,0.0170318187,18.112638384,44.2379337336,16.3740404481,29.9123228456,26.1762067425,0.027498,-25.3457278935,1125602209.8,0.524687449,-25.1274121502,0.0185974734,1,0.0157913026,0.0019143245"
2026-08-07T12:00:00.000-03:00,"CSV=1786114800000,0.01301,0.013237,0.012662,0.012955,346868678,0.0217352,0.02672228,0.01674812,18.6626291705,45.8894330619,16.0575822769,29.3342126953,26.3810573215,0.027498,-7.3252736247,933935522.8,0.3714053803,-17.6584901122,0.018290676,1,0.0157630807,0.001780392"
2026-08-07T13:00:00.000-03:00,"CSV=1786118400000,0.012956,0.014103,0.01294,0.013552,686265694,0.0216291,0.0267313862,0.0165268138,19.0872488499,47.179829084,18.4054132206,28.1550027778,26.0182970351,0.027498,4.6809825429,747449363.4,0.9181433922,-10.3397223446,0.018290676,1,0.0157410799,0.0017186528"
2026-08-07T14:00:00.000-03:00,"CSV=1786122000000,0.013553,0.015559,0.013202,0.015489,1232078371,0.0215819,0.02672965,0.01643415,19.2585761703,47.7043263712,21.8870577886,25.8946806484,24.8429007364,0.027498,15.8749158375,705761622.8,1.745742941,2.3446925242,0.018290676,1,0.0157385716,0.0017824875"
2026-08-07T15:00:00.000-03:00,"CSV=1786125600000,0.015489,0.017065,0.014295,0.014727,1974502856,0.02147758,0.0267096466,0.0162455134,19.5886776834,48.7211927849,24.869060145,23.5173650847,23.3729434804,0.025955,6.4012715844,826847369.3,2.3879895242,6.6585181778,0.018290676,1,0.0157285062,0.0018812388"
2026-08-07T16:00:00.000-03:00,"CSV=1786129200000,0.014725,0.016299,0.014224,0.016229,1052532418,0.02131904,0.0265875179,0.0160505621,19.8156062724,49.4250947128,23.1623475133,22.138239864,21.96546018,0.025955,26.5715177039,850504971.8,1.2375382307,15.4001017873,0.018290676,1,0.0157334863,0.0019006149"
2026-08-07T17:00:00.000-03:00,"CSV=1786132800000,0.016234,0.016859,0.015715,0.016034,1009584418,0.02113394,0.0264222307,0.0158456493,20.0145503856,50.0454782266,24.1670635217,21.2757441683,20.9252658735,0.025152,24.5552707217,892896314.4,1.1306849426,19.5214928137,0.018290676,1,0.0157364765,0.0018249534"
2026-08-07T18:00:00.000-03:00,"CSV=1786136400000,0.016034,0.017927,0.016033,0.017334,821067917,0.0209781,0.0262612612,0.0156949388,20.1176978879,50.3683478218,26.2499013358,19.9004549853,20.4474597524,0.025045,33.7809678166,929948379.5,0.8829177351,22.956267074,0.018290676,1,0.0157523722,0.0018318581"
2026-08-07T19:00:00.000-03:00,"CSV=1786140000000,0.017331,0.017424,0.016057,0.016312,527818310,0.02079256,0.026073432,0.015511688,20.2538430013,50.795784433,25.0002047139,18.9530407055,20.0015073727,0.025045,16.6059046394,914733495,0.5770186758,18.4981504179,0.018290676,1,0.0157579407,0.0017853723"
2026-08-07T20:00:00.000-03:00,"CSV=1786143600000,0.016308,0.017341,0.016307,0.016561,527295684,0.02063548,0.0259230707,0.0153478893,20.3972390157,51.2475667011,24.0714636129,18.2489477553,19.5852851516,0.022469,29.9207656704,876860369.8,0.6013450968,18.3296688552,0.018290676,1,0.0157659313,0.001710235"
2026-08-07T21:00:00.000-03:00,"CSV=1786147200000,0.016562,0.0175,0.01556,0.017208,708177172,0.02047386,0.0257402004,0.0152075196,20.459593763,51.4445292171,22.3987582205,19.6565342249,18.7143008463,0.018156,32.2674865488,888619151.8,0.7969411537,20.7915418888,0.018290676,1,0.0157802802,0.0017332115"
2026-08-07T22:00:00.000-03:00,"CSV=1786150800000,0.017207,0.02255,0.016627,0.022501,1337072810,0.0204117,0.0256352305,0.0151881695,20.3763741073,51.1817287364,34.0414773285,16.0159376574,19.8673294153,0.02255,73.6858355847,987639565,1.3538064466,47.1131476714,0.0131319289,-1,0.0158471531,0.0021521904"
2026-08-07T23:00:00.000-03:00,"CSV=1786154400000,0.022509,0.023842,0.018016,0.018383,2264694823,0.0202586,0.0254268723,0.0150903277,20.3260244516,51.0229954302,32.1037647675,13.4003276172,21.2830246802,0.023842,35.6478748524,1145482477.9,1.9770663163,54.9015026541,0.013370286,-1,0.0158723854,0.0025195713"
2026-08-08T00:00:00.000-03:00,"CSV=1786158000000,0.018391,0.019439,0.016018,0.016418,1288198116,0.02006352,0.0251888122,0.0149382278,20.3474946388,51.0906582199,29.1125556551,17.5934595584,21.5083551642,0.023842,5.9978048938,1151094452.4,1.119107223,38.8383973622,0.013370286,-1,0.0158778144,0.0026097142"
2026-08-08T01:00:00.000-03:00,"CSV=1786161600000,0.016414,0.0171,0.01512,0.015616,945493443,0.01987924,0.0249954772,0.0147630028,20.4686518669,51.4731671157,27.5223556424,19.1097837658,21.2771506332,0.023842,6.0365315407,1048193511.1,0.9020218433,27.7072926773,0.013370286,-1,0.0158752093,0.0025467428"
2026-08-08T02:00:00.000-03:00,"CSV=1786165200000,0.015619,0.017647,0.015308,0.017262,842233085,0.01974094,0.0248325351,0.0146493449,20.5037265035,51.5841198631,27.2548836354,17.8740560401,21.2444554447,0.023842,6.3651488077,1027163577.8,0.8199600367,20.2112510016,0.013370286,-1,0.0158890082,0.0025259685"
2026-08-08T03:00:00.000-03:00,"CSV=1786168800000,0.01726,0.019759,0.01701,0.018613,1867716303,0.01956734,0.0245451886,0.0145894914,20.2803435096,50.8791542824,30.9875807233,16.5281950971,21.8568720898,0.023842,16.0845702881,1112976766.3,1.6781269471,22.4714842786,0.013370286,-1,0.0159161126,0.0025482717"
2026-08-08T04:00:00.000-03:00,"CSV=1786172400000,0.018622,0.019065,0.016022,0.016782,1251093799,0.01937108,0.0242606465,0.0144815135,20.1543124433,50.4831583522,28.447155815,17.83496939,21.9283700337,0.023842,-3.1844929041,1155979354.5,1.0822804007,13.8321514337,0.013370286,-1,0.0159247284,0.0025977445"
2026-08-08T05:00:00.000-03:00,"CSV=1786176000000,0.016782,0.016784,0.014257,0.014498,1099503929,0.01916662,0.0240419212,0.0142913188,20.2783345376,50.8728321718,26.5131966614,21.3708787439,21.1824185833,0.023842,-11.1206473762,1213147916.4,0.9063230577,5.8618012447,0.013370286,-1,0.0159105321,0.00259067"
2026-08-08T06:00:00.000-03:00,"CSV=1786179600000,0.014499,0.014567,0.01328,0.013934,1109924731,0.01889402,0.0236722558,0.0141157842,20.1849619178,50.5793454536,25.564805565,23.3218784665,20.0761248341,0.023842,-15.8625686855,1271410821.1,0.8729866952,-0.7080696418,0.013370286,-1,0.0158908651,0.002460303"
2026-08-08T07:00:00.000-03:00,"CSV=1786183200000,0.013937,0.014664,0.013507,0.013807,788667303,0.01863328,0.0233255144,0.0139410456,20.1163170579,50.3640200778,24.9925606834,22.545102769,19.0809472243,0.023842,-19.7640632264,1279459834.2,0.6164064568,-4.5329451562,0.013370286,-1,0.0158701301,0.0023299727"
2026-08-08T08:00:00.000-03:00,"CSV=1786186800000,0.013807,0.013986,0.013025,0.013644,768774182,0.01838856,0.0230150852,0.0137620348,20.1021424059,50.3196030813,24.2730943155,23.339946286,17.9395412822,0.023842,-39.3626949913,1222629971.4,0.6287872864,-11.2722174939,0.013370286,-1,0.0158479796,0.0021930755"
2026-08-08T09:00:00.000-03:00,"CSV=1786190400000,0.013647,0.014324,0.0135,0.01389,582569285,0.01811126,0.022580933,0.013641587,19.7940139471,49.3579467599,24.7045636903,22.7385920703,17.0198283066,0.023842,-24.4410596747,1054417417.6,0.5525034728,-12.0160684456,0.013370286,-1,0.0158284972,0.0020561679"
2026-08-08T10:00:00.000-03:00,"CSV=1786194000000,0.01389,0.0145,0.013766,0.01404,468618229,0.0178843,0.0222659607,0.0135026393,19.678740816,49.0000804666,24.6871309557,22.1928644438,16.2398754122,0.023842,-14.484102814,972459428.9,0.4818897479,-10.3372925148,0.013370286,-1,0.0158107012,0.0019239511"
2026-08-08T11:00:00.000-03:00,"CSV=1786197600000,0.014041,0.014513,0.013651,0.014384,493570709,0.01769162,0.0220106964,0.0133725436,19.6226251062,48.8262402998,23.9634677956,21.9333883825,15.452092646,0.023842,-7.8893442623,927267155.5,0.5322853355,-8.2913224291,0.013370286,-1,0.0157965052,0.001817756"
2026-08-08T12:00:00.000-03:00,"CSV=1786201200000,0.014385,0.0146,0.013926,0.014058,366337370,0.01747616,0.0217013993,0.0132509207,19.4698934206,48.3543217504,23.6984823157,21.4076724386,14.7605336677,0.023842,-18.5610010428,879677584,0.4164450438,-8.1040939168,0.013370286,-1,0.0157792066,0.0017033804"
2026-08-08T13:00:00.000-03:00,"CSV=1786204800000,0.014057,0.01495,0.014011,0.014393,399821361,0.01727352,0.0213975931,0.0131494469,19.2735373567,47.7502338776,24.1673975816,20.6682082154,14.2967972738,0.023842,-22.6723257938,732888089.8,0.5455421729,-9.5256325706,0.013370286,-1,0.0157654135,0.0016269424"
2026-08-08T14:00:00.000-03:00,"CSV=1786208400000,0.014394,0.014848,0.014003,0.014552,261172728,0.01707594,0.0210874839,0.0130643961,19.0233404903,46.9847499403,23.388458221,20.0325657779,13.858925928,0.023842,-13.2880467167,633895982.7,0.4120119627,-8.17536645,0.013370286,-1,0.0157533397,0.0015487481"
2026-08-08T15:00:00.000-03:00,"CSV=1786212000000,0.01455,0.014695,0.014105,0.014553,273021119,0.01689312,0.0208059695,0.0129802705,18.80637905,46.3247699265,22.837794519,19.5609140457,13.4502460052,0.023842,0.3793626707,551247701.7,0.4952784713,-5.3876142454,0.013370286,-1,0.015741396,0.0014528733"
2026-08-08T16:00:00.000-03:00,"CSV=1786215600000,0.014554,0.014587,0.014236,0.014398,132877548,0.01672024,0.0205476205,0.0128928595,18.626879495,45.7814063894,22.5001278678,19.271697487,13.0688114106,0.023842,3.3299842113,453542983.4,0.2929767472,-3.2665401828,0.013370286,-1,0.0157280289,0.001342686"
2026-08-08T17:00:00.000-03:00,"CSV=1786219200000,0.014399,0.014809,0.014307,0.014374,197650058,0.01655474,0.0203002098,0.0128092702,18.4503995973,45.2495156473,22.9813919212,18.844740625,12.8568981074,0.023842,4.1066125878,394441258.9,0.5010887009,-1.491767733,0.013370286,-1,0.015714556,0.0012586174"
2026-08-08T18:00:00.000-03:00,"CSV=1786222800000,0.014375,0.014496,0.01405,0.014312,185740670,0.01638074,0.0200228468,0.0127386332,18.1897550309,44.4681593063,22.5067445554,19.6456559849,12.4522706787,0.023842,4.8959249487,336137907.7,0.5525728153,-0.0927268111,0.013370286,-1,0.0157006002,0.0011773556"
2026-08-08T19:00:00.000-03:00,"CSV=1786226400000,0.014311,0.014414,0.013426,0.013934,311399431,0.0162088,0.01975825,0.01265935,17.96439456,43.7965794576,21.4550039214,21.6789837929,11.6567369931,0.019759,0.316774658,309020922.3,1.007696918,0.0445864081,0.013370286,-1,0.0156830221,0.0011584201"
2026-08-08T20:00:00.000-03:00,"CSV=1786230000000,0.013934,0.014045,0.013777,0.013997,151215294,0.01601898,0.0194249556,0.0126130044,17.5340199456,42.5242504461,21.1675242693,21.3885029922,10.9142388865,0.019759,-0.3062678063,277280628.8,0.5453510931,-0.0259502222,0.013370286,-1,0.0156662458,0.0010693781"
2026-08-08T21:00:00.000-03:00,"CSV=1786233600000,0.013997,0.014266,0.013457,0.013954,355448491,0.01579508,0.018952401,0.012637759,16.6592138802,39.9785378944,20.2882971788,22.143077856,10.4780395011,0.019759,-2.989432703,263468407,1.3491123852,-1.3616603763,0.013370286,-1,0.0156492085,0.0010433403"
2026-08-08T22:00:00.000-03:00,"CSV=1786237200000,0.013954,0.014129,0.0126,0.012923,440680807,0.01554926,0.0184300419,0.0126684781,15.6309026056,37.0536205515,18.7142237113,24.7737334885,10.7084212037,0.019759,-8.0736946934,270902750.7,1.6267121905,-5.2856327775,0.0166402187,1,0.015622082,0.0010919062"
2026-08-08T23:00:00.000-03:00,"CSV=1786240800000,0.012925,0.013163,0.012111,0.012377,757216283,0.0153027,0.0179032433,0.0127021567,14.5255431936,33.9880327674,17.7017867687,25.9481958715,11.2540014293,0.019065,-14.0068088654,306642242.9,2.4693801997,-15.0531340093,0.0159007469,1,0.0155897927,0.0010879156"
2026-08-09T00:00:00.000-03:00,"CSV=1786244400000,0.012382,0.012502,0.01108,0.012224,1165908218,0.01509,0.0174910829,0.0126889171,13.7274683078,31.8234970936,16.4156110669,29.3308104372,12.385878151,0.016784,-15.9978009896,397115791.9,2.9359402013,-25.6916183586,0.0151549722,1,0.0155563022,0.0011213241"
2026-08-09T01:00:00.000-03:00,"CSV=1786248000000,0.012225,0.012854,0.011724,0.012259,763452141,0.01488616,0.017077108,0.012695212,12.8297365067,29.4360392925,17.2740359178,27.6220500262,13.0967403577,0.01495,-15.7630729059,446158894.1,1.7111664725,-26.1188261926,0.0151549722,1,0.0155234932,0.0011221917"
2026-08-09T02:00:00.000-03:00,"CSV=1786251600000,0.012259,0.012611,0.011863,0.01202,466524441,0.01468918,0.0166767786,0.0127015814,11.9183605305,27.0620769602,16.5886206654,26.5260366521,13.7602117506,0.01495,-16.5161828032,479523583.4,0.9728915473,-22.7687023424,0.0151549722,1,0.0154886326,0.0010847725"
2026-08-09T03:00:00.000-03:00,"CSV=1786255200000,0.012019,0.012386,0.011854,0.012306,365020368,0.01458676,0.0165625475,0.0126109725,11.9292486146,27.0901483794,16.1017579709,25.797169676,14.3855309429,0.01495,-14.3870877974,496260614.4,0.735541684,-18.7065691569,0.0151549722,1,0.0154569646,0.0010294952"
2026-08-09T04:00:00.000-03:00,"CSV=1786258800000,0.012311,0.013591,0.012094,0.013187,655829138,0.01457092,0.0165546751,0.0125871649,11.9830506594,27.2289615788,21.3363505693,23.7000692494,13.7763929098,0.01495,-7.8605366126,543269461.2,1.2071894057,-15.6340982786,0.0151549722,1,0.0154343779,0.0010762457"
2026-08-09T05:00:00.000-03:00,"CSV=1786262400000,0.013189,0.014894,0.013085,0.013938,910522128,0.01459076,0.0165630924,0.0126184276,11.9079961804,27.0353622668,26.1637024857,21.4431513108,13.5190131546,0.01495,0.0287067604,603181730.9,1.5095320056,-10.4082875945,0.0151549722,1,0.0154194886,0.0011495211"
2026-08-09T06:00:00.000-03:00,"CSV=1786266000000,0.013937,0.014077,0.012546,0.013608,627066673,0.01459558,0.0165652085,0.0126259515,11.8901522576,26.9893832806,24.0840290563,22.5370984085,12.8389515651,0.01495,-2.7791669643,650766868.8,0.9635811272,-7.8315093417,0.0151549722,1,0.0154014638,0.001187669"
2026-08-09T07:00:00.000-03:00,"CSV=1786269600000,0.013608,0.014256,0.013275,0.013669,403584721,0.01459214,0.0165632331,0.0126210469,11.9004125007,27.0158188897,23.7819693764,21.3708914724,12.3390089307,0.01495,-2.0424251111,655580491.8,0.6156142931,-5.6401215915,0.0151549722,1,0.0153842253,0.0011670021"
2026-08-09T08:00:00.000-03:00,"CSV=1786273200000,0.01367,0.013757,0.012723,0.013014,312993343,0.01459598,0.0165638051,0.0126281549,11.8802721054,26.9639327974,22.4689385271,23.1384237216,11.6142704876,0.01495,0.7041708582,642811745.4,0.4869129185,-3.6457910984,0.0151549722,1,0.015360641,0.0011537019"
2026-08-09T09:00:00.000-03:00,"CSV=1786276800000,0.013015,0.013324,0.012883,0.013179,186735712,0.0146021,0.0165650268,0.0126391732,11.8498257741,26.8855413575,21.9160089055,22.5690189918,10.9378479407,0.014894,6.4797608467,585763688.3,0.3187901806,-1.741966022,0.0151549722,1,0.0153389331,0.0010824317"
2026-08-09T10:00:00.000-03:00,"CSV=1786280400000,0.013182,0.013281,0.01248,0.012742,288787774,0.0145978,0.0165645576,0.0126310424,11.8732879594,26.9459456376,20.9144183043,23.8369149479,10.6440263574,0.014894,4.237565445,498051643.9,0.5798349981,-0.3422810974,0.0151549722,1,0.015313093,0.0010542885"
2026-08-09T11:00:00.000-03:00,"CSV=1786284000000,0.012741,0.012918,0.01236,0.012638,200239614,0.01457078,0.0165549194,0.0125866406,11.9851950246,27.2344977143,20.2245402398,23.760007366,10.4702896284,0.014894,3.0916061669,441730391.2,0.4533073069,0.2389618235,0.0151549722,1,0.0152864752,0.0010046597"
2026-08-09T12:00:00.000-03:00,"CSV=1786287600000,0.012638,0.012894,0.012627,0.012722,140588527,0.01457028,0.016554882,0.012585678,11.9880165638,27.2417825295,19.88821258,23.3648860144,10.308135348,0.014894,5.840266223,409136799.8,0.3436222972,0.8282564475,0.0151549722,1,0.015260958,0.0009308937"
2026-08-09T13:00:00.000-03:00,"CSV=1786291200000,0.012724,0.012725,0.012179,0.012233,222419430,0.01455474,0.0165544829,0.0125549971,12.0797666316,27.4789230392,19.18904405,25.4280015955,10.5531496422,0.014894,-0.5932065659,394876706,0.5632629796,0.4407938658,0.0151292131,1,0.0152308291,0.0008924044"
2026-08-09T14:00:00.000-03:00,"CSV=1786294800000,0.012235,0.01248,0.012152,0.012441,151610461,0.01454446,0.0165536988,0.0125352212,12.1377030422,27.628922672,18.7644571904,25.0475073633,10.8056693985,0.014894,-5.6570865246,344454838.3,0.4401461212,-0.5361189865,0.0148238918,1,0.0152030696,0.0008359639"
2026-08-09T15:00:00.000-03:00,"CSV=1786298400000,0.012441,0.012637,0.012064,0.012197,159318118,0.01451736,0.0165488171,0.0124859029,12.2755426967,27.9865913659,19.1078612996,24.0514188928,10.8489059029,0.014894,-12.4910317119,269334437.3,0.5915252412,-2.8203328399,0.0147795026,1,0.0151731584,0.0008096675"
2026-08-09T16:00:00.000-03:00,"CSV=1786302000000,0.012199,0.012304,0.011871,0.012136,157462004,0.0144503,0.0165037987,0.0123968013,12.4425819006,28.4215367943,18.5118164581,24.6915550296,11.0792344476,0.014894,-10.8171663727,222373970.4,0.7080954831,-4.4334174428,0.0144035023,1,0.015142938,0.0007720008"
2026-08-09T17:00:00.000-03:00,"CSV=1786305600000,0.012135,0.012471,0.012121,0.012266,107847967,0.01440108,0.0164767308,0.0123254292,12.5974674412,28.826321326,19.2799785573,24.0420511614,11.0734365296,0.014894,-10.264101251,192800295,0.5593765663,-4.8694441999,0.0144035023,1,0.0151143117,0.0007298007"
2026-08-09T18:00:00.000-03:00,"CSV=1786309200000,0.012267,0.01264,0.012259,0.012564,92835375,0.01432778,0.016402298,0.012253262,12.6477275694,28.9579817845,20.0264356365,23.326400331,10.8426659166,0.014894,-3.4578146611,170784498.2,0.543581976,-3.8728313753,0.0144035023,1,0.0150889355,0.0006949206"
2026-08-09T19:00:00.000-03:00,"CSV=1786312800000,0.012564,0.012595,0.012168,0.012261,116531988,0.01425232,0.0163320167,0.0121726233,12.733863487,29.1839744391,19.3353254845,23.2568654875,10.7336335713,0.014894,-6.9656271341,163764125.8,0.7115843438,-4.234097988,0.0143858857,1,0.0150607968,0.0006681286"
2026-08-09T20:00:00.000-03:00,"CSV=1786316400000,0.012261,0.012341,0.012122,0.012212,89995067,0.01414988,0.0162012131,0.0120985469,12.6616019417,28.9943535104,18.975480171,23.2149484616,10.6879521644,0.014894,-4.1594726103,143884855.1,0.6254658764,-3.6899347192,0.0141011471,1,0.0150324506,0.0006232157"
2026-08-09T21:00:00.000-03:00,"CSV=1786320000000,0.012211,0.012336,0.011379,0.012112,278515591,0.01406588,0.0161129451,0.0120188149,12.7044749291,29.1068182906,17.4545667783,27.5770745813,11.4739990942,0.014894,-4.1620509574,151712452.8,1.8358123269,-5.0068712972,0.0138272824,1,0.0150033914,0.0006565941"
2026-08-09T22:00:00.000-03:00,"CSV=1786323600000,0.012111,0.012371,0.011911,0.012233,138770109,0.01397932,0.0160104919,0.0119481481,12.6865052385,29.0596666029,17.0642581117,26.4838679902,12.1510888154,0.014894,-3.8437352618,151530611,0.915789279,-4.5112647128,0.0138272824,1,0.0149758253,0.0006369347"
2026-08-09T23:00:00.000-03:00,"CSV=1786327200000,0.012234,0.012398,0.01166,0.011727,167044254,0.0138697,0.0158713528,0.0118680472,12.6117342894,28.8636790922,15.9756434937,26.9640512964,13.047037949,0.014894,-4.1363524892,145993093.4,1.1441928526,-4.5851047932,0.0138272824,1,0.0149434987,0.0006470413"
2026-08-10T00:00:00.000-03:00,"CSV=1786330800000,0.01173,0.012103,0.011425,0.012032,185792330,0.01366032,0.0152541613,0.0120664787,10.4485673999,23.3353439394,15.0317298418,27.4188082515,14.1225705418,0.014894,-3.2875170806,149411280.3,1.243496004,-4.4194079797,0.0137144114,1,0.0149145285,0.0006501371"
2026-08-10T01:00:00.000-03:00,"CSV=1786334400000,0.012031,0.012802,0.011957,0.01231,247232646,0.01353886,0.0149934977,0.0120842223,9.701790185,21.4883333898,19.9817783708,25.4137247337,13.9787874915,0.014256,0.9264573256,158202733.1,1.5627583744,-2.4636623385,0.0137144114,1,0.0148886128,0.0006696234"
2026-08-10T02:00:00.000-03:00,"CSV=1786338000000,0.012311,0.012413,0.011986,0.012127,139618436,0.01345304,0.014861118,0.012044962,9.4749132167,20.9332319987,19.2207706235,24.4458408422,13.8445899779,0.014256,-0.0741595254,156418376.3,0.8925961214,-1.6645063939,0.0137144114,1,0.0148611341,0.0006453611"
2026-08-10T03:00:00.000-03:00,"CSV=1786341600000,0.012128,0.012539,0.011742,0.012168,191537068,0.01338408,0.0147687774,0.0119993826,9.3758431748,20.6917084877,17.8604508014,24.8824396185,14.0168464449,0.013757,-0.798956465,164787286.4,1.1623291589,-1.4192210613,0.0137144114,1,0.0148343367,0.000660525"
2026-08-10T04:00:00.000-03:00,"CSV=1786345200000,0.012166,0.012491,0.012119,0.012314,121399995,0.01328512,0.0145617288,0.0120085112,8.7668765316,19.2186263022,17.2499232877,24.0318779969,14.1776191474,0.013324,-1.9898121617,167643748.4,0.7241546205,-1.4264579311,0.0137144114,1,0.0148092588,0.0006316725"
2026-08-10T05:00:00.000-03:00,"CSV=1786348800000,0.012314,0.012607,0.012038,0.012429,164882835,0.01316144,0.0141916662,0.0121312138,7.2593743394,15.6552196788,17.4163215764,22.7570229114,14.1187206498,0.013281,1.3701981894,172478833.1,0.9559598244,-0.5143538139,0.0137144114,1,0.0147855746,0.0006254052"
2026-08-10T06:00:00.000-03:00,"CSV=1786352400000,0.012428,0.012514,0.012092,0.012506,138019575,0.01307592,0.0139706128,0.0121812272,6.4041057257,13.6845868622,16.7118537794,21.8365306176,14.0637487186,0.012918,2.4074680642,177281283.9,0.7785343831,0.2818630121,0.0137144114,1,0.0147628923,0.0006050647"
2026-08-10T07:00:00.000-03:00,"CSV=1786356000000,0.012507,0.012964,0.012101,0.01271,207508447,0.01304016,0.0139127585,0.0121675615,6.2719303098,13.383248648,19.5964216017,20.0587801678,13.2038952591,0.012964,4.9372523118,170180569.5,1.2193427699,2.194642978,0.0137144114,1,0.0147424655,0.0006308582"
2026-08-10T08:00:00.000-03:00,"CSV=1786359600000,0.012713,0.01319,0.01268,0.013138,196285079,0.01302424,0.0138875981,0.0121608819,6.216755982,13.2577115393,20.8080846353,19.0754818866,12.6132457078,0.01319,7.3980217445,175932066.5,1.1156867699,4.2143869799,0.0137144114,1,0.0147265006,0.0006187724"
2026-08-10T09:00:00.000-03:00,"CSV=1786363200000,0.013137,0.013598,0.012755,0.013301,374290628,0.01301412,0.0138711862,0.0121570538,6.1787518579,13.1713273492,23.0120495369,17.5517072201,12.6697717031,0.013598,13.4220175663,196656703.9,1.9032691008,11.3248284215,0.0137144114,1,0.0147123165,0.0006411952"
2026-08-10T10:00:00.000-03:00,"CSV=1786366800000,0.013307,0.013579,0.012921,0.013277,355939857,0.01300678,0.0138599832,0.0121535768,6.1558746703,13.1193607456,21.5710057791,16.4525970305,12.7225292988,0.013598,10.3474069149,213671456.6,1.6658278212,13.2955517197,0.0137144114,1,0.0146980348,0.0006428756"
2026-08-10T11:00:00.000-03:00,"CSV=1786370400000,0.013275,0.01385,0.013136,0.013484,257889146,0.01299866,0.0138453258,0.0121519942,6.1151742934,13.0269705406,22.6828949253,15.336064607,13.1626355131,0.01385,9.5369618197,214737106.6,1.2009528771,12.6815150586,0.0137144114,1,0.0146859548,0.0006499881"
2026-08-10T12:00:00.000-03:00,"CSV=1786374000000,0.013483,0.013671,0.013064,0.013578,207397099,0.01298942,0.0138271446,0.0121516954,6.0585510198,12.8985683862,21.3623888682,15.1337962268,13.4228878869,0.01385,11.965036695,221514972.9,0.9362667285,12.1884986268,0.0137144114,1,0.0146749304,0.0006456893"
2026-08-10T13:00:00.000-03:00,"CSV=1786377600000,0.013572,0.013661,0.012419,0.012847,343552802,0.01295868,0.0137725265,0.0121448335,5.9092028618,12.5606393857,18.9445747664,19.2986910918,12.5897591835,0.01385,5.5802103879,236716546.3,1.4513256778,10.8252332923,0.0137144114,1,0.0146567421,0.0007053203"
2026-08-10T14:00:00.000-03:00,"CSV=1786381200000,0.012847,0.013561,0.012807,0.013048,233129214,0.01293848,0.0137371837,0.0121397763,5.8141735808,12.3461752194,17.645539325,17.9753737827,11.8121723936,0.01385,5.9606951437,247889468.2,0.9404563078,9.0854133104,0.0137144114,1,0.0146407347,0.0007101883"
2026-08-10T15:00:00.000-03:00,"CSV=1786384800000,0.013048,0.013395,0.012846,0.012853,123274879,0.01290768,0.0136789209,0.0121364391,5.6381706776,11.9501088907,16.7495486904,17.0626350862,11.086424723,0.01385,3.4113766192,243728672.6,0.5057873482,6.6320859183,0.0137144114,1,0.0146229463,0.0006940695"
2026-08-10T16:00:00.000-03:00,"CSV=1786388400000,0.012848,0.013396,0.012848,0.013361,95731198,0.01288386,0.0136216129,0.0121461071,5.416046672,11.4523584211,15.8962141522,16.1837748821,10.4070888496,0.01385,6.8367183752,239499834.9,0.3997130021,5.3322990209,0.0137144114,1,0.0146103896,0.0006794625"
2026-08-10T17:00:00.000-03:00,"CSV=1786392000000,0.013361,0.013979,0.013111,0.013485,289639245,0.0128625,0.0135662968,0.0121587032,5.1878328076,10.9433904133,20.0175898494,14.8828225322,10.6941246923,0.013979,6.0975609756,247712914.7,1.1692537119,5.9313979487,0.0137144114,1,0.0145991917,0.0006983163"
2026-08-10T18:00:00.000-03:00,"CSV=1786395600000,0.013488,0.013611,0.013209,0.013289,123667406,0.01284032,0.0135121242,0.0121685158,4.9718618901,10.4639783311,19.249740549,14.3119363788,10.9620248121,0.013979,1.1493377988,240451147.4,0.5143140606,4.1513054959,0.0137144114,1,0.0145861549,0.0006686847"
2026-08-10T19:00:00.000-03:00,"CSV=1786399200000,0.013294,0.013536,0.013115,0.013359,105398112,0.01282002,0.0134597432,0.0121802968,4.7528635983,9.9800661266,18.4553996454,14.6427107685,10.999180166,0.013979,0.4360574393,213561895.8,0.4935248941,2.8392720644,0.0137144114,1,0.0145739445,0.0006439162"
2026-08-10T20:00:00.000-03:00,"CSV=1786402800000,0.013357,0.013674,0.013332,0.013548,99959837,0.01280474,0.013417187,0.012192293,4.5646454742,9.5659423007,19.21453482,14.1350353012,11.2813067845,0.013979,2.0411237478,187963893.8,0.5318033957,2.2546735564,0.0137144114,1,0.014563736,0.0006137246"
2026-08-10T21:00:00.000-03:00,"CSV=1786406400000,0.013548,0.014164,0.013448,0.01367,261379024,0.01279946,0.0134032252,0.0121956948,4.5046261956,9.4342291487,22.76627275,13.1150698947,12.3223898098,0.014164,1.3794126372,188312881.6,1.3880039527,2.1413257685,0.0137144114,1,0.0145548432,0.0006239521"
2026-08-10T22:00:00.000-03:00,"CSV=1786410000000,0.01367,0.0145,0.013341,0.013754,484139332,0.0127946,0.0133896207,0.0121995793,4.4438953928,9.3011229602,23.4585798646,11.6563116239,13.7415929101,0.0145,1.2962144646,215987104.9,2.241519614,2.3960472278,0.0119341437,-1,0.0145468746,0.0006774569"
2026-08-10T23:00:00.000-03:00,"CSV=1786413600000,0.013748,0.014389,0.013471,0.014303,351057843,0.01280158,0.0134120079,0.0121911521,4.5513534653,9.5367585199,21.4352625505,10.650947392,15.0661824704,0.0145,11.3333852261,216737609,1.6197366236,7.7163978584,0.0119341437,-1,0.014544448,0.0007015112"
2026-08-11T00:00:00.000-03:00,"CSV=1786417200000,0.014305,0.015176,0.012554,0.01304,1119066842,0.01280392,0.0134150327,0.0121928073,4.5554321816,9.5457128378,16.9589983797,15.7301148575,14.31239065,0.015176,-0.0613120785,305331371.8,3.6650896218,5.0693604848,0.0119341437,-1,0.0145294783,0.0008935601"
2026-08-11T01:00:00.000-03:00,"CSV=1786420800000,0.01304,0.01306,0.01188,0.012482,514394102,0.01280602,0.0134158411,0.0121961989,4.5455301672,9.5239755144,15.4075639543,19.5163991414,14.1425705108,0.015176,-2.8864856454,344443294.1,1.4934072192,1.9426741562,0.0119341437,-1,0.0145091054,0.0009222041"
2026-08-11T02:00:00.000-03:00,"CSV=1786424400000,0.012481,0.01267,0.012009,0.0124,236592623,0.01280954,0.0134164926,0.0122025874,4.523929178,9.4765717506,14.6056342127,18.5006135852,13.9840717141,0.015176,-7.192575406,358529436.6,0.6598973441,-0.2870043651,0.0119341437,-1,0.0144881193,0.0008960837"
2026-08-11T03:00:00.000-03:00,"CSV=1786428000000,0.0124,0.012831,0.012273,0.012416,204495113,0.01281268,0.0134171775,0.0122081825,4.5053998293,9.4359258454,15.2461888066,17.6688377718,13.5424877968,0.015176,-7.9273266593,350015023.4,0.5842466732,-1.7351743195,0.0119341437,-1,0.0144675012,0.0008622753"
2026-08-11T04:00:00.000-03:00,"CSV=1786431600000,0.01242,0.012488,0.011857,0.012064,255192098,0.01281356,0.0134169339,0.0122101861,4.4971070976,9.4177400516,14.4585909763,20.1617953877,13.7378915111,0.015176,-9.2181503499,363167492.6,0.7026843074,-3.3159327443,0.0119341437,-1,0.0144435857,0.0008391478"
2026-08-11T05:00:00.000-03:00,"CSV=1786435200000,0.012062,0.012694,0.01206,0.012612,150180049,0.01281968,0.0134194156,0.0122199444,4.4691632488,9.3564829971,15.4086327538,19.0996319733,13.535097821,0.015176,-5.5917359084,367645686.3,0.4084912583,-2.9720135753,0.0119341437,-1,0.014425361,0.000818633"
2026-08-11T06:00:00.000-03:00,"CSV=1786438800000,0.012611,0.012897,0.012601,0.012649,139281764,0.01280892,0.0134067922,0.0122110478,4.4594723327,9.3352474424,16.773900315,18.6092255921,12.9785584441,0.015176,-6.6356657809,371577879,0.3748386862,-2.8104437981,0.0119341437,-1,0.0144076858,0.0007663697"
2026-08-11T07:00:00.000-03:00,"CSV=1786442400000,0.012649,0.012779,0.012462,0.012712,94930095,0.0127844,0.0133601963,0.0122086037,4.3097891019,9.0077951788,16.2938512423,19.3315459031,12.6817723579,0.015176,-7.0080468178,354932986.1,0.267459207,-2.4984180802,0.0119341437,-1,0.0143908133,0.0007214327"
2026-08-11T08:00:00.000-03:00,"CSV=1786446000000,0.012712,0.013388,0.012702,0.01321,201270826,0.01277644,0.01334348,0.0122094,4.2495661106,8.8763380759,20.8041529714,18.1286056536,12.2944692942,0.015176,-3.9552130289,326646135.5,0.6161739085,-2.4779784104,0.0119341437,-1,0.0143790639,0.0007178895"
2026-08-11T09:00:00.000-03:00,"CSV=1786449600000,0.013208,0.013316,0.012889,0.013081,141576821,0.01276468,0.0133190426,0.0122103174,4.1621808401,8.6858838745,19.9751895579,17.4062522444,11.9329864348,0.015176,-8.5436621688,305698033.3,0.4631263717,-2.9709173607,0.0119341437,-1,0.0143661478,0.0006888005"
2026-08-11T10:00:00.000-03:00,"CSV=1786453200000,0.013076,0.013282,0.012923,0.013109,102488751,0.01276658,0.0133219558,0.0122112042,4.1688756336,8.7004627383,19.2830543418,16.8031300501,11.5956024327,0.015176,0.5291411043,204040224.2,0.5022967966,-1.8920162799,0.0119341437,-1,0.0143536389,0.0006558205"
2026-08-11T11:00:00.000-03:00,"CSV=1786456800000,0.013107,0.013315,0.012737,0.013014,159324172,0.01276328,0.0133166821,0.0122098779,4.1557055543,8.6717849577,18.19547713,17.6703919363,10.9201639194,0.015176,4.262137478,168533231.2,0.9453576061,0.0817371744,0.0119341437,-1,0.0143403092,0.0006480384"
2026-08-11T12:00:00.000-03:00,"CSV=1786460400000,0.013016,0.013383,0.012818,0.013307,142818311,0.01277458,0.0133331762,0.0122159838,4.1895211883,8.7454341953,17.8518957244,16.6848172061,10.4174356774,0.015176,7.314516129,159155800,0.8973490818,2.2423828938,0.0119341437,-1,0.0143300275,0.0006397346"
2026-08-11T13:00:00.000-03:00,"CSV=1786464000000,0.01331,0.013577,0.013024,0.013303,217361196,0.01278788,0.0133509647,0.0122247953,4.2175579363,8.8065366583,18.8039650387,15.7628448791,10.3094602273,0.015176,7.144007732,160442408.3,1.3547614892,4.7210641138,0.0119341437,-1,0.0143198083,0.0006310611"
2026-08-11T14:00:00.000-03:00,"CSV=1786467600000,0.013302,0.01345,0.013066,0.013112,116630957,0.01279568,0.0133604966,0.0122308634,4.2275119332,8.8282387114,18.0614284732,15.1403969712,10.2086831404,0.015176,8.6870026525,146586294.2,0.7956470804,5.4513055084,0.0119341437,-1,0.0143077903,0.000606355"
2026-08-11T15:00:00.000-03:00,"CSV=1786471200000,0.013112,0.013375,0.01296,0.013288,94774124,0.01281678,0.0133798856,0.0122536744,4.2085983654,8.7870065446,17.271689923,15.5952159306,9.8681573662,0.015176,5.3599746273,141045701.7,0.6719391152,4.8347292084,0.0119341437,-1,0.0142976431,0.0005872195"
2026-08-11T16:00:00.000-03:00,"CSV=1786474800000,0.013288,0.013288,0.012502,0.012582,162596953,0.0128196,0.0133811677,0.0122580323,4.1967014915,8.7610793299,15.8640755738,19.0731179011,9.8226252021,0.015176,-0.5296861412,143377220.6,1.1340501114,3.0229225965,0.0119341437,-1,0.0142805721,0.0006070976"
2026-08-11T17:00:00.000-03:00,"CSV=1786478400000,0.012582,0.012666,0.012279,0.012557,107852451,0.0128268,0.0133826174,0.0122709826,4.1532785725,8.6665010771,15.2101418143,20.6621735347,10.1810127429,0.015176,-1.2193203272,144669456.2,0.7455094796,1.7122767768,0.0119341437,-1,0.0142634221,0.0005850878"
2026-08-11T18:00:00.000-03:00,"CSV=1786482000000,0.012556,0.01285,0.012544,0.012728,51351081,0.01283864,0.0133858547,0.0122914253,4.0880070562,8.5244961151,16.7259023607,19.9649672778,10.090810975,0.015176,-3.6487509463,129677481.7,0.3959907328,0.6598939976,0.0119341437,-1,0.0142481443,0.000557179"
2026-08-11T19:00:00.000-03:00,"CSV=1786485600000,0.012727,0.012935,0.012683,0.0127,51016829,0.01284732,0.0133887945,0.0123058455,4.04423655,8.4293770476,17.2175382825,19.3877297394,9.8133323445,0.015176,-2.9126213592,120621482.5,0.422949776,0.0292984813,0.0119341437,-1,0.0142327398,0.0005266611"
2026-08-11T20:00:00.000-03:00,"CSV=1786489200000,0.012699,0.012772,0.012501,0.012767,59510268,0.01285138,0.0133914742,0.0123112858,4.0331201554,8.4052334763,16.6624565109,20.9278325458,9.9155779075,0.013577,-2.6088946525,116323634.2,0.511592235,-0.4253644279,0.0119341437,-1,0.0142181554,0.000501095"
2026-08-11T21:00:00.000-03:00,"CSV=1786492800000,0.012772,0.012904,0.012652,0.012805,57785747,0.01286226,0.0133957911,0.0123287289,3.9828266205,8.2960713803,17.7740428461,20.2765427276,9.6929907811,0.013577,-1.6059628093,106169791.7,0.5442767295,-0.5749390138,0.0119341437,-1,0.0142040941,0.0004761855"
2026-08-11T22:00:00.000-03:00,"CSV=1786496400000,0.012806,0.012981,0.012678,0.012818,72683884,0.01287438,0.0133998236,0.0123489364,3.9212726443,8.1626240317,18.0684793663,19.4949552529,9.2999588534,0.013577,-3.6747576464,99156349,0.7330229958,-1.2811866288,0.0119341437,-1,0.0141903021,0.000458867"
2026-08-11T23:00:00.000-03:00,"CSV=1786500000000,0.012817,0.012921,0.012724,0.012801,48798169,0.01288816,0.0134023432,0.0123739768,3.8365169839,7.9791556286,17.5959982931,18.9851725982,8.9331290542,0.013577,-3.7735849057,82300046.3,0.592930031,-1.5999483575,0.0119341437,-1,0.0141764782,0.0004326803"
2026-08-12T00:00:00.000-03:00,"CSV=1786503600000,0.012802,0.012856,0.01215,0.012208,144140210,0.01288766,0.0134024918,0.0123728282,3.8413137818,7.9895304997,15.9904438764,24.6714001052,9.7608634829,0.013577,-6.894447834,85050971.6,1.6947508922,-4.9614227776,0.0119341437,-1,0.0141568914,0.0004600122"
2026-08-12T01:00:00.000-03:00,"CSV=1786507200000,0.012208,0.012625,0.012204,0.012513,89965964,0.01290338,0.0133939607,0.0124127993,3.6627005549,7.6039095471,15.1095889525,23.3123431315,10.5334156164,0.013577,-5.8323299217,84570155.6,1.0638027489,-5.3757647194,0.0119341437,-1,0.0141405343,0.000456111"
2026-08-12T02:00:00.000-03:00,"CSV=1786510800000,0.012514,0.012948,0.012316,0.012784,109290163,0.01291842,0.0133933328,0.0124435072,3.5458896081,7.3524904096,18.0394802508,21.4149427223,10.4015443212,0.013577,1.6054681291,79239476.6,1.3792388301,-2.8457351516,0.0119341437,-1,0.0141270364,0.0004736999"
2026-08-12T03:00:00.000-03:00,"CSV=1786514400000,0.012785,0.013327,0.012739,0.013082,178881615,0.01293386,0.0134012308,0.0124664892,3.4875212724,7.2270888043,21.5227573404,19.8078741699,9.9847201741,0.013577,4.1809349367,86342393,2.0717704106,0.9901556625,0.0119341437,-1,0.014116638,0.0004851299"
2026-08-12T04:00:00.000-03:00,"CSV=1786518000000,0.013082,0.01324,0.012851,0.013233,85104875,0.01295598,0.0134106396,0.0125013204,3.3902904188,7.0185293663,20.4357236476,18.8074527897,9.5956843034,0.013577,3.9676304211,89717772.4,0.9485843521,1.914647819,0.0119341437,-1,0.0141078456,0.0004755169"
2026-08-12T05:00:00.000-03:00,"CSV=1786521600000,0.013236,0.013745,0.013124,0.013609,118130629,0.0129848,0.0134342388,0.0125353612,3.3454728037,6.9225372069,25.2771571353,17.3119212191,10.2028074689,0.013745,7.157480315,96429152.4,1.225050994,4.1991913375,0.0119643043,-1,0.014102882,0.0004900652"
2026-08-12T06:00:00.000-03:00,"CSV=1786525200000,0.013617,0.014318,0.013537,0.01411,244609156,0.01302072,0.0134865816,0.0125548584,3.454260134,7.1556966446,29.9313014704,15.6364867594,11.6139828313,0.014318,10.5193075899,114939041.2,2.128164229,10.2617322673,0.0123700239,-1,0.0141029528,0.0005191587"
2026-08-12T07:00:00.000-03:00,"CSV=1786528800000,0.01411,0.014434,0.0136,0.014399,235744387,0.01306012,0.0135565726,0.0125636674,3.6620802126,7.6025727371,28.3340226041,14.0776825033,13.0806615744,0.014434,12.4482623975,132734905.2,1.7760542085,14.2107511182,0.0123700239,-1,0.0141058985,0.0005506428"
2026-08-12T08:00:00.000-03:00,"CSV=1786532400000,0.0144,0.01494,0.014167,0.014792,215410019,0.01310584,0.0136519371,0.0125597429,4.0001435048,8.3336447592,31.6782903958,12.8095544974,15.0361667238,0.01494,15.4002184428,147007518.7,1.4652993323,16.9958106795,0.0128348643,-1,0.0141127254,0.0005728786"
2026-08-12T09:00:00.000-03:00,"CSV=1786536000000,0.014791,0.015141,0.013819,0.014162,467801406,0.01313488,0.0136975117,0.0125722483,4.1075464991,8.5669859288,27.1902184613,14.7241998044,16.0165289476,0.015141,10.6319818764,188907842.4,2.4763471969,20.1066999587,0.0128348643,-1,0.0141132157,0.0006477907"
2026-08-12T10:00:00.000-03:00,"CSV=1786539600000,0.014166,0.014819,0.01237,0.012457,541056320,0.01312126,0.0136918379,0.0125506821,4.1672847796,8.6969982432,21.2224266088,24.4786422968,15.4237624705,0.015141,2.0396461337,228599453.4,2.3668312061,15.0136326787,0.0156689285,1,0.014096736,0.0008279116"
2026-08-12T11:00:00.000-03:00,"CSV=1786543200000,0.012457,0.01322,0.009917,0.010424,1120865983,0.01306372,0.0137471718,0.0123802682,4.9715811297,10.4633565176,16.1122119054,36.4670528058,16.9763567704,0.015141,-16.6946375769,331689455.3,3.3792632388,-8.7961032306,0.0147947614,1,0.0140601913,0.0010754205"
2026-08-12T12:00:00.000-03:00,"CSV=1786546800000,0.010423,0.010707,0.010074,0.010699,421721266,0.01301216,0.0137706955,0.0122536245,5.5083313938,11.6588720997,15.3531120878,34.7489688272,18.4254447836,0.015141,-16.3094493116,362932565.6,1.1619824341,-12.1811666905,0.0134840353,1,0.0140267466,0.0010311784"
2026-08-12T13:00:00.000-03:00,"CSV=1786550400000,0.010695,0.011137,0.010695,0.010803,234963026,0.01295854,0.0137744175,0.0121426625,5.9231364398,12.5921214115,18.1426658263,33.5658637131,19.1855606846,0.015141,-17.4208836569,368540706.7,0.6375497244,-11.8230043187,0.0134840353,1,0.0139946696,0.0009722606"
2026-08-12T14:00:00.000-03:00,"CSV=1786554000000,0.010803,0.01086,0.010407,0.010688,142566612,0.01290074,0.0137712271,0.0120302529,6.3210567422,13.4951495445,17.4888117011,34.6474222624,20.1005969542,0.015141,-19.2322224741,374286880.4,0.3809019751,-10.3238667211,0.0133945036,1,0.0139617674,0.0009203345"
2026-08-12T15:00:00.000-03:00,"CSV=1786557600000,0.010685,0.01074,0.010466,0.010722,87868103,0.01285824,0.0137806401,0.0119358399,6.6934487224,14.347221349,17.0896682724,33.8566715154,20.9546308059,0.015141,-21.2139025645,371260627.8,0.2366749836,-8.556177828,0.0131701032,1,0.0139295309,0.0008557011"
2026-08-12T16:00:00.000-03:00,"CSV=1786561200000,0.010722,0.010991,0.01068,0.010936,85685989,0.012816,0.0137763216,0.0118556784,6.9708131035,14.9862926595,18.807696398,32.9423553894,21.3785436438,0.015141,-22.4946846208,355368311.1,0.2411188233,-7.5120825139,0.0131701032,1,0.0138997445,0.000801231"
2026-08-12T17:00:00.000-03:00,"CSV=1786564800000,0.010938,0.011145,0.010712,0.011019,97778151,0.01277932,0.0137720078,0.0117866322,7.2080105583,15.5358465784,19.4566533956,31.6666652983,21.5455373545,0.015141,-23.4738523509,341571687.5,0.2862595308,-7.2479263293,0.0131701032,1,0.0138710804,0.0007644079"
2026-08-12T18:00:00.000-03:00,"CSV=1786568400000,0.011019,0.011031,0.010523,0.010576,103314288,0.01272362,0.0137593091,0.0116879309,7.5271881479,16.2797864522,18.553512091,31.9237315999,21.8750094006,0.015141,-28.5018929151,330362114.4,0.3127304358,-7.8030873501,0.0129933012,1,0.0138382935,0.0007387671"
2026-08-12T19:00:00.000-03:00,"CSV=1786572000000,0.010571,0.01084,0.01042,0.010538,91530089,0.01266468,0.0137385155,0.0115908445,7.8162410628,16.9579569176,17.8207510558,31.631475636,22.2785025687,0.015141,-25.5896059879,292734982.7,0.312672193,-7.8691109739,0.0127506711,1,0.0138054548,0.0007068904"
2026-08-12T20:00:00.000-03:00,"CSV=1786575600000,0.010537,0.010789,0.010519,0.01076,50301610,0.0126141,0.0137165178,0.0115116822,8.0371547974,17.4791347086,17.3488143755,30.7937974956,22.6550961922,0.015141,-13.6228626475,243659511.7,0.2064422179,-6.1835186422,0.012643604,1,0.0137751517,0.0006632013"
2026-08-12T21:00:00.000-03:00,"CSV=1786579200000,0.01076,0.01099,0.010567,0.010622,82398479,0.01255936,0.0136909961,0.0114277239,8.26554958,18.0206008587,18.6328246891,29.4831917907,22.6481182364,0.015141,1.8994627782,139812761.3,0.5893487707,-3.749197077,0.012643604,1,0.0137437771,0.0006391812"
2026-08-12T22:00:00.000-03:00,"CSV=1786582800000,0.010625,0.010625,0.010281,0.010458,111182557,0.01249756,0.0136575372,0.0113375828,8.493311496,18.5632583472,17.9665478133,31.4018477777,22.9525353076,0.015141,-2.252546967,108758890.4,1.0222847676,-3.2670462022,0.0122819892,1,0.0137110828,0.0006096631"
2026-08-12T23:00:00.000-03:00,"CSV=1786586400000,0.010458,0.010777,0.010434,0.010637,84632482,0.0124369,0.013613169,0.011260631,8.6406699553,18.9157909784,18.9360447443,30.2464043223,22.9554822383,0.015141,-1.5366102009,93725836,0.902979217,-2.6405398268,0.0122819892,1,0.0136804949,0.0005829968"
2026-08-13T00:00:00.000-03:00,"CSV=1786590000000,0.010636,0.010799,0.010583,0.010646,58037180,0.01237474,0.0135618357,0.0111876443,8.7532084084,19.1857889045,18.7240541004,29.5136814754,22.9162905911,0.015141,-0.3929640719,85272892.8,0.6806052673,-1.8495110236,0.0122819892,1,0.0136503009,0.0005462971"
2026-08-13T01:00:00.000-03:00,"CSV=1786593600000,0.010647,0.010933,0.010554,0.010722,69646433,0.01230312,0.0134796973,0.0111265427,8.7285142602,19.1264866336,19.4485257032,28.2281093326,22.6161949436,0.015141,0,83450725.8,0.834581513,-1.2330073491,0.0122819892,1,0.0136211636,0.0005295674"
2026-08-13T02:00:00.000-03:00,"CSV=1786597200000,0.010725,0.010866,0.010658,0.010746,55316456,0.01225724,0.0134488195,0.0110656605,8.8601050053,19.442868583,18.9628307569,27.5231587232,22.3361056726,0.015141,-1.7373811266,80413772.5,0.6878977852,-1.220385109,0.0122542319,1,0.013592555,0.0004974106"
2026-08-13T03:00:00.000-03:00,"CSV=1786600800000,0.01074,0.010775,0.010341,0.0105,103856937,0.0122176,0.013433757,0.011001443,9.0529927081,19.908280608,17.9601198308,29.9300626981,22.5133363036,0.015141,-4.7100462837,81021651.1,1.2818417743,-2.8261014344,0.0120312087,1,0.0135617833,0.0004910696"
2026-08-13T04:00:00.000-03:00,"CSV=1786604400000,0.0105,0.01056,0.01035,0.010438,63463785,0.01217836,0.0134193968,0.0109373232,9.2480817734,20.3810166311,17.4809060424,29.1314656472,22.6787515593,0.015141,-1.3048411498,77036600.8,0.8238134126,-2.2423828364,0.0118438879,1,0.0135307009,0.0004629626"
2026-08-13T05:00:00.000-03:00,"CSV=1786608000000,0.010437,0.010438,0.009976,0.010302,187168660,0.01213608,0.0134040192,0.0108681408,9.4593955252,20.895366405,16.4465259484,32.1978126156,23.3255356958,0.014819,-2.2395141393,86600457.9,2.1612894959,-3.108334686,0.0115955991,1,0.0134985745,0.0004628664"
2026-08-13T06:00:00.000-03:00,"CSV=1786611600000,0.010301,0.010316,0.009603,0.009819,241710396,0.01209118,0.0133999684,0.0107823916,9.7671006233,21.6486463158,14.9807716466,33.990630799,24.3583857287,0.01322,-8.7453531599,105741336.5,2.2858647715,-8.7357880249,0.0114231392,1,0.0134619618,0.0004878797"
2026-08-13T07:00:00.000-03:00,"CSV=1786615200000,0.009815,0.009905,0.009553,0.009743,330199854,0.0120338,0.0133808295,0.0106867705,10.0668610672,22.3874340129,14.3063489553,33.0998766215,25.3773990605,0.011145,-8.2752777255,130521474,2.5298507892,-12.8022646447,0.0111518753,1,0.0134249572,0.0004742918"
2026-08-13T08:00:00.000-03:00,"CSV=1786618800000,0.009743,0.009844,0.009119,0.009526,346754325,0.01197134,0.0133601521,0.0105825279,10.3951818403,23.2022832115,13.0134921909,35.5183609959,26.7769948697,0.011145,-8.9118378275,154078650.8,2.2505020858,-15.2202129694,0.0109795877,1,0.0133861616,0.0004993626"
2026-08-13T09:00:00.000-03:00,"CSV=1786622400000,0.009526,0.009678,0.009404,0.009427,198757906,0.01190564,0.01333497,0.01047631,10.7186595223,24.0109735471,12.5541006602,34.264521213,28.0832842917,0.011145,-11.3753877973,165491193.2,1.2010180249,-14.700823908,0.010971479,1,0.013346767,0.0004768263"
2026-08-13T10:00:00.000-03:00,"CSV=1786626000000,0.009428,0.009798,0.009424,0.009523,236778811,0.0118319,0.0132869117,0.0103768883,10.9507141931,24.5947266031,13.5129415853,32.5824030401,28.9690389275,0.011145,-10.5485628405,183365356.3,1.2912952358,-14.3409855855,0.010971479,1,0.0133087196,0.0004665437"
2026-08-13T11:00:00.000-03:00,"CSV=1786629600000,0.009524,0.009541,0.009255,0.009386,195587323,0.011758,0.0132412537,0.0102747463,11.2017615862,25.2296932603,12.9904333632,33.6074139366,29.9874024303,0.011145,-12.4603618728,195959445.3,0.9981010239,-13.7062237048,0.010743468,1,0.0132696875,0.0004484893"
2026-08-13T12:00:00.000-03:00,"CSV=1786633200000,0.009386,0.009499,0.008907,0.00912,256977995,0.01167822,0.0131935924,0.0101628476,11.485669231,25.9521122312,11.9644183477,35.5959029096,31.3007352508,0.011145,-15.1312116136,216125599.2,1.1890215502,-15.1345946997,0.0105915212,1,0.0132283971,0.0004628404"
2026-08-13T13:00:00.000-03:00,"CSV=1786636800000,0.009121,0.009577,0.009113,0.009442,197059149,0.01160678,0.013141569,0.010071991,11.6788869114,26.4464214795,12.2658411047,33.3817927207,32.297925544,0.011031,-10.0761904762,225445820.4,0.874086504,-13.0255505022,0.0105915212,1,0.0131907215,0.0004629563"
2026-08-13T14:00:00.000-03:00,"CSV=1786640400000,0.009446,0.009787,0.009332,0.009696,136764545,0.01153456,0.0130726004,0.0099965196,11.7653742267,26.6683835822,14.344622971,31.3340632875,32.6242881466,0.01099,-7.1086415022,232775896.4,0.5875374002,-10.0758979172,0.0105915212,1,0.0131559482,0.0004621607"
2026-08-13T15:00:00.000-03:00,"CSV=1786644000000,0.009697,0.009729,0.009523,0.009646,53771026,0.01146142,0.013000577,0.009922263,11.8391436953,26.8580505943,13.9301114974,30.4286139932,32.9288932423,0.01099,-6.3676955931,219436133,0.2450418045,-7.2373824843,0.0105915212,1,0.0131210233,0.0004365446"
2026-08-13T16:00:00.000-03:00,"CSV=1786647600000,0.009644,0.010331,0.009642,0.010068,197775790,0.01140054,0.0129333942,0.0098676858,11.8519096198,26.8909049957,20.821698234,27.5733148015,31.6637042578,0.01099,2.5358997861,215042672.4,0.9197048558,-4.0474952072,0.0105915212,1,0.013090645,0.0004617902"
2026-08-13T17:00:00.000-03:00,"CSV=1786651200000,0.010068,0.010182,0.009836,0.010141,103209704,0.0113376,0.0128562044,0.0098189956,11.8122295543,26.788815489,19.8209737224,26.2480966719,30.4828612056,0.010933,4.0849840911,192343657.4,0.5365901085,-1.9676761192,0.0105915212,1,0.0130612953,0.0004502112"
2026-08-13T18:00:00.000-03:00,"CSV=1786654800000,0.010142,0.010185,0.009895,0.010097,100412453,0.0112879,0.0128056287,0.0097701713,11.8520433603,26.8912492407,19.0436925139,25.1620954415,29.3733856671,0.010933,5.9941213521,167709470.2,0.5987285803,-0.115500157,0.0105915212,1,0.0130317998,0.00043419"
2026-08-13T19:00:00.000-03:00,"CSV=1786658400000,0.010095,0.010167,0.009952,0.010113,48074700,0.01123902,0.0127544429,0.0097235971,11.8815294737,26.9671713609,18.4377328665,24.3614516341,28.3378751644,0.010933,7.2769704042,152641149.6,0.3149524236,0.6869663836,0.0105915212,1,0.013002757,0.000412271"
2026-08-13T20:00:00.000-03:00,"CSV=1786662000000,0.010111,0.010354,0.010063,0.010294,64607518,0.01119034,0.0126962141,0.0096844659,11.8608121587,26.913822215,20.4589207772,23.2869125696,26.8796566144,0.010933,8.096188176,135424020.3,0.4770757644,1.7454759766,0.0105915212,1,0.0129758042,0.0004001439"
2026-08-13T21:00:00.000-03:00,"CSV=1786665600000,0.010291,0.010525,0.010167,0.010305,112440114,0.01114244,0.0126375846,0.0096472954,11.8309366876,26.8369340519,21.9592772126,22.0074097811,25.0949778459,0.010866,9.7911783507,127109299.4,0.8845939245,4.0507229454,0.0105915212,1,0.012949229,0.0003959295"
2026-08-13T22:00:00.000-03:00,"CSV=1786669200000,0.010305,0.010491,0.010162,0.010417,79070226,0.01109544,0.0125756393,0.0096152407,11.7703699075,26.681217852,20.8322322864,20.9558949669,23.441707842,0.010775,14.2214912281,109318522.5,0.7233012685,6.1292895123,0.0105915212,1,0.0129240327,0.0003892366"
2026-08-13T23:00:00.000-03:00,"CSV=1786672800000,0.010417,0.01045,0.009691,0.010119,141378456,0.01104172,0.0125075716,0.0095758684,11.7197135724,26.5511453275,18.4869383475,25.5828724576,22.9523657238,0.01056,7.1700910824,103750453.2,1.3626779608,7.3430347065,0.0105915212,1,0.012896122,0.0004262129"
2026-08-14T00:00:00.000-03:00,"CSV=1786676400000,0.010119,0.010436,0.010082,0.010345,68441650,0.01099226,0.0124389388,0.0095455812,11.6302427357,26.3217713746,17.5022902139,24.2202819007,22.4956464134,0.010525,6.6934818482,96918163.7,0.7061798056,6.4709570411,0.0105915212,1,0.0128707377,0.0004189916"
2026-08-14T01:00:00.000-03:00,"CSV=1786680000000,0.01035,0.010494,0.01027,0.010457,58769613,0.01094538,0.0123705049,0.0095202551,11.5203455007,26.0406656555,17.7947119219,23.37617491,21.8997246473,0.010525,8.4076301057,97418022.4,0.6032724906,6.0046686786,0.0105915212,1,0.0128467204,0.0003994925"
2026-08-14T02:00:00.000-03:00,"CSV=1786683600000,0.010452,0.010635,0.010175,0.010415,95361621,0.01090952,0.0123249482,0.0094940918,11.4842525774,25.9484959722,18.7104247235,21.7113158085,20.9346732151,0.010635,3.4465633691,87176605.5,1.093890046,5.2598329065,0.0105915212,1,0.0128225241,0.0004055432"
2026-08-14T03:00:00.000-03:00,"CSV=1786687200000,0.010415,0.0106,0.010363,0.010475,54177415,0.01086876,0.0122666615,0.0094708585,11.3959412996,25.7232940944,18.0026513115,20.8900254157,20.0339585449,0.010635,3.2935607928,82273376.6,0.6585048194,4.2294971561,0.0105915212,1,0.0127991657,0.0003886889"
2026-08-14T04:00:00.000-03:00,"CSV=1786690800000,0.010476,0.010773,0.010405,0.010433,97016896,0.01082174,0.0121937286,0.0094497514,11.2515920521,25.3561552535,19.7201197399,19.6532049117,18.7096912854,0.010773,3.3277211053,81933820.9,1.1840885111,4.133103547,0.0105915212,1,0.0127756218,0.00038662"
2026-08-14T05:00:00.000-03:00,"CSV=1786694400000,0.010434,0.010885,0.010425,0.010665,109628511,0.0107734,0.0121069411,0.0094398589,11.0146821329,24.7561786527,20.0601103549,18.2093135488,17.78479377,0.010885,5.458320973,88089202,1.2445170181,5.0197268117,0.009473126,-1,0.0127546205,0.000393958"
2026-08-14T06:00:00.000-03:00,"CSV=1786698000000,0.010671,0.010782,0.010611,0.010739,59570638,0.01072352,0.0120099394,0.0094371006,10.7112895016,23.9924833539,19.4898015772,17.6916229095,16.9215560889,0.010885,4.3229065475,87585514,0.6801425861,4.3265488208,0.0095815134,-1,0.0127345646,0.0003716622"
2026-08-14T07:00:00.000-03:00,"CSV=1786701600000,0.010739,0.0109,0.010218,0.010853,192401760,0.0106684,0.0118872733,0.0094495267,10.2535983192,22.8501602898,17.3785422992,22.0174206158,16.5784529729,0.0109,5.3178068899,95581678.6,2.0129564872,6.4525371728,0.0095815134,-1,0.0127158426,0.000402696"
2026-08-14T08:00:00.000-03:00,"CSV=1786705200000,0.010853,0.010956,0.010319,0.010485,160046365,0.0105959,0.0117113265,0.0094804735,9.5243394426,21.0539262911,16.5386724646,19.864043506,16.08221965,0.010956,0.6527791111,103679292.5,1.5436676036,4.6375827706,0.0095815134,-1,0.0126936451,0.0004261264"
2026-08-14T09:00:00.000-03:00,"CSV=1786708800000,0.010489,0.010521,0.009928,0.010179,157326783,0.0105115,0.0114868244,0.0095361756,8.4908093895,18.5572822419,15.0687039335,23.9589433458,16.5286941597,0.010956,0.5929439668,105274125.2,1.4944487328,3.3870966336,0.0095815134,-1,0.0126686238,0.0004428138"
2026-08-14T10:00:00.000-03:00,"CSV=1786712400000,0.010179,0.010382,0.009952,0.010248,101021002,0.01042062,0.0111808394,0.0096604006,6.7993049153,14.5906742629,14.0953721119,22.411364863,16.9454037021,0.010956,-0.9376510391,108532060.4,0.9307941048,1.9671444026,0.0095815134,-1,0.012644538,0.0004415324"
2026-08-14T11:00:00.000-03:00,"CSV=1786716000000,0.010247,0.010542,0.01012,0.01048,83014863,0.01034698,0.0108879261,0.0098060339,4.9683114524,10.4561152776,15.61026952,20.9860127209,16.794997793,0.010956,0.21994836,110956585.4,0.7481742765,1.3662828367,0.0095815134,-1,0.0126230003,0.0004395791"
2026-08-14T12:00:00.000-03:00,"CSV=1786719600000,0.010484,0.010968,0.010193,0.010639,217034242,0.01031062,0.010762242,0.009858998,4.1963561589,8.7603268324,19.9877663799,18.6518637233,15.9058204807,0.010968,2.1507441191,123123847.5,1.7627311557,2.1745831134,0.0095815134,-1,0.012603259,0.0004731212"
2026-08-14T13:00:00.000-03:00,"CSV=1786723200000,0.010639,0.010643,0.010255,0.010441,107790215,0.01031096,0.0107626736,0.0098592464,4.1970391381,8.7618150846,18.8624124621,17.6017239769,15.0759216559,0.010968,-0.3245823389,128485127.5,0.8389314553,1.3589546309,0.0095815134,-1,0.012581744,0.0004646091"
2026-08-14T14:00:00.000-03:00,"CSV=1786726800000,0.010435,0.010443,0.010252,0.010349,56289489,0.01030396,0.0107523054,0.0098556146,4.1697610588,8.70239103,18.3184384195,17.1394039278,14.2925383918,0.010968,-0.8051375443,124412386.8,0.4524428029,0.7845435249,0.0095815134,-1,0.0125595276,0.0004372482"
2026-08-14T15:00:00.000-03:00,"CSV=1786730400000,0.010349,0.01062,0.010093,0.010493,127399777,0.01029776,0.010741279,0.009854241,4.1291078927,8.613892709,19.5178515012,15.792969502,14.0429584969,0.010968,-1.6127519925,126189513.4,1.0095908413,-0.0197108637,0.0095815134,-1,0.0125389652,0.0004462234"
2026-08-14T16:00:00.000-03:00,"CSV=1786734000000,0.01049,0.010746,0.01027,0.01057,131701245,0.0102954,0.0107371466,0.0098536534,4.1141901072,8.5814368399,20.009079371,14.6771575472,14.1315523236,0.010968,-1.5737033243,133402574.1,0.9872466546,-0.5310183566,0.0095815134,-1,0.0125193735,0.000449201"
2026-08-14T17:00:00.000-03:00,"CSV=1786737600000,0.01057,0.01074,0.010445,0.010478,52830496,0.01029052,0.0107288616,0.0098521784,4.0856302254,8.51932872,19.112432446,14.0194447189,14.2142398952,0.010968,-3.4552658251,119445447.7,0.442298112,-0.8634314213,0.0095815134,-1,0.0124990613,0.0004337809"
2026-08-14T18:00:00.000-03:00,"CSV=1786741200000,0.010478,0.01065,0.010301,0.010462,126907055,0.01028104,0.0107103519,0.0098517281,4.0083828824,8.3515269412,18.0851651328,15.4836276487,13.7832818392,0.010968,-0.2193609919,116131516.7,1.0927873725,-0.6555259215,0.0095815134,-1,0.012478792,0.0004253028"
2026-08-14T19:00:00.000-03:00,"CSV=1786744800000,0.010461,0.010619,0.010443,0.010569,29228895,0.01027204,0.0106903634,0.0098537166,3.9130883724,8.1448936303,17.5747687481,15.0466514023,13.3810543203,0.010968,3.8314176245,103321727.9,0.282892046,-0.0757247574,0.0095815134,-1,0.0124597891,0.0004003726"
2026-08-14T20:00:00.000-03:00,"CSV=1786748400000,0.010569,0.01066,0.010395,0.010422,46521297,0.01026896,0.0106855976,0.0098523224,3.8990574278,8.1145040276,16.8094623179,15.1801868798,12.8285262444,0.010968,1.6978922717,97871757.4,0.475329127,0.2185360454,0.0095815134,-1,0.0124395126,0.0003868353"
2026-08-14T21:00:00.000-03:00,"CSV=1786752000000,0.010422,0.010423,0.01001,0.01003,90320419,0.0102588,0.0106749467,0.0098426533,3.8983488182,8.1129694865,15.6700436012,20.4700889763,12.8587417732,0.010968,-4.2938931298,98602313,0.9160071022,-1.1653881707,0.0095815134,-1,0.0124155374,0.0003894518"
2026-08-14T22:00:00.000-03:00,"CSV=1786755600000,0.010031,0.010337,0.01003,0.010308,49433371,0.01024976,0.0106597852,0.0098397348,3.846468166,8.0006799389,14.867411656,19.4215949356,12.8869429335,0.010968,-3.1111946612,81842225.9,0.6040081444,-1.4033210852,0.0095815134,-1,0.0123945668,0.0003812066"
2026-08-14T23:00:00.000-03:00,"CSV=1786759200000,0.010306,0.01031,0.010065,0.010109,36361971,0.0102395,0.0106464895,0.0098325105,3.8227576923,7.9494017516,14.2435952497,18.6066911825,12.9132640163,0.010968,-3.1797720525,74699401.5,0.4867772736,-1.4514943135,0.0095815134,-1,0.0123718249,0.0003675859"
2026-08-15T00:00:00.000-03:00,"CSV=1786762800000,0.010111,0.010394,0.01008,0.010211,56576595,0.01023456,0.0106403647,0.0098287553,3.8138231329,7.930085709,14.9250039815,17.5930387382,12.5993652647,0.010968,-1.3334621703,74728112.1,0.7570992149,-1.3041839298,0.0095815134,-1,0.0123503241,0.0003622273"
2026-08-15T01:00:00.000-03:00,"CSV=1786766400000,0.01021,0.01021,0.009825,0.010044,74707672,0.0102227,0.0106252219,0.0098201781,3.7883624056,7.8750606483,13.9257854022,20.8380135939,13.0849681522,0.010968,-4.2790431716,69458901.6,1.0755665621,-2.4035878709,0.0095815134,-1,0.0123273756,0.0003646046"
2026-08-15T02:00:00.000-03:00,"CSV=1786770000000,0.010048,0.010199,0.009293,0.009688,136838082,0.01020354,0.0106082513,0.0097988287,3.8150610816,7.9327618743,11.919043314,26.2968559877,14.7208098817,0.010968,-8.3443708609,69972585.3,1.9555956295,-7.0417969762,0.0095815134,-1,0.0123011132,0.0004187441"
2026-08-15T03:00:00.000-03:00,"CSV=1786773600000,0.009688,0.00972,0.00944,0.009652,96946985,0.01018214,0.01058716,0.00977712,3.825576949,7.9554975795,11.3762147413,25.0992191953,16.2475954958,0.010968,-7.8831838137,74384234.2,1.3033270564,-8.1193202357,0.0095815134,-1,0.0122747539,0.0004048697"
2026-08-15T04:00:00.000-03:00,"CSV=1786777200000,0.009654,0.009914,0.009652,0.009875,56495548,0.01016472,0.010563801,0.009765639,3.7778163033,7.8522772155,14.1127085853,24.0032512412,16.8943264542,0.010968,-5.6107818773,67343083.5,0.8389213125,-6.9818816561,0.0095815134,-1,0.0122508757,0.0003905828"
2026-08-15T05:00:00.000-03:00,"CSV=1786780800000,0.009875,0.010227,0.009793,0.010152,67907122,0.01015776,0.0105539572,0.0097615628,3.7540151552,7.8008763925,18.2848029776,22.276845031,16.4241655482,0.010968,-3.9455009935,71210906.2,0.9536056431,-5.9087384414,0.0095815134,-1,0.0122299914,0.0003949245"
2026-08-15T06:00:00.000-03:00,"CSV=1786784400000,0.010152,0.0102,0.009964,0.010056,50921016,0.01015012,0.0105445186,0.0097557214,3.7403183422,7.7713083562,17.5494076314,21.3808939954,15.9853487026,0.010968,-3.5118019574,71650878.1,0.7106823719,-4.7710842092,0.0095815134,-1,0.0122083596,0.000379032"
2026-08-15T07:00:00.000-03:00,"CSV=1786788000000,0.010056,0.010113,0.00986,0.010091,37204946,0.0101459,0.0105397794,0.0097520206,3.737074285,7.7643064704,16.7744966234,22.2519068262,15.8553347621,0.010968,0.6081754736,66339330.8,0.5608278762,-3.0670288864,0.0095815134,-1,0.0121872914,0.0003664288"
2026-08-15T08:00:00.000-03:00,"CSV=1786791600000,0.010087,0.010133,0.009957,0.009963,26893895,0.01014878,0.0105407806,0.0097567794,3.7188951349,7.7250778127,16.6020923457,21.5429023905,15.6618263567,0.010746,-3.3469150175,64085383.2,0.4196572394,-2.5128716299,0.0095815134,-1,0.0121651591,0.0003473859"
2026-08-15T09:00:00.000-03:00,"CSV=1786795200000,0.009964,0.010028,0.009902,0.00992,26287247,0.01015232,0.0105414287,0.0097632113,3.6912330158,7.6654143365,16.2060158424,22.0703308666,15.6391038933,0.010746,-1.8696211297,63077910.8,0.416742512,-1.934964622,0.0095815134,-1,0.0121428192,0.0003252474"
2026-08-15T10:00:00.000-03:00,"CSV=1786798800000,0.009918,0.009923,0.00974,0.009783,51881359,0.01015746,0.0105399016,0.0097750184,3.6285119459,7.5302602859,15.6259124454,24.449098229,16.0642754547,0.010746,-4.1915581236,62608387.2,0.8286646777,-2.4477751351,0.0095815134,-1,0.0121193384,0.0003110226"
2026-08-15T11:00:00.000-03:00,"CSV=1786802400000,0.009779,0.009798,0.009554,0.009623,47650224,0.01016138,0.0105372626,0.0097854974,3.5671748641,7.3982585475,14.8657308098,26.9681521966,16.921971147,0.010746,-4.1915571485,59902642.4,0.7954611365,-2.7432570277,0.0095815134,-1,0.0120944993,0.0003043204"
2026-08-15T12:00:00.000-03:00,"CSV=1786806000000,0.009621,0.009648,0.00933,0.009497,89029590,0.01016086,0.0105376423,0.0097840777,3.5755841976,7.4163460942,13.9201137709,29.7334355459,18.2088127879,0.01074,-1.9715111478,55121793.2,1.6151432098,-2.8902622996,0.010406065,1,0.0120686535,0.0003056883"
2026-08-15T13:00:00.000-03:00,"CSV=1786809600000,0.009499,0.009516,0.00912,0.009315,143557105,0.01015944,0.0105392614,0.0097796186,3.603871026,7.4772110962,12.83112119,31.5559864436,19.8072498852,0.01066,-3.4915043514,59782805.2,2.4013109542,-4.7215707483,0.0102621585,1,0.0120412539,0.0003147195"
2026-08-15T14:00:00.000-03:00,"CSV=1786813200000,0.009315,0.00951,0.009231,0.009296,52934634,0.01016296,0.0105338424,0.0097920776,3.5208653293,7.2987083504,12.1156360852,29.7963710573,21.2991245094,0.01066,-5.8632911392,59426713.8,0.8907548578,-4.8886321872,0.0102621585,1,0.012013938,0.0003111475"
2026-08-15T15:00:00.000-03:00,"CSV=1786816800000,0.009292,0.009351,0.00905,0.009136,65996214,0.01015684,0.0105418252,0.0097718548,3.6519782427,7.5808058662,11.3820009486,31.6333308612,23.0178048598,0.01066,-10.0078802206,59235623,1.1141304954,-6.9757829743,0.0101308984,1,0.0119853018,0.0003101328"
2026-08-15T16:00:00.000-03:00,"CSV=1786820400000,0.009134,0.009171,0.009001,0.009074,44577469,0.0101444,0.010553377,0.009735423,3.8753189224,8.0631090349,10.9796830485,31.5340132259,24.7064544753,0.010423,-9.7653142403,58601268.3,0.7606911982,-7.126651513,0.0099743585,1,0.0119563336,0.0002961195"
2026-08-15T17:00:00.000-03:00,"CSV=1786824000000,0.009075,0.009239,0.008843,0.009054,72055298,0.01013256,0.01056376,0.00970136,4.0818795829,8.5111750839,10.0895931347,32.2121367504,26.5458254279,0.010394,-10.2764839956,62086303.5,1.1605667263,-8.7266161382,0.0099593227,1,0.0119274547,0.0003061076"
2026-08-15T18:00:00.000-03:00,"CSV=1786827600000,0.009053,0.00925,0.008625,0.008856,78838118,0.01010832,0.0105750689,0.0096415711,4.4136728315,9.2349459641,8.8732038393,32.5337711567,28.5855371788,0.010394,-11.1111111111,67280725.8,1.1717786493,-10.1576650153,0.0099514904,1,0.0118968929,0.0003379968"
2026-08-15T19:00:00.000-03:00,"CSV=1786831200000,0.008861,0.008891,0.008593,0.008818,92380120,0.01008186,0.0105822914,0.0095814286,4.728951365,9.927362893,8.3584225774,31.2692985382,30.5341863705,0.010394,-11.1088709677,73890013.1,1.2502382409,-11.4013551093,0.0097439914,1,0.0118662572,0.0003339971"
2026-08-15T20:00:00.000-03:00,"CSV=1786834800000,0.008818,0.008906,0.008767,0.008883,28932911,0.01005758,0.0105853894,0.0095297706,4.9862070902,10.4957542216,8.4269751056,30.3882305075,32.2705073166,0.010227,-9.1996320147,71595168.3,0.4041182064,-8.8401496693,0.0097439914,1,0.011836573,0.0003144974"
2026-08-15T21:00:00.000-03:00,"CSV=1786838400000,0.008884,0.008999,0.008823,0.008839,40019993,0.0100321,0.0105866907,0.0094775093,5.2385656157,11.0563240198,10.0622093575,29.2693952474,33.3747384836,0.010227,-8.1471474592,70832145.2,0.5649976135,-7.4278060701,0.0097439914,1,0.0118067464,0.0003006477"
2026-08-15T22:00:00.000-03:00,"CSV=1786842000000,0.008836,0.008974,0.008699,0.008745,66477124,0.01000112,0.0105828174,0.0094194226,5.4966210403,11.6326444636,9.4780099118,30.1879727973,34.6304819661,0.010227,-7.9182899863,68576898.6,0.9693807296,-7.5104832882,0.0097307487,1,0.0117762813,0.0002980829"
2026-08-15T23:00:00.000-03:00,"CSV=1786845600000,0.008745,0.008909,0.008735,0.008836,40773531,0.00997174,0.0105740787,0.0093694013,5.6963702279,12.0809140469,9.1190887923,29.044789672,35.8025092164,0.010227,-5.142243693,58298541.2,0.6993919601,-6.2058034907,0.0096790238,1,0.0117470248,0.0002856746"
2026-08-16T00:00:00.000-03:00,"CSV=1786849200000,0.008837,0.008885,0.008743,0.00882,27647809,0.0099398,0.0105597651,0.0093198349,5.8710119004,12.4743971414,8.8268160915,28.1138853554,36.8964013167,0.010227,-5.1204819277,55769858.7,0.4957482347,-4.9833589526,0.0096279214,1,0.0117179001,0.0002713071"
2026-08-16T01:00:00.000-03:00,"CSV=1786852800000,0.008823,0.00883,0.008311,0.008518,136535254,0.00990778,0.0105582563,0.0092573037,6.1608309798,13.1306170848,7.8425020389,34.2608867335,38.6197383564,0.0102,-6.7644483363,62823762.7,2.1733058978,-8.2226444567,0.0094587293,1,0.0116860603,0.0002960764"
2026-08-16T02:00:00.000-03:00,"CSV=1786856400000,0.008518,0.009083,0.008507,0.008838,117089744,0.00987764,0.0105419264,0.0092133536,6.301375603,13.4503054737,12.0667631844,30.2497314125,38.9096881345,0.010133,-2.6008375579,70074990.2,1.6709205904,-6.930360647,0.0094587293,1,0.0116577214,0.0003240688"
2026-08-16T03:00:00.000-03:00,"CSV=1786860000000,0.008837,0.009157,0.008815,0.009063,91344676,0.00984976,0.0105183845,0.0091811355,6.356722235,13.5764624791,12.730172524,28.1529119093,38.8306430112,0.010133,0.0994035785,72003928,1.268606846,-4.5782057446,0.0094587293,1,0.0116319033,0.0003258619"
2026-08-16T04:00:00.000-03:00,"CSV=1786863600000,0.00906,0.0091,0.0088,0.008956,65220551,0.00982058,0.0104957048,0.0091454552,6.4323909337,13.7491830728,11.9515581357,26.7368124565,38.7896851821,0.010028,1.1291779584,70642171.3,0.9232523548,-2.70463176,0.0094587293,1,0.0116052774,0.0003232757"
2026-08-16T05:00:00.000-03:00,"CSV=1786867200000,0.008957,0.009029,0.008817,0.008998,44877644,0.00979104,0.0104691906,0.0091128894,6.4775841319,13.852473916,11.4225887867,25.5534559337,38.751457875,0.009923,2.0412792016,65891923.7,0.6810795843,-1.33966331,0.0094587293,1,0.0115793343,0.0003121481"
2026-08-16T06:00:00.000-03:00,"CSV=1786870800000,0.008998,0.009019,0.008901,0.008944,29496477,0.00976126,0.0104432488,0.0090792712,6.5304275094,13.9733762238,11.1288471393,24.8963269428,38.7157790549,0.009798,0.686704942,65948280.3,0.4472668107,-0.7907287636,0.0094587293,1,0.0115531121,0.0002927333"
2026-08-16T07:00:00.000-03:00,"CSV=1786874400000,0.008943,0.009093,0.008913,0.009039,29411720,0.00972874,0.0104056074,0.0090518726,6.5048328565,13.9148002089,12.3381611791,23.8921506825,38.2607534404,0.009648,2.2626994004,64887453,0.4532728384,-0.1852791158,0.0094587293,1,0.0115280961,0.00028146"
2026-08-16T08:00:00.000-03:00,"CSV=1786878000000,0.009041,0.009256,0.009001,0.009163,62045147,0.00969722,0.0103629111,0.0090315289,6.4237847965,13.7295247143,15.3140004076,22.5138160053,36.978911547,0.009516,4.7798742138,64444255.3,0.9627723482,1.4104574964,0.0094587293,1,0.0115045628,0.000278814"
2026-08-16T09:00:00.000-03:00,"CSV=1786881600000,0.009162,0.009225,0.009083,0.009131,42960107,0.00966278,0.010312129,0.009013431,6.2969438878,13.440210275,14.8044319096,21.7646759307,35.7825257799,0.00951,3.3386147578,64662912.9,0.6643701169,1.6796636232,0.0094587293,1,0.0114809452,0.0002651326"
2026-08-16T10:00:00.000-03:00,"CSV=1786885200000,0.009133,0.009133,0.00887,0.00897,58974945,0.00963248,0.0102780913,0.0089868687,6.2814319788,13.4048825359,13.8874375509,25.4330367517,35.3545452433,0.009351,1.7006802721,67795626.5,0.8698930601,1.6129124042,0.0094587293,1,0.0114559607,0.0002649193"
2026-08-16T11:00:00.000-03:00,"CSV=1786888800000,0.008975,0.009082,0.008951,0.009045,31568704,0.0096098,0.0102557323,0.0089638677,6.2982564129,13.4432000341,13.4430602838,24.6192175482,34.9550967426,0.009256,6.1868983329,57298971.5,0.5509471317,2.2114928998,0.0094587293,1,0.011431971,0.0002515274"
2026-08-16T12:00:00.000-03:00,"CSV=1786892400000,0.009045,0.009293,0.009025,0.009049,57566117,0.00958582,0.0102298677,0.0089417723,6.2957580592,13.4375091859,17.7221530092,23.0056368278,33.4896019611,0.009293,2.3874179679,51346608.8,1.1211279254,2.3665289176,0.0094587293,1,0.0114082599,0.0002531747"
2026-08-16T13:00:00.000-03:00,"CSV=1786896000000,0.00905,0.009234,0.008867,0.008888,71874680,0.00955398,0.010192362,0.008915598,6.2633372052,13.3636872029,16.1674335695,24.7642332384,32.6571490757,0.009293,-1.9309279488,49399609.2,1.4549645466,0.6412087093,0.0094587293,1,0.0113831827,0.0002645572"
2026-08-16T14:00:00.000-03:00,"CSV=1786899600000,0.008887,0.008928,0.008608,0.008898,81868370,0.00951916,0.0101447637,0.0088935563,6.1667645222,13.1440943942,14.9427778256,29.0192631721,32.6146481798,0.009293,-0.6476105404,51064391.1,1.6032379558,0.0813812065,0.0094587293,1,0.0113584545,0.0002701015"
2026-08-16T15:00:00.000-03:00,"CSV=1786903200000,0.008901,0.009061,0.008881,0.008986,39817873,0.00949006,0.0101058705,0.0088742495,6.0935918724,12.9780107533,17.51629294,27.7523176343,31.9477882485,0.009293,-0.1333629695,50558414,0.7875617499,0.0192436131,0.0094587293,1,0.011334848,0.0002610913"
2026-08-16T16:00:00.000-03:00,"CSV=1786906800000,0.008986,0.009048,0.008857,0.008904,27920102,0.00946116,0.010069848,0.008852472,6.0446596706,12.8670912147,16.6879709595,27.0341508145,31.3955016897,0.009293,-0.4472271914,50400776.5,0.553961743,-0.0697531761,0.0094587293,1,0.0113106604,0.0002540822"
2026-08-16T17:00:00.000-03:00,"CSV=1786910400000,0.008903,0.009102,0.008544,0.008933,122818134,0.00942996,0.0100247817,0.0088351383,5.9335129329,12.6155724912,14.5363040548,30.7808838939,31.6922281522,0.009293,-1.1726960947,59741417.9,2.0558289093,-0.8501229618,0.0094587293,1,0.0112870021,0.000284474"
2026-08-16T18:00:00.000-03:00,"CSV=1786914000000,0.008931,0.009253,0.008766,0.009074,110783364,0.00940004,0.0099740243,0.0088260557,5.7547916527,12.2123803505,16.3083760209,27.4690188067,31.2790180815,0.009293,-0.97129761,64615239.6,1.7145082907,-1.1218479095,0.0094587293,1,0.0112649822,0.0003047266"
2026-08-16T19:00:00.000-03:00,"CSV=1786917600000,0.009073,0.009171,0.008826,0.009065,68922276,0.00937178,0.0099264551,0.0088171049,5.5878466349,11.8371341733,15.0770808631,25.3950863806,30.8933553488,0.009293,-0.7228123973,67211456.5,1.025454284,-0.9949689628,0.0094587293,1,0.0112430918,0.0003087539"
2026-08-16T20:00:00.000-03:00,"CSV=1786921200000,0.009065,0.009082,0.008832,0.009017,37529460,0.00934288,0.0098772722,0.0088084878,5.4103217073,11.4395604362,14.2422214896,23.9888907053,30.5334034649,0.009293,0.5239687848,65066908,0.5767825943,-0.5625739502,0.0094587293,1,0.0112209417,0.0003028785"
2026-08-16T21:00:00.000-03:00,"CSV=1786924800000,0.009017,0.009126,0.008943,0.008976,40599613,0.00931102,0.0098181537,0.0088038863,5.1652653449,10.8931930136,14.6501651168,22.9904597793,29.9750228655,0.009293,-0.7628524046,65969998.9,0.6154254006,-0.5315422157,0.0094587293,1,0.0111986039,0.0002908907"
2026-08-16T22:00:00.000-03:00,"CSV=1786928400000,0.008979,0.008997,0.008845,0.00886,25859723,0.00927978,0.0097651577,0.0087944023,4.9705052932,10.460973845,14.126913166,24.472093463,29.7634663389,0.009293,-2.0886285777,62799359.5,0.4117832285,-0.6410488834,0.0094587293,1,0.0111753342,0.0002770016"
2026-08-16T23:00:00.000-03:00,"CSV=1786932000000,0.00886,0.008917,0.008648,0.008689,64281861,0.00925296,0.0097331641,0.0087727559,4.9336897601,10.3794703878,13.2308705362,27.5649791011,30.1216481327,0.009293,-2.2389738974,62040077.6,1.036134439,-1.2006585766,0.0094587293,1,0.0111505946,0.0002762014"
2026-08-17T00:00:00.000-03:00,"CSV=1786935600000,0.00869,0.008781,0.008589,0.008701,39769680,0.00922082,0.0096827659,0.0087588741,4.7708053489,10.0196276286,12.6187863548,27.7113601839,30.6083756802,0.009293,-2.2139806698,57830208.6,0.6876973292,-1.3079552489,0.0094587293,1,0.0111262205,0.0002677813"
2026-08-17T01:00:00.000-03:00,"CSV=1786939200000,0.008702,0.00878,0.008633,0.008655,31138727,0.00919174,0.0096424884,0.0087409916,4.674606963,9.8076846348,12.1574224917,26.6981866642,31.0626547246,0.009293,-3.6835076786,56962294,0.5466550733,-1.5431728859,0.0094587293,1,0.0111016313,0.0002557032"
2026-08-17T02:00:00.000-03:00,"CSV=1786942800000,0.008655,0.008689,0.008503,0.008561,51513621,0.00915874,0.0095937848,0.0087236952,4.5346526409,9.5001019036,11.5832841754,28.7380511925,31.8281534842,0.009293,-3.8522012579,59321645.9,0.868378148,-2.1438377219,0.0093421986,1,0.0110763514,0.0002487329"
2026-08-17T03:00:00.000-03:00,"CSV=1786946400000,0.00856,0.008567,0.008338,0.008421,64912667,0.00912628,0.0095545578,0.0086980022,4.4824446391,9.3855933021,10.9040071723,31.278128928,32.926300295,0.009293,-5.7315571477,53531099.2,1.2126159928,-3.7459511015,0.0091927787,1,0.01104993,0.0002467596"
2026-08-17T04:00:00.000-03:00,"CSV=1786950000000,0.008419,0.00853,0.008335,0.008467,44832204,0.00910186,0.0095322179,0.0086715021,4.5147719307,9.456482478,10.3502390722,29.7677778391,33.9579498337,0.009293,-6.6894423628,46935983.2,0.9551776898,-4.627169435,0.0091572508,1,0.0110242292,0.0002415836"
2026-08-17T05:00:00.000-03:00,"CSV=1786953600000,0.008467,0.008497,0.008348,0.008377,36032288,0.00907636,0.0095111163,0.0086416037,4.5710332554,9.5799701315,9.9370816631,28.5795175603,34.9208227366,0.009293,-7.5896304468,43646984.4,0.8255390033,-5.1732916082,0.0091194758,1,0.0109978886,0.0002323253"
2026-08-17T06:00:00.000-03:00,"CSV=1786957200000,0.008378,0.008483,0.008365,0.0084,27853178,0.00904686,0.009476436,0.008617284,4.5330963927,9.4966867498,9.6115323682,27.6432223676,35.8195041125,0.009293,-6.8426305867,42679356.2,0.6526147646,-4.9373949887,0.0090866782,1,0.0109720389,0.0002208927"
2026-08-17T07:00:00.000-03:00,"CSV=1786960800000,0.0084,0.008536,0.0084,0.008429,34652777,0.0090124,0.0094205132,0.0086042868,4.3321755746,9.0567034437,10.7530866889,26.5683839916,36.2565950654,0.009293,-6.0940285205,42084672.6,0.8234061205,-4.9642167866,0.0090866782,1,0.0109467351,0.0002124035"
2026-08-17T08:00:00.000-03:00,"CSV=1786964400000,0.008428,0.008485,0.0082,0.008337,70703785,0.00897802,0.0093688085,0.0085872315,4.1711655185,8.7054497554,9.8896973658,30.0696917042,37.2062392893,0.009253,-5.9029345372,46569078.8,1.5182560364,-6.2968665224,0.0090014893,1,0.0109207675,0.0002196631"
2026-08-17T09:00:00.000-03:00,"CSV=1786968000000,0.008338,0.00838,0.008275,0.008358,31646935,0.00894336,0.0093100047,0.0085767153,3.9381797392,8.1992611185,9.5858796045,29.1459317469,38.0925738982,0.009253,-3.8094142019,43305586.2,0.7307818177,-5.1258612265,0.0089520904,1,0.0108952674,0.0002081968"
2026-08-17T10:00:00.000-03:00,"CSV=1786971600000,0.008357,0.008365,0.008068,0.008164,85299379,0.00890738,0.0092602093,0.0085545507,3.81016551,7.9221791579,8.7694256768,32.5997675525,39.3933407642,0.009253,-6.1717044018,47858556.1,1.7823224508,-7.0838965894,0.0088677314,1,0.0108680906,0.0002170771"
2026-08-17T11:00:00.000-03:00,"CSV=1786975200000,0.008163,0.008217,0.008125,0.008156,37310648,0.0088721,0.0092097793,0.0085344207,3.666529468,7.6121610646,8.5283467962,31.7035725499,40.6073898391,0.009253,-5.7654534951,48475748.2,0.7696765782,-6.2017758989,0.0087847082,1,0.0108411046,0.0002045694"
2026-08-17T12:00:00.000-03:00,"CSV=1786978800000,0.008157,0.008319,0.008146,0.008237,46774252,0.00884118,0.0091645119,0.0085178481,3.5280862601,7.3142246759,11.1749992065,30.0397542777,40.9516871716,0.009253,-3.7846046023,48001811.3,0.9744268129,-5.3637906662,0.0087847082,1,0.0108151931,0.0002014125"
2026-08-17T13:00:00.000-03:00,"CSV=1786982400000,0.008236,0.008286,0.008078,0.008112,61163952,0.00881096,0.0091303962,0.0084915238,3.4986016129,7.2508827258,10.4673547881,30.2077242779,41.4570315454,0.009253,-3.6693979337,47626939.8,1.2842301491,-5.1466442626,0.0087847082,1,0.0107882957,0.0002020712"
2026-08-17T14:00:00.000-03:00,"CSV=1786986000000,0.008114,0.008158,0.007994,0.008063,76221541,0.00878228,0.0091032049,0.0084613551,3.5254058191,7.3084646773,9.9358393517,31.2746690648,42.1452340456,0.009171,-4.7714656903,50765873.5,1.5014326701,-5.8191076657,0.0086707923,1,0.0107611783,0.0001982641"
2026-08-17T15:00:00.000-03:00,"CSV=1786989600000,0.008062,0.008133,0.007906,0.007946,69155994,0.0087549,0.0090873975,0.0084224025,3.6588861947,7.5956900439,9.2400191386,31.7993334648,43.000215551,0.009126,-5.1450399905,54078244.1,1.2788135996,-6.0725874806,0.0086229131,1,0.0107331666,0.0002011377"
2026-08-17T16:00:00.000-03:00,"CSV=1786993200000,0.007947,0.008285,0.007929,0.008165,71159437,0.00873228,0.0090656669,0.0083988931,3.6774665311,7.6357346482,12.7624842567,28.4513540174,42.6713341818,0.009126,-2.7976190476,58408870,1.2182984708,-5.1845033229,0.0086229131,1,0.0107076127,0.0002166239"
2026-08-17T17:00:00.000-03:00,"CSV=1786996800000,0.008165,0.008305,0.008131,0.008179,36598606,0.00871314,0.0090502498,0.0083760302,3.7248677163,7.7379643694,12.6962141433,26.9646580703,42.2249867288,0.008997,-2.9659508839,58603452.9,0.6245127921,-4.0737603046,0.0086229131,1,0.0106824524,0.0002123615"
2026-08-17T18:00:00.000-03:00,"CSV=1787000400000,0.00818,0.008188,0.007746,0.007933,98307443,0.00869032,0.0090405917,0.0083400483,3.8744332571,8.0611920187,11.1154008112,34.4526530647,42.8242585436,0.008917,-4.8458678182,61363818.7,1.6020424589,-5.3036022014,0.0086229131,1,0.0106550946,0.0002353254"
2026-08-17T19:00:00.000-03:00,"CSV=1787004000000,0.007936,0.007993,0.007834,0.007981,53761556,0.00866886,0.0090289255,0.0083087945,3.9879107964,8.3071013858,10.6064067587,32.8750045566,43.3835789041,0.008781,-4.5106484805,63575280.8,0.8456361549,-4.8071906133,0.0085965785,1,0.0106284867,0.0002276928"
2026-08-17T20:00:00.000-03:00,"CSV=1787007600000,0.007979,0.00801,0.007841,0.007881,38249714,0.00864936,0.0090248343,0.0082738857,4.1604564481,8.6821290959,10.5792837783,31.2455988371,43.7854424122,0.00878,-3.4664380206,58870314.3,0.649728381,-3.9555414632,0.0085909707,1,0.0106011485,0.0002218236"
2026-08-17T21:00:00.000-03:00,"CSV=1787011200000,0.007882,0.007897,0.00748,0.007758,194162425,0.00862816,0.0090229424,0.0082333776,4.3753181623,9.1510226821,9.3536590272,37.6550938429,44.8800533698,0.008689,-4.8798430603,74555492,2.6042672349,-6.8731661067,0.0084125236,1,0.0105728585,0.0002413412"
2026-08-17T22:00:00.000-03:00,"CSV=1787014800000,0.007758,0.007781,0.007609,0.007701,55501974,0.00860452,0.0090182687,0.0081907713,4.5878947943,9.6170077883,8.8980905234,35.8211083714,45.9016902635,0.008567,-6.5072235037,75428264.2,0.7358246221,-6.1781691629,0.0083982212,1,0.0105442828,0.0002344071"
2026-08-17T23:00:00.000-03:00,"CSV=1787018400000,0.007701,0.007765,0.007519,0.007551,50340640,0.00857876,0.0090165075,0.0081410125,4.8549561752,10.2053790298,8.2801055526,35.8741871344,47.0078892261,0.008536,-6.9156804734,74345933,0.6771135685,-5.6796798034,0.0083486991,1,0.0105144989,0.0002355664"
2026-08-18T00:00:00.000-03:00,"CSV=1787022000000,0.007553,0.007649,0.007453,0.007595,64387270,0.00855576,0.009013905,0.008097615,5.0826470959,10.7096267234,7.8166723058,35.7510140946,48.1485040017,0.008536,-5.8042912067,73162505.9,0.8800582923,-5.4891580713,0.0082458292,1,0.0104854491,0.0002316097"
2026-08-18T01:00:00.000-03:00,"CSV=1787025600000,0.007593,0.007669,0.007526,0.007567,45223032,0.00853038,0.0090070716,0.0080536884,5.2924152825,11.1763282704,8.0752768483,34.252414224,49.0615370854,0.008536,-4.7696954442,70769209.7,0.6390212946,-4.6754177001,0.0082458292,1,0.0104564099,0.0002227488"
2026-08-18T02:00:00.000-03:00,"CSV=1787029200000,0.007567,0.007789,0.007565,0.007758,50682190,0.00850914,0.0089960051,0.0080222749,5.4120142231,11.4433438426,11.0656186094,32.0010936004,49.0315501216,0.008536,-4.9846907532,68721485,0.7375013797,-4.3423505693,0.0082458292,1,0.01042956,0.0002228739"
2026-08-18T03:00:00.000-03:00,"CSV=1787032800000,0.007758,0.00785,0.007732,0.007792,43950148,0.00849462,0.0089917226,0.0079975174,5.5284468033,11.703939686,12.5189449229,30.8564015867,48.5811947413,0.008485,-4.7316297836,69456639.2,0.6327710138,-3.8929131045,0.0082458292,1,0.0104033156,0.0002123865"
2026-08-18T04:00:00.000-03:00,"CSV=1787036400000,0.007791,0.008131,0.007777,0.008059,91870887,0.00847904,0.0089773425,0.0079807375,5.5506680078,11.7537475189,19.4135018312,27.6744911237,46.512030276,0.00838,1.5883020295,68812983.6,1.33508071,-1.8884382693,0.0082458292,1,0.0103799891,0.0002265478"
2026-08-18T05:00:00.000-03:00,"CSV=1787040000000,0.008058,0.008148,0.007924,0.008034,62817701,0.00845846,0.0089534578,0.0079634622,5.528566016,11.7042068334,18.6408656766,25.8661418689,44.4934962106,0.008365,0.6640771833,69718598.1,0.9010178448,-1.059510382,0.0082458292,1,0.0103566459,0.0002262931"
2026-08-18T06:00:00.000-03:00,"CSV=1787043600000,0.008035,0.0081,0.007871,0.007878,52786642,0.0084369,0.0089332323,0.0079405677,5.5560216105,11.7657508827,17.395785285,25.6843286938,42.8099188834,0.008319,-0.0380662352,71172290.9,0.7416740607,-0.7157511678,0.0082458292,1,0.0103319828,0.0002265638"
2026-08-18T07:00:00.000-03:00,"CSV=1787047200000,0.00788,0.007907,0.007723,0.007788,70674405,0.0084127,0.0089105804,0.0079148196,5.5875192758,11.8363996644,16.4498965531,28.6613623012,41.7605684914,0.008319,0.3866976025,58823488.9,1.2014657124,-0.322299475,0.0082458292,1,0.0103066695,0.0002223074"
2026-08-18T08:00:00.000-03:00,"CSV=1787050800000,0.007789,0.007887,0.007775,0.007854,41644645,0.0083909,0.008888903,0.007892897,5.602524664,11.8700731011,15.8865332271,27.6797901471,40.7811747921,0.008305,1.9867549669,57437756,0.7250395541,0.2652923284,0.0082458292,1,0.0102822649,0.0002112766"
2026-08-18T09:00:00.000-03:00,"CSV=1787054400000,0.007854,0.008097,0.007847,0.008048,41847753,0.00837108,0.0088625727,0.0078795873,5.5457113426,11.7426353454,21.0430264634,25.5843065748,38.7117313802,0.008305,6.5819096808,56588467.3,0.7395102747,1.7993248311,0.0082458292,1,0.0102600334,0.000215149"
2026-08-18T10:00:00.000-03:00,"CSV=1787058000000,0.008048,0.008158,0.008013,0.008039,59709125,0.0083486,0.0088289358,0.0078682642,5.4404726629,11.506979394,21.9877457326,24.4347746871,36.4823633479,0.008305,5.8459512837,56120652.8,1.0639420966,3.2728011091,0.0082458292,1,0.0102379335,0.0002081341"
2026-08-18T11:00:00.000-03:00,"CSV=1787061600000,0.008037,0.008039,0.007873,0.007918,47486685,0.00832434,0.0087950834,0.0078535966,5.3523466932,11.3100462741,20.8392415271,27.5637156804,34.9763853117,0.008305,4.6385621779,56347018.1,0.8427541794,3.4849232933,0.0082458292,1,0.0102148496,0.0002039207"
2026-08-18T12:00:00.000-03:00,"CSV=1787065200000,0.007917,0.007935,0.007829,0.007883,38028857,0.0083026,0.0087680941,0.0078371059,5.3089542334,11.2132128027,20.1202140596,28.0448922379,33.7415030948,0.008305,1.6112400103,55081684.8,0.6904083842,2.6940867329,0.0082458292,1,0.0101916471,0.0001941286"
2026-08-18T13:00:00.000-03:00,"CSV=1787068800000,0.007883,0.0079,0.007745,0.007773,39593142,0.00827716,0.0087360978,0.0078182222,5.2533504273,11.0892584613,19.0883533073,29.3859203168,32.9082939067,0.008188,-0.2438398357,54645984.2,0.7245389131,1.7371673387,0.0082458292,1,0.010167581,0.0001902157"
2026-08-18T14:00:00.000-03:00,"CSV=1787072400000,0.007769,0.007796,0.00765,0.007722,53261532,0.00825062,0.0087024705,0.0077987695,5.1922095147,10.9531284045,18.1490069715,31.1418755584,32.4717128408,0.008158,-4.1816602556,50785048.7,1.0487640233,-0.3037467188,0.0082458292,1,0.0101432468,0.0001857942"
2026-08-18T15:00:00.000-03:00,"CSV=1787076000000,0.007721,0.007765,0.007636,0.007662,41043753,0.0082261,0.0086759578,0.0077762422,5.1851083267,10.9373290106,17.3411486199,30.2387534591,32.1140822416,0.008158,-4.6303211352,48607653.9,0.8443886859,-1.5057614054,0.0082408443,1,0.0101185578,0.0001801148"
2026-08-18T16:00:00.000-03:00,"CSV=1787079600000,0.007662,0.007671,0.007562,0.00759,38185432,0.00819994,0.0086479926,0.0077518874,5.1810017344,10.928193356,16.6694066197,31.6972417398,32.0445205183,0.008158,-3.6557501904,47147532.9,0.8099136827,-1.9907883035,0.0081355098,1,0.010093398,0.0001730033"
2026-08-18T17:00:00.000-03:00,"CSV=1787083200000,0.00759,0.007889,0.007501,0.007712,135276740,0.00817446,0.0086132149,0.0077357051,5.0939735057,10.734773531,21.7559758467,27.6171334291,30.6996293827,0.008158,-0.9758602979,53607766.4,2.5234541389,-2.1480384382,0.0081355098,1,0.0100697025,0.0001945029"
2026-08-18T18:00:00.000-03:00,"CSV=1787086800000,0.007712,0.007728,0.007594,0.007656,30256002,0.0081495,0.0085814888,0.0077175112,5.03396058,10.6016016057,20.7668378437,26.3615172066,29.4443976562,0.008158,-2.5210084034,52468902.1,0.5766463713,-1.916602408,0.0081355098,1,0.0100456856,0.0001884527"
2026-08-18T19:00:00.000-03:00,"CSV=1787090400000,0.007657,0.007794,0.007642,0.007712,23465149,0.00812508,0.0085464689,0.0077036911,4.9305618162,10.3725485505,21.9530748544,24.981155642,27.9115547023,0.008158,-4.1749502982,50630641.7,0.4634574679,-1.92270557,0.0081355098,1,0.0100224648,0.0001848074"
2026-08-18T20:00:00.000-03:00,"CSV=1787094000000,0.007712,0.00773,0.007644,0.007675,17897940,0.0080971,0.0085006198,0.0076935802,4.7469453649,9.96701971,21.2776693457,24.2125885849,26.4809012787,0.008158,-4.527926359,46449523.2,0.3853202093,-1.8633708907,0.0081355098,1,0.009999107,0.0001749267"
2026-08-18T21:00:00.000-03:00,"CSV=1787097600000,0.007675,0.007997,0.007662,0.007767,106989612,0.00807114,0.0084527118,0.0076895682,4.5141933298,9.4552132661,27.9258704089,21.4573742155,25.5887454994,0.008158,-1.9070472342,52399815.9,2.0417936621,-2.5401795791,0.0081355098,1,0.009976897,0.000190934"
2026-08-18T22:00:00.000-03:00,"CSV=1787101200000,0.007768,0.00778,0.007615,0.007653,37324028,0.00804386,0.0084050478,0.0076826722,4.2972719909,8.980458719,26.3439060266,21.8554715292,24.5036441343,0.008158,-2.9176709375,52329333,0.7132525079,-2.3871317572,0.0081355098,1,0.0099537736,0.0001883406"
2026-08-18T23:00:00.000-03:00,"CSV=1787104800000,0.007652,0.007686,0.00744,0.007467,69184494,0.00801368,0.0083583877,0.0076689723,4.1240935336,8.6029820954,24.1578437172,25.945037442,23.107871046,0.008158,-3.9367039753,55288468.2,1.2513367842,-3.2334686691,0.0081355098,1,0.0099290296,0.0001941065"
2026-08-19T00:00:00.000-03:00,"CSV=1787108400000,0.007465,0.007636,0.007417,0.007624,33627995,0.00798896,0.0083159527,0.0076619673,3.9321130298,8.1861132869,22.385978505,24.8123834059,21.9100707605,0.008158,-1.2691012691,53325114.5,0.6306220871,-2.4224202097,0.0081162876,1,0.009906094,0.0001965959"
2026-08-19T01:00:00.000-03:00,"CSV=1787112000000,0.007624,0.007677,0.007473,0.007657,39884596,0.00796832,0.0082828053,0.0076538347,3.7968455075,7.8933908718,22.2299209164,23.1199605608,20.5802397985,0.008158,-0.065257113,53209198.8,0.7495808413,-1.631251967,0.0081162876,1,0.0098837149,0.0001973363"
2026-08-19T02:00:00.000-03:00,"CSV=1787115600000,0.007653,0.007692,0.007593,0.007606,17719390,0.00794642,0.0082469371,0.0076459029,3.6439843093,7.5635844491,21.9874786252,22.3280793946,19.2594625167,0.008158,0.2108036891,51162594.6,0.3463348593,-1.0631650894,0.0081162876,1,0.0098610511,0.0001875027"
2026-08-19T03:00:00.000-03:00,"CSV=1787119200000,0.007607,0.007668,0.007529,0.007642,32002529,0.00792616,0.0082120127,0.0076403073,3.4809093028,7.2128928642,20.9100917219,23.4901190982,18.3628880075,0.008158,-0.9076763485,40835173.5,0.7837000864,-0.9458920705,0.0081162876,1,0.009838971,0.0001826524"
2026-08-19T04:00:00.000-03:00,"CSV=1787122800000,0.007645,0.007687,0.007599,0.007643,30604575,0.0079078,0.0081815112,0.0076340888,3.3454850436,6.9225634108,20.9319924148,22.7344834335,17.4138861447,0.008158,-0.1698014629,40870030.8,0.7488268152,-0.6729786766,0.0081162876,1,0.0098171205,0.0001731872"
2026-08-19T05:00:00.000-03:00,"CSV=1787126400000,0.007644,0.007711,0.007504,0.00751,35377510,0.00788958,0.0081588072,0.0076203528,3.2998352638,6.8248803356,19.3622314246,24.47127299,17.0299979112,0.008158,-2.6192946058,42061266.9,0.8410947317,-1.183010749,0.0081162876,1,0.0097941641,0.0001765684"
2026-08-19T06:00:00.000-03:00,"CSV=1787130000000,0.00751,0.007566,0.007428,0.007472,43215491,0.00786968,0.0081321804,0.0076071796,3.2279214511,6.6711834644,18.377793588,26.0271355033,17.0430870615,0.008039,-2.6449511401,44593022,0.9691088216,-1.6430889935,0.0080151348,1,0.009771058,0.0001727116"
2026-08-19T07:00:00.000-03:00,"CSV=1787133600000,0.007472,0.007559,0.007462,0.007534,23461273,0.00785282,0.0081091954,0.0075964446,3.16153935,6.5295117845,17.7000532501,25.0673010418,17.0553036018,0.007997,-2.9998712502,36240188.1,0.6473827601,-1.742747639,0.0080059213,1,0.0097487987,0.0001651404"
2026-08-19T08:00:00.000-03:00,"CSV=1787137200000,0.007533,0.00754,0.007436,0.007457,25000183,0.00783396,0.008083996,0.007583924,3.0929752364,6.3833870535,16.9806870125,25.0645657903,17.2000576784,0.007997,-2.5610871554,35007803.6,0.71413172,-1.7714829511,0.0079650792,1,0.0097259948,0.0001590264"
2026-08-19T09:00:00.000-03:00,"CSV=1787140800000,0.007457,0.007462,0.007071,0.007252,204637926,0.00781042,0.0080587262,0.0075621138,3.081208908,6.3583312859,14.591821844,34.6711035955,18.770681707,0.007997,-2.8793357439,48553146.8,4.2147201466,-5.226186757,0.0078131713,1,0.0097013779,0.0001822238"
2026-08-19T10:00:00.000-03:00,"CSV=1787144400000,0.007253,0.007383,0.007207,0.007307,70302535,0.00778982,0.0080363043,0.0075433357,3.0671349142,6.3283694574,13.6647023937,32.4682083814,20.236597467,0.007997,-4.1579223505,52220600.8,1.3462605547,-5.350006788,0.0078131713,1,0.0096775532,0.0001816014"
2026-08-19T11:00:00.000-03:00,"CSV=1787148000000,0.007306,0.007338,0.007216,0.007273,45427971,0.00776812,0.008011367,0.007524873,3.0362733996,6.2626994775,13.0489418517,31.005121882,21.6047855097,0.007997,-5.0150189369,52774938.3,0.860786814,-5.0056252497,0.0078039237,1,0.0096536273,0.0001756412"
2026-08-19T12:00:00.000-03:00,"CSV=1787151600000,0.007274,0.007439,0.007192,0.007312,126144413,0.00775108,0.0079958355,0.0075063245,3.0610366866,6.315389771,15.528107092,28.2442742212,22.1011773647,0.007997,-3.8653694452,63617440.6,1.9828589741,-5.8919109973,0.0078039237,1,0.0096303276,0.0001827771"
2026-08-19T13:00:00.000-03:00,"CSV=1787155200000,0.007312,0.007328,0.0072,0.007231,62021788,0.00773258,0.0079809616,0.0074841984,3.1121769531,6.4242891527,14.7965540423,26.9136429458,22.5644764294,0.007997,-5.3781732531,66619366.5,0.9309873579,-5.5969444338,0.0077958982,1,0.0096064537,0.0001772994"
2026-08-19T14:00:00.000-03:00,"CSV=1787158800000,0.007229,0.007544,0.007169,0.007505,86173595,0.00771794,0.0079575776,0.0074783024,3.0114389844,6.2098848625,20.3108969163,23.4463740877,21.537885606,0.007997,-1.8055737276,72176268.5,1.193932532,-4.4498740266,0.0077958982,1,0.0095855437,0.0001970695"
2026-08-19T15:00:00.000-03:00,"CSV=1787162400000,0.007505,0.007595,0.007465,0.007584,62139201,0.00770738,0.0079409775,0.0074737825,2.9416719474,6.0616579873,21.1748875617,22.3756772276,20.2858419645,0.007997,0.9853528628,74852437.6,0.8301560108,-2.6939171505,0.0077958982,1,0.0095656278,0.0001903625"
2026-08-19T16:00:00.000-03:00,"CSV=1787166000000,0.007584,0.007628,0.007503,0.007578,43266430,0.00769768,0.0079263264,0.0074690336,2.8846453119,5.9406575225,21.4096619353,21.3702949188,18.9395873072,0.007997,1.4186295503,74857531.5,0.5779836595,-1.5226298673,0.0077958982,1,0.0095458504,0.0001838263"
2026-08-19T17:00:00.000-03:00,"CSV=1787169600000,0.007577,0.007598,0.007385,0.007564,52147908,0.00769004,0.0079166343,0.0074634457,2.8622549936,5.8931880567,19.7865172915,23.9501399263,18.3115984901,0.00778,0.39819485,77726195,0.6709180605,-0.9260345394,0.0077958982,1,0.0095261305,0.0001867436"
2026-08-19T18:00:00.000-03:00,"CSV=1787173200000,0.007564,0.007668,0.007534,0.007627,53407431,0.00767928,0.007895606,0.007462954,2.7398272218,5.6340167687,21.3642607934,22.785748163,17.3054703433,0.007711,2.2797371597,80566919.8,0.6628952817,-0.113614024,0.0077958982,1,0.0095072337,0.0001814693"
2026-08-19T19:00:00.000-03:00,"CSV=1787176800000,0.007626,0.007644,0.007546,0.007596,30566374,0.00766762,0.0078720834,0.0074631566,2.5973223924,5.3331642543,20.58024274,21.9495648711,16.3664174063,0.007711,4.7435190292,63159764.6,0.4839532603,0.6894711506,0.0077958982,1,0.0094882164,0.0001731223"
2026-08-19T20:00:00.000-03:00,"CSV=1787180400000,0.007596,0.007678,0.00756,0.007583,37947990,0.00766062,0.0078618436,0.0074593964,2.559496917,5.2534558751,20.9524142777,20.9573762157,15.2761122171,0.007711,3.7771999453,59924310.1,0.6332653632,1.2569707321,0.0077958982,1,0.0094692591,0.0001676101"
2026-08-19T21:00:00.000-03:00,"CSV=1787184000000,0.007585,0.007627,0.007443,0.007474,39592340,0.00765048,0.0078480447,0.0074529153,2.5173747713,5.1647660605,19.4811774636,23.9507404688,14.9437689974,0.007711,2.7636463633,59340747,0.6672032625,1.4526184448,0.0077958982,1,0.0094494057,0.0001692491"
2026-08-19T22:00:00.000-03:00,"CSV=1787187600000,0.007474,0.007621,0.00742,0.007507,37553699,0.007643,0.0078387672,0.0074472328,2.4974234275,5.1227844746,18.0017153158,23.0008469054,14.7603338606,0.007711,2.6668490153,50481675.6,0.7439075378,1.6297086581,0.0077958982,1,0.0094300783,0.0001724242"
2026-08-19T23:00:00.000-03:00,"CSV=1787191200000,0.007509,0.007578,0.007451,0.007476,20681323,0.00763736,0.0078337939,0.0074409261,2.5075191658,5.1440257635,17.1214760356,21.8761624757,14.5891277329,0.007711,3.3881897386,46347629.1,0.4462218112,1.590433826,0.0077958982,1,0.0094106348,0.0001678818"
2026-08-20T00:00:00.000-03:00,"CSV=1787194800000,0.007476,0.007481,0.007169,0.00724,104720276,0.00762814,0.0078320472,0.0074242328,2.6034985321,5.3461849099,15.1691107618,29.6881948111,15.7743370449,0.007711,-3.5309793471,48202297.2,2.1725162924,-1.4967475026,0.0077958982,1,0.0093890364,0.0001822936"
2026-08-20T01:00:00.000-03:00,"CSV=1787198400000,0.007238,0.007369,0.007166,0.007321,74549044,0.00762354,0.0078316858,0.0074153942,2.6577398386,5.4606084431,14.0520799531,27.6108255898,16.8923097199,0.007678,-3.4678270042,49443281.5,1.5077689372,-2.740725614,0.0077958982,1,0.0093684589,0.0001843642"
2026-08-20T02:00:00.000-03:00,"CSV=1787202000000,0.007325,0.007329,0.007209,0.007212,37798471,0.00761588,0.0078318361,0.0073999239,2.7574130931,5.6712047278,13.4259031562,26.3804555388,17.9357508832,0.007678,-4.829770388,48896485.6,0.7730304241,-3.0716702264,0.0077958982,1,0.0093470016,0.0001779278"
2026-08-20T03:00:00.000-03:00,"CSV=1787205600000,0.007215,0.007216,0.007005,0.00701,75759510,0.00760474,0.0078367033,0.0073727767,2.9599596792,6.1004914454,12.3860906305,31.8252221664,19.6712796249,0.007678,-7.3241671074,51257645.8,1.478013842,-5.6561869395,0.0076542051,1,0.0093237479,0.000181235"
2026-08-20T04:00:00.000-03:00,"CSV=1787209200000,0.00701,0.007049,0.006623,0.006717,204051284,0.00758392,0.0078459607,0.0073218793,3.339817218,6.9104301727,10.6087659567,40.1257726626,22.2384819398,0.007678,-11.9312967091,66322031.1,3.0766742305,-16.0070290001,0.0074531346,1,0.0092978101,0.0002057115"
2026-08-20T05:00:00.000-03:00,"CSV=1787212800000,0.006719,0.006878,0.006717,0.006788,89863282,0.00756384,0.0078467993,0.0072808807,3.6060475669,7.4818958572,10.026195844,37.9223047008,24.6345374336,0.007678,-10.6371774618,72251721.9,1.2437528081,-15.0813591127,0.0074012211,1,0.0092728368,0.0002012404"
2026-08-20T06:00:00.000-03:00,"CSV=1787216400000,0.006788,0.00681,0.006709,0.006801,60745181,0.00753868,0.0078322235,0.0072451365,3.7478946507,7.7876626949,9.6693034893,36.8543711941,26.8877523479,0.007678,-10.3125412106,74531441,0.8150275935,-12.8559079571,0.007333149,1,0.0092482415,0.0001912163"
2026-08-20T07:00:00.000-03:00,"CSV=1787220000000,0.006797,0.007042,0.006775,0.007005,69106122,0.0075181,0.0078122661,0.0072239339,3.7654387223,7.8255434894,16.7418967677,33.4789639233,27.317030336,0.007678,-6.2750869682,77482819.2,0.8918896178,-10.4361669439,0.007333149,1,0.0092259206,0.0001987947"
2026-08-20T08:00:00.000-03:00,"CSV=1787223600000,0.007008,0.007212,0.006973,0.007193,85568470,0.0075044,0.0077974345,0.0072113655,3.7580890973,7.8096726511,21.1335093069,30.7756626352,26.7342314781,0.007678,-4.1827627548,82284296.3,1.039912521,-8.4073470829,0.007333149,1,0.0092056926,0.0002028152"
2026-08-20T09:00:00.000-03:00,"CSV=1787227200000,0.007196,0.007233,0.007064,0.007158,69757837,0.0074918,0.0077859118,0.0071976882,3.7774871132,7.8515661249,20.6315371747,29.0014942204,26.0761949086,0.007678,-4.253611557,87191947.7,0.8000490738,-6.7392640507,0.007333149,1,0.0091853175,0.0001994337"
2026-08-20T10:00:00.000-03:00,"CSV=1787230800000,0.007159,0.007161,0.006955,0.007094,53699674,0.0074766,0.0077712385,0.0071819615,3.7913968375,7.8816170547,19.1869705433,30.6756892205,25.8738302966,0.007678,-2.0165745856,82089887.5,0.6541569935,-4.9325614898,0.007333149,1,0.0091645084,0.0002000903"
2026-08-20T11:00:00.000-03:00,"CSV=1787234400000,0.007092,0.007242,0.00678,0.007238,192748928,0.0074604,0.0077452825,0.0071755175,3.6781421726,7.6371910915,16.423745931,31.7130483728,26.2663879391,0.007678,-1.133724901,93909875.9,2.0524883688,-4.0640267174,0.007333149,1,0.0091453392,0.0002262813"
2026-08-20T12:00:00.000-03:00,"CSV=1787238000000,0.007231,0.007265,0.007062,0.007143,70835551,0.00744248,0.0077184441,0.0071665159,3.5753856645,7.415919035,16.100323308,29.6994386209,26.4947984669,0.007678,-0.9567387687,97213583.9,0.7286589812,-2.9417299104,0.007333149,1,0.0091254154,0.0002239532"
2026-08-20T13:00:00.000-03:00,"CSV=1787241600000,0.007143,0.007154,0.006855,0.006891,83126841,0.00742194,0.0076999589,0.0071439211,3.6106549597,7.4918134535,14.633972373,33.2997889053,27.324535577,0.007678,-1.697574893,97950317,0.8486633178,-2.4413764539,0.007333149,1,0.0091031824,0.0002314579"
2026-08-20T14:00:00.000-03:00,"CSV=1787245200000,0.006891,0.00704,0.006859,0.0069,42291242,0.00740228,0.0076817526,0.0071228074,3.6381356302,7.5509863865,13.8177450856,31.442453407,28.0989568798,0.007678,2.7244305494,81774312.8,0.5171702525,-1.1579194909,0.007333149,1,0.0090812602,0.0002264121"
2026-08-20T15:00:00.000-03:00,"CSV=1787248800000,0.0069,0.006997,0.006824,0.006943,56723449,0.00738568,0.0076672816,0.0071040784,3.6727696812,7.6256104718,13.0711364989,30.8366810721,28.9230934682,0.007678,2.2834413671,78460329.5,0.7229570582,-0.2216696428,0.007333149,1,0.009059984,0.0002210709"
2026-08-20T16:00:00.000-03:00,"CSV=1787252400000,0.006945,0.006974,0.006893,0.006915,24412328,0.00736954,0.0076545093,0.0070845707,3.722895009,7.7337078413,12.7261864392,30.0228945296,29.6922876175,0.007627,1.6762240847,74827044.2,0.3262500645,0.0345096434,0.007333149,1,0.0090386408,0.0002070638"
2026-08-20T17:00:00.000-03:00,"CSV=1787256000000,0.006915,0.007856,0.006882,0.007596,252719735,0.00736822,0.0076519819,0.0070844581,3.7083450592,7.7023186723,32.4736853306,22.4051305248,28.9359276339,0.007856,8.4368308351,93188405.5,2.7119225149,7.6496835942,0.0065501989,-1,0.0090242862,0.0002837574"
2026-08-20T18:00:00.000-03:00,"CSV=1787259600000,0.007601,0.007731,0.007457,0.007469,63382761,0.0073658,0.0076481727,0.0070834273,3.6920287012,7.6671300441,30.1666370607,20.8133888704,28.2299916492,0.007856,3.837063812,90969834.6,0.6967448196,5.9909405074,0.006745655,-1,0.0090088107,0.0002827817"
2026-08-20T19:00:00.000-03:00,"CSV=1787263200000,0.007469,0.007512,0.007191,0.007195,66614080,0.00735546,0.0076344113,0.0070765087,3.6538674114,7.5848761404,27.6967786546,25.8938779762,26.5722726796,0.007856,0.5169041632,90655458.9,0.7348049506,4.1205682509,0.006745655,-1,0.0089907629,0.0002866035"
2026-08-20T20:00:00.000-03:00,"CSV=1787266800000,0.007198,0.007766,0.007198,0.00766,100705748,0.00735554,0.007634578,0.007076502,3.6549237575,7.587152141,29.9626145159,22.3987489033,25.7638217864,0.007856,7.9785734423,95356066.3,1.0561021643,5.5557750608,0.006745655,-1,0.0089775214,0.0003150431"
2026-08-20T21:00:00.000-03:00,"CSV=1787270400000,0.007659,0.00771,0.007367,0.007379,96900254,0.00734888,0.0076232658,0.0070744942,3.5993213335,7.4674190748,27.5677107848,20.6084229191,25.0092676194,0.007856,1.9480519481,85771198.9,1.129752822,4.4374557691,0.006745655,-1,0.0089616157,0.0003178388"
2026-08-20T22:00:00.000-03:00,"CSV=1787274000000,0.007382,0.007432,0.007241,0.007264,60922107,0.00734066,0.0076112834,0.0070700366,3.5555554218,7.3732716017,26.3128964237,22.6731059459,23.8373342052,0.007856,1.6939661207,84779854.5,0.7185917853,3.364060559,0.006745655,-1,0.008944724,0.0003051549"
2026-08-20T23:00:00.000-03:00,"CSV=1787277600000,0.007268,0.007422,0.007242,0.007288,43503129,0.00733108,0.0075948325,0.0070673275,3.472789197,7.1954616073,25.1566918886,21.6768359991,22.7435296853,0.007856,5.7611377159,80817483.3,0.5382885884,3.2764252688,0.006745655,-1,0.0089282392,0.0002926395"
2026-08-21T00:00:00.000-03:00,"CSV=1787281200000,0.00729,0.007354,0.007075,0.007192,52471677,0.00732186,0.007582234,0.007061486,3.4340006373,7.1122354866,23.4457874339,24.273440566,21.3429225542,0.007856,4.231884058,81835526.8,0.6411845692,3.0887564315,0.006745655,-1,0.0089109632,0.0002912755"
2026-08-21T01:00:00.000-03:00,"CSV=1787284800000,0.00719,0.00742,0.007167,0.007315,60072308,0.00731882,0.0075783677,0.0070592723,3.4248491397,7.0926094532,23.6094914408,22.7689327703,20.0408871581,0.007856,5.3579144462,82170412.7,0.73106981,3.3648407864,0.006745655,-1,0.008895083,0.000287448"
2026-08-21T02:00:00.000-03:00,"CSV=1787288400000,0.007314,0.007388,0.007242,0.007266,36229064,0.00731166,0.007567603,0.007055717,3.3820882216,7.0009549148,22.7381008806,21.9285659571,18.8256541218,0.007856,5.0759219089,83352086.3,0.4346509561,2.9786452944,0.006745655,-1,0.0088788732,0.0002733032"
2026-08-21T03:00:00.000-03:00,"CSV=1787292000000,0.007266,0.007276,0.00707,0.007234,49374544,0.0073032,0.0075545378,0.0070518622,3.3269776124,6.8829494108,21.5364510099,25.1822005899,18.0908523522,0.007856,-4.7656661401,63017567.2,0.7835044448,0.7411233286,0.006745655,-1,0.0088625063,0.0002665728"
2026-08-21T04:00:00.000-03:00,"CSV=1787295600000,0.007234,0.00728,0.007154,0.007188,30510371,0.00729484,0.0075428974,0.0070467826,3.2886217223,6.8008992962,20.9218116687,24.3392586748,17.3881636521,0.007856,-3.7622171643,59730328.2,0.5108019982,-0.1465004627,0.006745655,-1,0.0088458446,0.0002525156"
2026-08-21T05:00:00.000-03:00,"CSV=1787299200000,0.007188,0.007299,0.007175,0.007252,55120000,0.00728704,0.0075301406,0.0070439394,3.2283677837,6.6721366784,20.730921998,23.5094816832,16.6476589402,0.007856,0.7922168172,58580920.2,0.9409206925,0.1508040903,0.006745655,-1,0.0088299854,0.000239664"
2026-08-21T06:00:00.000-03:00,"CSV=1787302800000,0.007253,0.007362,0.007156,0.007339,60002330,0.00728096,0.0075188272,0.0070430928,3.1636208756,6.5339511952,21.2945392852,22.1644872426,15.6712660684,0.007856,-4.1906005222,54510578.4,1.1007465296,-1.437060267,0.006745655,-1,0.0088151497,0.0002362976"
2026-08-21T07:00:00.000-03:00,"CSV=1787306400000,0.007339,0.007519,0.007315,0.007443,62181038,0.00727962,0.0075163793,0.0070428607,3.1499112671,6.5047152942,24.4802189989,20.8960532511,15.1530994241,0.007856,0.867326196,51038656.8,1.2183125869,-0.6058153709,0.006745655,-1,0.0088014965,0.0002330678"
2026-08-21T08:00:00.000-03:00,"CSV=1787310000000,0.007444,0.007612,0.007409,0.007496,54116557,0.0072801,0.0075172728,0.0070429272,3.15503763,6.5156463542,25.7069833973,19.6943925274,15.0257721869,0.007856,3.1938325991,50358101.8,1.0746345685,0.7401907251,0.0068203168,-1,0.0087885065,0.0002300611"
2026-08-21T09:00:00.000-03:00,"CSV=1787313600000,0.007495,0.00797,0.007454,0.007938,105957568,0.00728818,0.0075402772,0.0070360828,3.3433410059,6.9179734552,31.6206544402,17.0276069167,16.0238579555,0.00797,8.9187705818,56603545.7,1.871924571,6.0585490817,0.0069360351,-1,0.0087800437,0.000258655"
2026-08-21T10:00:00.000-03:00,"CSV=1787317200000,0.007938,0.008569,0.007909,0.008449,289158432,0.00730802,0.0076072514,0.0070087886,3.9335019493,8.1891232201,40.876907762,14.3624048809,18.1555564437,0.008569,17.477753059,80272221.2,3.6022228821,25.0252867198,0.0073426316,-1,0.0087767498,0.0002987895"
2026-08-21T11:00:00.000-03:00,"CSV=1787320800000,0.008448,0.008805,0.008008,0.008585,494321585,0.00733468,0.0076830755,0.0069862845,4.5345844312,9.4999522165,38.9796395133,11.9436530608,20.484625445,0.008805,17.3615857826,123697148.9,3.9962245646,39.8104563413,0.0073606685,-1,0.0087748418,0.0003486105"
2026-08-21T12:00:00.000-03:00,"CSV=1787324400000,0.008584,0.0091,0.00853,0.008793,413503575,0.0073644,0.0077681509,0.0069606491,5.1975163436,10.9649370841,40.4397463279,10.5785371823,23.0210109032,0.0091,21.0156895128,161424600,2.5615895904,44.4848280581,0.0077027516,-1,0.0087750225,0.0003707495"
2026-08-21T13:00:00.000-03:00,"CSV=1787328000000,0.008792,0.009257,0.008614,0.009168,355094250,0.0074023,0.0078781895,0.0069264105,6.040594154,12.8578806979,38.4949371856,9.2945516649,25.5597507697,0.009257,26.7348631463,191996570.6,1.8494822532,46.1384370156,0.0077415765,-1,0.0087789327,0.0003979745"
2026-08-21T14:00:00.000-03:00,"CSV=1787331600000,0.009166,0.00995,0.008858,0.009861,856556594,0.00745328,0.0080403173,0.0068662427,7.3011713043,15.7524564378,43.011461426,7.6131426723,28.517310836,0.00995,37.1869782972,274601192.9,3.1192748471,69.4244266912,0.0080018688,-1,0.0087896995,0.0004673771"
2026-08-21T15:00:00.000-03:00,"CSV=1787335200000,0.009859,0.0101,0.0091,0.009415,1651246986,0.00749696,0.0081440177,0.0068499023,7.9451899959,17.2618682186,38.7890330239,6.4655427896,31.3778837664,0.0101,29.8262548263,434213891.5,3.8028423741,84.0911330317,0.0080380819,-1,0.0087959214,0.0005206394"
2026-08-21T16:00:00.000-03:00,"CSV=1787338800000,0.009418,0.009712,0.008952,0.009228,932919779,0.00753142,0.0082223794,0.0068404606,8.4033992353,18.3487141775,34.5483948661,7.8876669461,33.4744009265,0.0101,25.7392015261,521505636.4,1.7888968285,71.4090140139,0.0080380819,-1,0.0088002207,0.0005445754"
2026-08-21T17:00:00.000-03:00,"CSV=1787342400000,0.009229,0.00967,0.008903,0.009429,507690153,0.00756832,0.0083086065,0.0068280335,8.909875824,19.5627701786,30.8960617343,7.729183187,35.2413470821,0.0101,26.6827891979,566056547.9,0.8968894625,55.5831801633,0.0080380819,-1,0.0088064772,0.0005668179"
2026-08-21T18:00:00.000-03:00,"CSV=1787346000000,0.009428,0.009989,0.009369,0.009835,342028338,0.00761346,0.0084189049,0.0068080151,9.5670976864,21.1584444194,32.6202468174,7.0808647719,37.1805330063,0.0101,31.2033084312,594847726,0.5749846945,43.0359283639,0.0080380819,-1,0.0088167113,0.0005721361"
2026-08-21T19:00:00.000-03:00,"CSV=1787349600000,0.009836,0.010177,0.009663,0.010107,554285291,0.00766432,0.0085420788,0.0067865612,10.2757051837,22.9050675846,32.8945281233,6.5898811638,39.1431866784,0.010177,27.3242630385,639680498.3,0.8665033442,36.5828073429,0.0082210326,-1,0.00882955,0.0005663225"
2026-08-21T20:00:00.000-03:00,"CSV=1787353200000,0.01011,0.010363,0.009563,0.009838,609643022,0.00770854,0.0086375045,0.0067795755,10.7550101275,24.1022160299,31.8949159029,5.9068694438,41.1168541389,0.010363,16.4398153628,671728957.3,0.907572936,29.3619820609,0.0082210326,-1,0.0088395843,0.0005896902"
2026-08-21T21:00:00.000-03:00,"CSV=1787356800000,0.009845,0.010025,0.009084,0.009373,417553717,0.00774408,0.0087016118,0.0067865482,11.0040740107,24.7293882015,28.2100830138,11.1053251148,41.2761638395,0.010363,9.178800233,664052170.5,0.6287965548,21.4985206951,0.0082210326,-1,0.0088448919,0.0006248212"
2026-08-21T22:00:00.000-03:00,"CSV=1787360400000,0.009373,0.009388,0.008622,0.008829,301044549,0.007769,0.0087381585,0.0067998415,11.0911071161,24.9493762802,25.6277665487,15.6097643547,40.1439802078,0.010363,0.4094165814,652806267.9,0.4611545014,14.3952818965,0.0082210326,-1,0.0088447338,0.0006389391"
2026-08-21T23:00:00.000-03:00,"CSV=1787364000000,0.008829,0.009168,0.008625,0.009027,226628933,0.00780006,0.0087840388,0.0068160812,11.2018950545,25.2300317925,23.9618267361,14.5950474517,39.0872754849,0.010363,-1.5379581152,639959736.2,0.3541299869,9.4153089019,0.0082210326,-1,0.0088465474,0.0006293452"
2026-08-22T00:00:00.000-03:00,"CSV=1787367600000,0.009028,0.009273,0.009028,0.009093,170121803,0.00783178,0.008831242,0.006832318,11.3173437972,25.5232404661,24.5344733171,14.1486097968,38.271363315,0.010363,-7.7882567691,571316257.1,0.2977716823,5.5038318279,0.0082210326,-1,0.0088489997,0.0005910107"
2026-08-22T01:00:00.000-03:00,"CSV=1787371200000,0.009087,0.009563,0.009037,0.009455,191938585,0.00787136,0.0088948457,0.0068478743,11.5065033968,26.0053084994,26.5382817573,13.2220609457,37.9526865849,0.010363,0.4248539565,425385417,0.4512110132,3.7331208133,0.0082210326,-1,0.0088550295,0.0005845096"
2026-08-22T02:00:00.000-03:00,"CSV=1787374800000,0.009447,0.009549,0.007288,0.008674,463578253,0.00790004,0.0089255217,0.0068745583,11.4893198357,25.9614315794,20.3889551018,28.0826812954,36.480683183,0.010363,-6.003467707,378451264.4,1.2249351412,0.0374610211,0.0082210326,-1,0.0088532282,0.0007521586"
2026-08-22T03:00:00.000-03:00,"CSV=1787378400000,0.008674,0.009072,0.008468,0.008931,185108436,0.00793224,0.0089642903,0.0069001897,11.5129056356,26.021660488,19.1208327285,26.3360358064,35.1068133413,0.010363,-5.2815781101,346193092.7,0.5346970806,-0.9163741181,0.0082210326,-1,0.0088540021,0.0007373428"
2026-08-22T04:00:00.000-03:00,"CSV=1787382000000,0.008932,0.009139,0.008602,0.008696,190760480,0.00796192,0.0089941693,0.0069296707,11.476871718,25.9296568948,18.749206526,24.862977611,33.7009253345,0.010363,-11.5810879512,331066306.9,0.5762002234,-2.8352579004,0.0082210326,-1,0.0088524299,0.0007173085"
2026-08-22T05:00:00.000-03:00,"CSV=1787385600000,0.008691,0.009066,0.00843,0.008925,277832252,0.00800022,0.0090319657,0.0069684743,11.4232681153,25.7929320087,17.5066434587,25.0075218148,32.6304133149,0.010363,-11.6948649451,303421003,0.9156658545,-5.4597014348,0.0082210326,-1,0.008853152,0.0007091776"
2026-08-22T06:00:00.000-03:00,"CSV=1787389200000,0.008926,0.009527,0.008707,0.009371,341608198,0.0080533,0.0090859322,0.0070206678,11.3651762961,25.6449459053,20.7535326496,22.9101145463,30.7843243403,0.010363,-4.7468997764,276617520.6,1.2349477982,-5.5938587656,0.0082210326,-1,0.0088583047,0.0007202599"
2026-08-22T07:00:00.000-03:00,"CSV=1787392800000,0.009373,0.009412,0.009014,0.00928,260999667,0.00810314,0.0091336357,0.0070726443,11.2824263691,25.434479117,19.8861795942,21.9526313945,29.0613079641,0.010363,-0.9922116718,260962115.6,1.000143896,-4.0600239927,0.0082210326,-1,0.0088625007,0.0006880339"
2026-08-22T08:00:00.000-03:00,"CSV=1787396400000,0.009276,0.009499,0.009077,0.009218,211915639,0.00815148,0.0091764344,0.0071265256,11.1694191438,25.1476890867,19.9192648937,20.9575972748,27.2932305653,0.010363,4.405934987,252049224.6,0.8407708428,-1.471888771,0.0082210326,-1,0.008866038,0.0006614305"
2026-08-22T09:00:00.000-03:00,"CSV=1787400000000,0.009217,0.009339,0.008913,0.008932,195274933,0.00819002,0.0092073411,0.0071726989,11.0490211406,24.8429444674,18.9883724584,21.77730146,25.9297729352,0.010363,-1.0523983605,248913824.6,0.784508186,-1.2564642236,0.0082210326,-1,0.0088666943,0.0006378875"
2026-08-22T10:00:00.000-03:00,"CSV=1787403600000,0.008936,0.009083,0.008501,0.008794,188477554,0.00822204,0.0092326496,0.0072114304,10.9460406694,24.5829399427,17.7725961518,24.9154818022,25.3166374929,0.010363,-3.2882437039,250749399.7,0.7516570497,-1.6615200028,0.0082210326,-1,0.008865971,0.0006322987"
2026-08-22T11:00:00.000-03:00,"CSV=1787407200000,0.008794,0.008908,0.008653,0.008886,74152449,0.0082566,0.0092597503,0.0072534497,10.8334488871,24.2993560969,17.2539920512,24.1884484008,24.7443777468,0.010363,-6.0179799048,238970786.1,0.310299222,-1.7301381626,0.0082210326,-1,0.0088661703,0.0005945688"
2026-08-22T12:00:00.000-03:00,"CSV=1787410800000,0.008884,0.009268,0.008725,0.009172,108253987,0.00829816,0.0092953108,0.0073010092,10.7274604466,24.0330576464,20.3152909522,22.6786298434,23.4612135032,0.010363,5.7412958266,203438359.5,0.5321218047,-0.1350692096,0.0082210326,-1,0.0088692134,0.000589412"
2026-08-22T13:00:00.000-03:00,"CSV=1787414400000,0.009171,0.00941,0.009096,0.009266,99693175,0.00833872,0.0093331646,0.0073442754,10.6549562899,23.8512531808,21.2426831508,21.8342308859,21.9886816764,0.010363,3.7509797335,194896833.4,0.5115176746,0.5495180038,0.0082210326,-1,0.0088731615,0.0005618708"
2026-08-22T14:00:00.000-03:00,"CSV=1787418000000,0.009266,0.009469,0.009206,0.009286,85042966,0.00838158,0.0093697272,0.0073934328,10.5461686635,23.5790206098,21.2811845522,21.1282644971,20.5468082413,0.010363,6.7847286109,184325082,0.4613748985,1.4097798273,0.0082210326,-1,0.0088772694,0.0005319837"
2026-08-22T15:00:00.000-03:00,"CSV=1787421600000,0.009284,0.009391,0.009042,0.009078,56899453,0.00842532,0.0093947452,0.0074558948,10.3188024688,23.0121870645,20.3458749376,22.2649513668,19.4772696703,0.010363,1.7142857143,162231802.1,0.3507293408,1.1402699843,0.0082210326,-1,0.0088792667,0.0005136853"
2026-08-22T16:00:00.000-03:00,"CSV=1787425200000,0.009079,0.009195,0.008971,0.008991,38124668,0.00846714,0.009414718,0.007519562,10.0648584988,22.3824821549,19.7489904191,22.5416414942,18.6190166559,0.010025,-4.0550634938,131883449.1,0.2890784876,0.3694361156,0.0082210326,-1,0.0088803785,0.0004847168"
2026-08-22T17:00:00.000-03:00,"CSV=1787428800000,0.00899,0.009233,0.008885,0.009079,68289034,0.00850986,0.0094356605,0.0075840595,9.8117190351,21.7583014781,18.8295000555,22.6427208682,17.9907247822,0.009563,-2.1659482759,112612385.8,0.6064078433,-0.1915252638,0.0082210326,-1,0.0088823548,0.0004710451"
2026-08-22T18:00:00.000-03:00,"CSV=1787432400000,0.009078,0.009207,0.008963,0.008981,43867560,0.00855118,0.009450606,0.007651754,9.5171250288,21.0363011383,18.1931671263,21.8775221719,17.4043190334,0.009563,-2.5710566283,95807577.9,0.4578715062,-0.5200880328,0.0082210326,-1,0.0088833363,0.0004483406"
2026-08-22T19:00:00.000-03:00,"CSV=1787436000000,0.008981,0.009155,0.008919,0.008987,40679035,0.008579,0.0094699234,0.0076880766,9.4079264478,20.7698666757,17.577579229,21.7681143175,16.9540681584,0.009563,0.6157635468,80347988.1,0.5062856701,-0.2428079353,0.0082210326,-1,0.0088843678,0.0004271065"
2026-08-22T20:00:00.000-03:00,"CSV=1787439600000,0.008988,0.009136,0.008973,0.00905,31735090,0.00861062,0.0094895623,0.0077316777,9.2622005786,20.415307926,17.1482018357,21.2363723716,16.5338340083,0.009563,2.9110757335,64673741.7,0.4906951286,0.3142782703,0.0082210326,-1,0.0088860159,0.0004006959"
2026-08-22T21:00:00.000-03:00,"CSV=1787443200000,0.009052,0.009233,0.009029,0.009087,55222964,0.00864846,0.0095061119,0.0077908081,9.0221106638,19.8336337096,18.1124161937,20.5628242024,15.8539688887,0.009549,2.2619851452,62780793.2,0.8796155828,0.8727446408,0.0082210326,-1,0.0088880157,0.0003810263"
2026-08-22T22:00:00.000-03:00,"CSV=1787446800000,0.009083,0.009189,0.008898,0.00899,76847009,0.00867506,0.009522203,0.007827917,8.8965019464,19.5305386434,17.2750164151,21.6934339287,15.5529341688,0.009527,-1.9843000436,59640095.4,1.2885125097,-0.2704353825,0.0082210326,-1,0.0088890305,0.0003720237"
2026-08-22T23:00:00.000-03:00,"CSV=1787450400000,0.008987,0.009011,0.008724,0.008934,72201040,0.00870616,0.0095334626,0.0078788574,8.6778815318,19.0049939212,16.4703578843,23.5069412684,15.6895017345,0.009527,-3.5829915821,56890881.9,1.2691144449,-1.6960323792,0.0082210326,-1,0.008889478,0.0003635213"
2026-08-23T00:00:00.000-03:00,"CSV=1787454000000,0.008933,0.009063,0.008634,0.00864,73532754,0.00873368,0.0095350309,0.0079323291,8.4042821068,18.3508187941,15.3269834959,23.3314527128,16.0239096736,0.009527,-6.9567090243,55739860.7,1.3192130923,-4.189815461,0.0082210326,-1,0.0088869956,0.0003700692"
2026-08-23T01:00:00.000-03:00,"CSV=1787457600000,0.008642,0.008839,0.008558,0.008615,65119104,0.00876022,0.0095347784,0.0079856616,8.1235074489,17.6835384621,14.6149584666,23.5040266671,16.5102668776,0.009527,-5.1002423441,56561825.8,1.1512906997,-4.7504974996,0.0082210326,-1,0.0088842892,0.0003611623"
2026-08-23T02:00:00.000-03:00,"CSV=1787461200000,0.008615,0.00872,0.008518,0.008656,48151067,0.0087895,0.009531197,0.008047803,7.7817820938,16.8768867377,14.1100918167,23.3761412679,17.0574850736,0.009499,-3.7259481704,57564465.7,0.8364720564,-4.2058821758,0.0082210326,-1,0.0088820176,0.000345246"
2026-08-23T03:00:00.000-03:00,"CSV=1787464800000,0.00866,0.008827,0.0084,0.008787,87383478,0.00881894,0.0095301114,0.0081077686,7.4623622613,16.128274816,13.0862474285,23.6851442846,17.8419032497,0.009499,-3.2162132393,59473910.1,1.4692741381,-4.3790877622,0.0082210326,-1,0.0088810722,0.0003534214"
2026-08-23T04:00:00.000-03:00,"CSV=1787468400000,0.008786,0.008903,0.008758,0.00882,43479124,0.00885002,0.009525717,0.008174323,7.0933976818,15.2699539211,14.0977979418,23.0759346468,18.2625650341,0.009469,-1.7926734217,59435066.5,0.7315399235,-3.3565292341,0.0082210326,-1,0.0088804645,0.0003325793"
2026-08-23T05:00:00.000-03:00,"CSV=1787472000000,0.008819,0.009353,0.008754,0.009239,178706489,0.00889012,0.0095271083,0.0082531317,6.6860613755,14.330252209,20.3353341553,20.7173718915,17.1071009021,0.009469,2.8040502949,73237811.9,2.4400850375,0.0430209003,0.0082210326,-1,0.008884032,0.0003592214"
2026-08-23T06:00:00.000-03:00,"CSV=1787475600000,0.009238,0.009293,0.008787,0.008897,103383487,0.0089243,0.0095130636,0.0083355364,6.189000595,13.1946160562,18.6134572544,18.9631462745,16.0286677122,0.009469,-1.6906077348,80402651.6,1.2858218596,-0.6959261936,0.0082210326,-1,0.0088841611,0.0003738992"
2026-08-23T07:00:00.000-03:00,"CSV=1787479200000,0.008895,0.009082,0.00881,0.009,55127088,0.00895926,0.0094974079,0.0084211121,5.666261069,12.013222699,17.7479312227,18.0813596982,15.0221300683,0.009469,-0.957411687,80393064,0.6857194546,-0.6827894024,0.0082210326,-1,0.0088853137,0.0003637093"
2026-08-23T08:00:00.000-03:00,"CSV=1787482800000,0.009001,0.009137,0.00899,0.009104,38987827,0.00899456,0.0094806374,0.0085084826,5.1270540884,10.8082531625,18.2635926711,17.6072739886,14.142632767,0.009469,1.2680756396,76607145.8,0.5089319879,-0.2400715162,0.0082210326,-1,0.0088874897,0.0003420384"
2026-08-23T09:00:00.000-03:00,"CSV=1787486400000,0.009108,0.0092,0.008912,0.00906,57322329,0.0090269,0.0094595248,0.0085942752,4.5734309588,9.5852360716,17.3108355868,18.1016117038,13.3486602931,0.009469,1.4103425118,75119274.7,0.7630841649,0.1986890018,0.0082210326,-1,0.0088892062,0.0003366345"
2026-08-23T10:00:00.000-03:00,"CSV=1787490000000,0.009057,0.009372,0.009052,0.009331,71199589,0.0090636,0.009438825,0.008688375,3.9753359046,8.2798225687,19.4415155504,17.0431697228,12.8969875159,0.009391,7.9976851852,74885958.2,0.950773559,2.6671218704,0.0082210326,-1,0.0088936021,0.0003349711"
2026-08-23T11:00:00.000-03:00,"CSV=1787493600000,0.009333,0.009393,0.008987,0.009129,81313022,0.00908742,0.0094264959,0.0087483441,3.5970510337,7.4625331948,18.0099794387,16.9670835082,12.2359654595,0.009393,5.9663377829,76505350,1.0628409909,3.8918373673,0.0082210326,-1,0.0088959444,0.000342074"
2026-08-23T12:00:00.000-03:00,"CSV=1787497200000,0.009135,0.009239,0.008813,0.009042,137389569,0.00909928,0.0094259625,0.0087725975,3.4657731665,7.1804028068,16.6331109396,18.792562994,11.8266161693,0.009393,4.4593345656,85429200.2,1.6082272651,4.9850993891,0.0082210326,-1,0.0088973977,0.0003504666"
2026-08-23T13:00:00.000-03:00,"CSV=1787500800000,0.00904,0.009122,0.008881,0.00904,48918978,0.00910838,0.0094268439,0.0087899161,3.3782660775,6.9927664106,15.8964784991,17.9602946594,11.4445568318,0.009393,2.8792534426,81582750.2,0.5996240367,3.89888945,0.0082210326,-1,0.0088988166,0.0003395199"
2026-08-23T14:00:00.000-03:00,"CSV=1787504400000,0.009044,0.009052,0.008821,0.0089,46697206,0.00911052,0.009427212,0.008793828,3.3593386864,6.9522261969,15.2049341133,18.3089159531,11.2990389288,0.009393,0.9070294785,81904558.4,0.5701417224,2.7716380831,0.0082210326,-1,0.0088988284,0.0003286679"
2026-08-23T15:00:00.000-03:00,"CSV=1787508000000,0.008901,0.009043,0.008626,0.008891,175583562,0.00910498,0.0094230379,0.0087869221,3.3753221731,6.9864598755,14.0248708211,20.5172212267,11.7988013587,0.009393,-3.7666414114,81592265.7,2.151963308,-0.8541326485,0.0082210326,-1,0.0088987505,0.0003375011"
2026-08-23T16:00:00.000-03:00,"CSV=1787511600000,0.008891,0.009216,0.008871,0.009072,57094634,0.0090892,0.0093883692,0.0087900308,3.1865944106,6.5829610913,16.3498570188,19.1965628306,11.5461091209,0.009393,1.9669551534,76963380.4,0.7418415577,-0.083032074,0.0082210326,-1,0.0089004744,0.000338251"
2026-08-23T17:00:00.000-03:00,"CSV=1787515200000,0.009077,0.009095,0.009012,0.009027,17099954,0.00908144,0.009377069,0.008785811,3.1526798884,6.5106187446,16.083010512,18.8832551529,11.3102630324,0.009393,0.3,73160667,0.2337315213,-0.0319815639,0.0082210326,-1,0.0089017334,0.0003127259"
2026-08-23T18:00:00.000-03:00,"CSV=1787518800000,0.009027,0.009178,0.009016,0.009022,19293071,0.00907732,0.0093723125,0.0087823275,3.1474889914,6.4995506231,17.2431675142,18.2600241408,10.747187321,0.009393,-0.9007029877,71191191.4,0.2710036259,-0.1026856344,0.0082210326,-1,0.00890293,0.0002976533"
2026-08-23T19:00:00.000-03:00,"CSV=1787522400000,0.009025,0.009062,0.008896,0.008946,34752848,0.00906766,0.009358862,0.008776458,3.1115104171,6.4228690746,16.6402092199,20.1493123785,10.6665963225,0.009393,-1.2582781457,68934243.3,0.5041449117,-0.2799085978,0.0082210326,-1,0.0089033586,0.000284488"
2026-08-23T20:00:00.000-03:00,"CSV=1787526000000,0.008945,0.008947,0.008829,0.008913,22960085,0.00904922,0.0093197024,0.0087787376,2.9022644026,5.9780269536,16.2085398221,21.0995528669,10.8294759797,0.009393,-4.4796913514,64110292.9,0.358134146,-0.7213825441,0.0082210326,-1,0.0089034545,0.0002678392"
2026-08-23T21:00:00.000-03:00,"CSV=1787529600000,0.008913,0.008943,0.008839,0.008878,31207016,0.00902464,0.0092499507,0.0087993293,2.435804307,4.9932340234,15.8209785472,20.5950429172,10.981496993,0.009393,-2.7494796801,59099692.3,0.528040245,-0.964867004,0.0082210326,-1,0.0089032012,0.0002514553"
2026-08-23T22:00:00.000-03:00,"CSV=1787533200000,0.008877,0.009087,0.008737,0.008979,43839213,0.00900746,0.0092005411,0.0088143789,2.0985846546,4.2871385407,17.830874702,18.9603341253,10.4540582995,0.009393,-0.696748507,49744656.7,0.8812848637,-0.8479226403,0.0082210326,-1,0.0089039555,0.0002613097"
2026-08-23T23:00:00.000-03:00,"CSV=1787536800000,0.008976,0.009184,0.00892,0.009121,48592183,0.00900242,0.0091890757,0.0088157643,2.0312786714,4.1467902078,18.9708679141,17.8174001655,9.9661492668,0.009393,0.8960176991,49711977.2,0.977474358,-0.2733369852,0.0082672637,-1,0.0089061151,0.0002615788"
2026-08-24T00:00:00.000-03:00,"CSV=1787540400000,0.009122,0.009135,0.008952,0.009095,33727700,0.00900774,0.0091931638,0.0088223162,2.0169750261,4.1169886857,18.1579398618,17.0538998091,9.510767503,0.009393,2.191011236,48415026.6,0.696637023,0.3265551915,0.0082823373,-1,0.0089079946,0.0002537209"
2026-08-24T01:00:00.000-03:00,"CSV=1787544000000,0.009095,0.009294,0.009,0.009037,61833245,0.00900794,0.0091933899,0.0088224901,2.0172088665,4.1174758204,20.6256712683,15.8824043171,9.7428748276,0.009393,1.6421099989,37039994.9,1.6693642957,1.1314633949,0.0083737536,-1,0.0089092782,0.0002577488"
2026-08-24T02:00:00.000-03:00,"CSV=1787547600000,0.009036,0.009148,0.008949,0.00906,38870435,0.00900728,0.0091924845,0.0088220755,2.0147386607,4.1123300242,19.6469027771,16.3448774931,9.7049756528,0.009393,-0.1322751323,35217575,1.1037226442,0.7056439104,0.0083737536,-1,0.0089107779,0.0002518739"
2026-08-24T03:00:00.000-03:00,"CSV=1787551200000,0.00906,0.009182,0.008982,0.009086,34205487,0.0089999,0.0091741445,0.0088256555,1.8992992271,3.8721420175,19.5182241509,15.5502746844,9.8123008803,0.009393,0.6535947712,36928128.3,0.9262718847,0.6722314271,0.0083737536,-1,0.0089125214,0.0002466865"
2026-08-24T04:00:00.000-03:00,"CSV=1787554800000,0.009094,0.009213,0.008974,0.009173,30050261,0.00900988,0.0091793987,0.0088403613,1.8467297676,3.7629510727,19.1345597476,14.6390757311,10.0455228928,0.009393,1.673686544,38003847.3,0.7907162862,0.8892913542,0.0083737536,-1,0.0089151132,0.0002459179"
2026-08-24T05:00:00.000-03:00,"CSV=1787558400000,0.009177,0.009536,0.009175,0.009408,147844106,0.00901942,0.00919744,0.0088414,1.9355386805,3.9474824099,25.2149912013,13.36467638,11.4235865175,0.009536,5.1643192488,49312973.1,2.9980773153,5.7538703657,0.0085826217,-1,0.0089200176,0.0002576261"
2026-08-24T06:00:00.000-03:00,"CSV=1787562000000,0.009409,0.009628,0.0093,0.009568,87465134,0.00903686,0.0092247796,0.0088489404,2.0371170621,4.1589569457,25.435257779,12.325858306,12.976458293,0.009628,7.3488163357,55763478,1.5685021297,7.6781249348,0.0086700096,-1,0.0089264652,0.0002646635"
2026-08-24T07:00:00.000-03:00,"CSV=1787565600000,0.009567,0.009679,0.009202,0.009277,93245326,0.0090439,0.009234077,0.008853723,2.059512787,4.2056412943,22.6875169008,13.2137704093,13.8705823905,0.009679,4.4942554629,61967309,1.504750287,7.3729940224,0.0086700096,-1,0.0089299531,0.0002858971"
2026-08-24T08:00:00.000-03:00,"CSV=1787569200000,0.00928,0.009395,0.008954,0.009033,87656265,0.00903714,0.0092214877,0.0088527923,1.9991103572,4.0797800192,20.4944160035,17.3725204736,13.4955024763,0.009679,0.6014032743,66349014.2,1.3211389206,5.1801751058,0.0086700096,-1,0.0089309784,0.0003014074"
2026-08-24T09:00:00.000-03:00,"CSV=1787572800000,0.009033,0.00915,0.008959,0.009097,52537651,0.00903348,0.0092147608,0.0088521992,1.9672871282,4.0135319539,19.6145665605,16.6266976866,13.1454278896,0.009679,-0.2631290429,66743561,0.7871568465,3.3844087947,0.0086700096,-1,0.0089326304,0.0002903667"
2026-08-24T10:00:00.000-03:00,"CSV=1787576400000,0.009098,0.009106,0.008822,0.008916,56142631,0.00902744,0.0092074992,0.0088473808,1.955571494,3.9891537414,18.3589180239,18.6504227205,12.3215761428,0.009679,-1.9681143485,68985054.1,0.813837602,1.7223640425,0.0086700096,-1,0.0089324649,0.00028973"
2026-08-24T11:00:00.000-03:00,"CSV=1787580000000,0.008918,0.009058,0.008865,0.008975,42644021,0.0090283,0.0092080037,0.0088485963,1.9516029656,3.9808972398,17.5412947996,17.8198171947,11.5526478457,0.009679,-0.6860683855,67066131.7,0.6358503155,1.0028304285,0.0086700096,-1,0.0089328881,0.000280057"
2026-08-24T12:00:00.000-03:00,"CSV=1787583600000,0.008974,0.00903,0.008815,0.00888,47927653,0.00903002,0.0092078749,0.0088521651,1.9315525127,3.9391925991,16.6559355241,18.0941874853,11.0583939836,0.009679,-1.9867549669,67971853.5,0.7051102851,0.2015931653,0.0086700096,-1,0.0089323619,0.0002735513"
2026-08-24T13:00:00.000-03:00,"CSV=1787587200000,0.008882,0.008992,0.008674,0.008753,61797130,0.00902736,0.0092083165,0.0088464035,1.9651425101,4.0090689382,15.422373491,20.0379613613,11.1889143405,0.009679,-3.6649790887,70731017.8,0.8736920791,-0.9329589564,0.0086700096,-1,0.0089305772,0.0002779962"
2026-08-24T14:00:00.000-03:00,"CSV=1787590800000,0.008753,0.008875,0.00864,0.008858,33556509,0.00902108,0.0092023562,0.0088398038,1.969889352,4.0189475233,14.568096446,19.7294344389,11.4462344463,0.009679,-3.4339910607,71081642.6,0.4720840399,-1.1623500952,0.0086700096,-1,0.008929855,0.0002736966"
2026-08-24T15:00:00.000-03:00,"CSV=1787594400000,0.008858,0.009011,0.00884,0.009004,34323756,0.00901584,0.0091937156,0.0088379644,1.9347521983,3.9458467534,17.2574668081,18.9126789855,10.9882310377,0.009679,-4.2942176871,59729607.6,0.5746522935,-1.5974607445,0.0086700096,-1,0.0089305928,0.0002634269"
2026-08-24T16:00:00.000-03:00,"CSV=1787598000000,0.009005,0.009033,0.008841,0.008908,22512944,0.00900828,0.0091825081,0.0088340519,1.8973915234,3.8681775191,16.9823598932,18.0154744651,10.4524782067,0.009679,-6.897993311,53234388.6,0.4229022741,-2.0373661823,0.0086700096,-1,0.008930368,0.0002562842"
2026-08-24T17:00:00.000-03:00,"CSV=1787601600000,0.008912,0.009054,0.00889,0.009021,18142595,0.00900714,0.0091810945,0.0088331855,1.8947030593,3.8625907437,16.8085391689,17.2658690961,9.8451230431,0.009679,-2.7595127735,45724115.5,0.3967839465,-1.7232209111,0.0086700096,-1,0.0089312698,0.0002470558"
2026-08-24T18:00:00.000-03:00,"CSV=1787605200000,0.00902,0.009134,0.008969,0.008988,20847021,0.00900708,0.0091810406,0.0088331194,1.8947803451,3.8627513434,18.1683225718,16.5246892446,9.5046248119,0.009679,-0.4981733643,39043191.1,0.5339476721,-1.2374801102,0.0086700096,-1,0.0089318343,0.0002388502"
2026-08-24T19:00:00.000-03:00,"CSV=1787608800000,0.008986,0.009043,0.008957,0.008982,12586528,0.00900514,0.0091788283,0.0088314517,1.8922713907,3.8575378668,17.7429794246,16.4644942174,9.1201460982,0.009679,-1.2641530175,35048078.8,0.3591217673,-0.9763150287,0.0086700096,-1,0.0089323334,0.0002235652"
2026-08-24T20:00:00.000-03:00,"CSV=1787612400000,0.008981,0.009059,0.008856,0.008974,34650350,0.009005,0.0091787106,0.0088312894,1.8925377662,3.8580913686,16.7511649689,18.3253265699,8.8113227995,0.009679,0.6505159264,32898850.7,1.0532389206,-0.4224937884,0.0086700096,-1,0.008932748,0.0002215087"
2026-08-24T21:00:00.000-03:00,"CSV=1787616000000,0.00898,0.009035,0.008921,0.008939,31472940,0.00900404,0.0091779799,0.0088301001,1.895186877,3.8635961206,16.2060925141,17.7290318789,8.5230877207,0.009679,-0.4011142061,31781742.6,0.9902836479,-0.4140681387,0.0086700096,-1,0.0089328102,0.0002107578"
2026-08-24T22:00:00.000-03:00,"CSV=1787619600000,0.00894,0.00895,0.008809,0.008832,21922219,0.00899968,0.0091751388,0.0088242212,1.9123281704,3.8992222667,15.5361609853,20.2797504952,8.8378394398,0.009679,-0.5405405405,29181199.2,0.7512446233,-0.4114048174,0.0086700096,-1,0.0089318072,0.000203782"
2026-08-24T23:00:00.000-03:00,"CSV=1787623200000,0.008832,0.008974,0.008818,0.008905,25390416,0.00899604,0.0091715373,0.0088205427,1.9134997682,3.9016577483,15.5290817312,19.3324085288,8.9759716609,0.009679,1.7365474694,25540527.8,0.9941226038,0.3011771524,0.0086700096,-1,0.0089315404,0.0001990038"
2026-08-25T00:00:00.000-03:00,"CSV=1787626800000,0.008906,0.008916,0.00883,0.008838,12642687,0.008993,0.0091698866,0.0088161134,1.9289947356,3.9338736875,15.1121102441,18.8133138861,9.1048950673,0.009679,-0.2257846015,23449145.6,0.539153418,0.1602072551,0.0086700096,-1,0.0089306097,0.0001877034"
2026-08-25T01:00:00.000-03:00,"CSV=1787630400000,0.008839,0.009125,0.008833,0.008924,48389076,0.0089928,0.0091697589,0.0088158411,1.9298093644,3.9355676825,20.1366693947,17.1391516974,9.0339989409,0.009679,-0.8884940027,24855677.6,1.9468017239,-0.4697690486,0.0086700096,-1,0.0089305439,0.0001981331"
2026-08-25T02:00:00.000-03:00,"CSV=1787634000000,0.008927,0.00894,0.008752,0.008775,34100201,0.0089955,0.0091680298,0.0088229702,1.8818633708,3.8359133907,18.9720482538,18.6397577189,8.4906306129,0.009679,-1.4930399641,26014403.3,1.3108200333,-0.9655482642,0.0086700096,-1,0.0089289962,0.0001971198"
2026-08-25T03:00:00.000-03:00,"CSV=1787637600000,0.008775,0.008883,0.008767,0.008837,26030986,0.00899994,0.0091653294,0.0088345506,1.8045113383,3.6753446882,18.2733671881,17.953313872,7.9834868402,0.009395,-2.039685179,26803242.4,0.9711879485,-1.304004731,0.0086700096,-1,0.0089280808,0.0001890078"
2026-08-25T04:00:00.000-03:00,"CSV=1787641200000,0.008837,0.008879,0.008501,0.00868,53661879,0.00900042,0.0091648425,0.0088359975,1.7940571833,3.6536631733,16.1915176222,23.9250882688,8.7364363306,0.00915,-3.4267912773,30084728.2,1.7836916672,-2.9067828362,0.0086700096,-1,0.0089256124,0.000207907"
2026-08-25T05:00:00.000-03:00,"CSV=1787644800000,0.008679,0.008918,0.008664,0.008898,34896125,0.00900264,0.0091649011,0.0088403789,1.7704622872,3.6047452293,16.1280544433,22.1114405232,9.1971496937,0.009134,-0.9352037408,32315687.9,1.0798509104,-2.2744820944,0.0086700096,-1,0.0089253376,0.0002125163"
2026-08-25T06:00:00.000-03:00,"CSV=1787648400000,0.008898,0.009045,0.008885,0.009037,37542060,0.00900698,0.0091671871,0.0088467729,1.7476140867,3.5573977577,19.2064095617,21.0352325655,8.8869799353,0.009134,0.7020280811,32604858.9,1.1514253172,-1.2468770943,0.0086700096,-1,0.0089264487,0.0002072647"
2026-08-25T07:00:00.000-03:00,"CSV=1787652000000,0.009036,0.009139,0.00898,0.009107,35930346,0.00900434,0.0091617654,0.0088469146,1.7182863253,3.4966551988,21.1729022441,19.9988399003,8.4846227214,0.009139,1.8794048551,33050599.5,1.0871314452,-0.1501980241,0.0086700096,-1,0.0089282452,0.0002024382"
2026-08-25T08:00:00.000-03:00,"CSV=1787655600000,0.009106,0.009281,0.008992,0.009278,28295715,0.00901196,0.0091731805,0.0088507395,1.7575198244,3.5779223433,23.6209478794,18.2479639814,8.7745060116,0.009281,5.0498188406,33687949.1,0.8399358155,1.3137092193,0.0086700096,-1,0.0089317253,0.0002110944"
2026-08-25T09:00:00.000-03:00,"CSV=1787659200000,0.009279,0.009309,0.008987,0.009051,48201453,0.00901298,0.0091742829,0.0088516771,1.7582069754,3.5793462664,22.2086581905,16.5212704617,9.1685213361,0.009309,1.6395283549,35969052.8,1.3400812434,1.6081732116,0.0086700096,-1,0.0089329122,0.000222185"
2026-08-25T10:00:00.000-03:00,"CSV=1787662800000,0.009051,0.009216,0.008977,0.009126,39937805,0.00901342,0.0091750003,0.0088518397,1.7610934701,3.585327916,20.6544149259,15.6578701032,9.4746152142,0.009309,3.2586558045,38698564.6,1.0320229035,2.1931179494,0.0086700096,-1,0.0089348334,0.0002238665"
2026-08-25T11:00:00.000-03:00,"CSV=1787666400000,0.009125,0.009232,0.009001,0.009186,32703398,0.00901594,0.0091792009,0.0088526791,1.7785964889,3.6216067482,19.7267411382,14.5997853711,9.8386970006,0.009309,2.9359031824,37129996.8,0.8807810616,2.3240412735,0.0086700096,-1,0.0089373326,0.0002245798"
2026-08-25T12:00:00.000-03:00,"CSV=1787670000000,0.009186,0.009232,0.009112,0.009137,26569881,0.00901206,0.009170006,0.008854114,1.7224197255,3.5052139474,19.011683854,14.0705705959,10.1785066679,0.009309,4.1253561254,36376964.8,0.7304040111,2.5537530694,0.0086700096,-1,0.0089393193,0.0002141218"
2026-08-25T13:00:00.000-03:00,"CSV=1787673600000,0.009137,0.009149,0.008992,0.00908,30086225,0.00901108,0.0091684483,0.0088537117,1.7164118896,3.4927741702,18.0923724677,17.0861163584,9.6906349017,0.009309,2.749801969,36782488.7,0.8179496838,2.4522352632,0.0086700096,-1,0.0089407192,0.0002084097"
2026-08-25T14:00:00.000-03:00,"CSV=1787677200000,0.009081,0.009083,0.008952,0.00897,23202961,0.00900964,0.0091670482,0.0088522318,1.7171092,3.4942179377,17.342663477,17.6433822751,9.1018951921,0.009309,3.3410138249,33736596.9,0.6877682734,2.4007712787,0.0086700096,-1,0.0089410105,0.0002006687"
2026-08-25T15:00:00.000-03:00,"CSV=1787680800000,0.00897,0.009176,0.008932,0.009123,23927466,0.0090113,0.0091694555,0.0088531445,1.7248082429,3.5101600151,18.9292108829,16.2958018659,8.993499731,0.009309,2.5286581254,32639731,0.7330779166,2.2184153293,0.0086700096,-1,0.0089428213,0.0002050018"
2026-08-25T16:00:00.000-03:00,"CSV=1787684400000,0.009123,0.009141,0.009004,0.009068,11639918,0.00901466,0.0091721986,0.0088571214,1.7175668589,3.4951655226,18.097659259,15.5799347022,8.892330634,0.009309,0.3430341928,30049516.8,0.3873579092,1.5232358887,0.0086700096,-1,0.0089440669,0.0001982016"
2026-08-25T17:00:00.000-03:00,"CSV=1787688000000,0.009069,0.00909,0.008751,0.008796,59697421,0.00901276,0.0091723383,0.0088531817,1.7397773565,3.5411630662,16.209772344,21.7399711289,9.2710037463,0.009309,-3.4149555287,32426224.3,1.8410228847,-1.0801798337,0.0086700096,-1,0.0089425936,0.0002122815"
2026-08-25T18:00:00.000-03:00,"CSV=1787691600000,0.008796,0.008817,0.008553,0.008808,30645704,0.00900748,0.0091693617,0.0088455983,1.7654632882,3.5943841084,14.9118394461,26.0045556121,10.4603160235,0.009309,-5.0657469282,32661223.2,0.9382901495,-2.3045000367,0.0086700096,-1,0.0089412544,0.0002174533"
2026-08-25T19:00:00.000-03:00,"CSV=1787695200000,0.008804,0.008891,0.008772,0.008875,16384023,0.00900444,0.0091673505,0.0088415295,1.777073391,3.6184492813,16.6718578124,25.0363821922,11.0999515275,0.009309,-1.9445365153,29479480.2,0.5557772013,-1.8965763785,0.0086700096,-1,0.0089405951,0.000207608"
2026-08-25T20:00:00.000-03:00,"CSV=1787698800000,0.008875,0.009014,0.008812,0.008874,24197298,0.00900148,0.0091653861,0.0088375739,1.7883163694,3.6417589096,19.4761809357,23.4486091023,10.9769141995,0.009309,-2.7613412229,27905429.5,0.8671179205,-2.0625204054,0.0086700096,-1,0.0089399325,0.0002070472"
2026-08-25T21:00:00.000-03:00,"CSV=1787702400000,0.008874,0.00906,0.00885,0.009026,35874925,0.00900308,0.0091668271,0.0088393329,1.786300764,3.637579641,19.636415909,21.9014968995,10.6086562389,0.009309,-1.741780971,28222582.2,1.2711425463,-2.1130309031,0.0086700096,-1,0.0089407889,0.0002073425"
2026-08-25T22:00:00.000-03:00,"CSV=1787706000000,0.009026,0.009085,0.008904,0.00896,23330163,0.00900402,0.0091673817,0.0088406583,1.7819891127,3.6286401986,19.3019271175,20.6436884045,10.1253438305,0.009309,-1.937178505,27898610.4,0.8362482097,-1.948674621,0.0086700096,-1,0.00894098,0.0002047082"
2026-08-25T23:00:00.000-03:00,"CSV=1787709600000,0.008958,0.009014,0.008871,0.008914,17584643,0.00900474,0.0091676234,0.0088418566,1.7767240643,3.6177251213,18.4070849765,20.756493769,9.8502518082,0.009309,-1.8281938326,26648452.2,0.6598748351,-1.7012427819,0.0086700096,-1,0.0089407116,0.0001985374"
2026-08-26T00:00:00.000-03:00,"CSV=1787713200000,0.00891,0.00897,0.008835,0.008906,15711088,0.00900328,0.0091667138,0.0088398462,1.782904838,3.6305387266,17.5825871957,21.0212246834,9.7874021962,0.009309,-0.7134894091,25899264.9,0.6066229316,-1.2784348669,0.0086700096,-1,0.0089403662,0.0001921837"
2026-08-26T01:00:00.000-03:00,"CSV=1787716800000,0.008907,0.009232,0.008901,0.009173,26706819,0.00900432,0.0091686625,0.0088399775,1.7924370199,3.6503034298,24.0648764277,18.808095597,9.9523282673,0.009309,0.5480653294,26177200.2,1.0202320644,-0.6659053038,0.0086700096,-1,0.0089426809,0.0002060653"
2026-08-26T02:00:00.000-03:00,"CSV=1787720400000,0.009173,0.009244,0.009082,0.009203,38607951,0.00900648,0.0091726992,0.0088402608,1.8121074116,3.691101548,23.1933710444,17.8240711608,10.1615253502,0.009309,1.4887516542,28874003.5,1.3371180411,0.219608696,0.0086700096,-1,0.0089452712,0.0002016588"
2026-08-26T03:00:00.000-03:00,"CSV=1787724000000,0.009206,0.009239,0.008951,0.009041,39057780,0.00900656,0.0091727948,0.0088403252,1.8122589324,3.6914158789,21.0914861083,20.3309264585,9.6064974333,0.009309,2.7853569804,26810039.4,1.4568341142,1.4990068204,0.0086700096,-1,0.0089462237,0.0002102929"
2026-08-26T04:00:00.000-03:00,"CSV=1787727600000,0.009042,0.009233,0.009033,0.009202,23135522,0.0090094,0.0091777234,0.0088410766,1.834042848,3.7366168501,19.7591492723,19.0466337305,9.0884713776,0.009309,4.4732061762,26059021.2,0.8878123941,2.3231271752,0.0086700096,-1,0.0089487687,0.0002092636"
2026-08-26T05:00:00.000-03:00,"CSV=1787731200000,0.009202,0.009303,0.009141,0.009238,49504851,0.00901244,0.0091834702,0.0088414098,1.8623699748,3.7954248014,20.9779486438,18.0567273216,8.981483763,0.009303,4.0901408451,29371104,1.6854950703,3.8467221938,0.0086700096,-1,0.0089516467,0.0002045372"
2026-08-26T06:00:00.000-03:00,"CSV=1787734800000,0.009241,0.01017,0.009221,0.009763,409887199,0.00902424,0.009223898,0.008824582,2.1645725518,4.4249258337,38.2895600827,13.6153386938,11.5518758717,0.01017,10.0180302006,67940094.1,6.033067873,22.710966847,0.0088585494,-1,0.0089597198,0.0002789835"
2026-08-26T07:00:00.000-03:00,"CSV=1787738400000,0.009763,0.009884,0.00905,0.009702,217904348,0.00903012,0.0092447603,0.0088154797,2.3217510185,4.7538751824,31.0892251837,14.9106726556,13.1264737787,0.01017,7.4894748504,86143036.4,2.5295642818,21.4556805883,0.0088585494,-1,0.0089671057,0.0003344852"
2026-08-26T08:00:00.000-03:00,"CSV=1787742000000,0.009701,0.009955,0.009604,0.009889,97450541,0.00903654,0.0092710532,0.0088020268,2.5295207607,5.1903320482,30.2402197993,13.7451367075,14.7514625863,0.01017,10.3683035714,93555074.2,1.0416382204,17.9037941524,0.0088585494,-1,0.0089762788,0.0003361366"
2026-08-26T09:00:00.000-03:00,"CSV=1787745600000,0.009894,0.009972,0.009393,0.009559,114457699,0.00904218,0.0092856292,0.0087987308,2.6217845231,5.3847454696,26.5695352382,16.5001942461,15.3266424177,0.01017,7.23580884,103242379.8,1.1086309636,14.6098100105,0.0088585494,-1,0.008982077,0.000360423"
2026-08-26T10:00:00.000-03:00,"CSV=1787749200000,0.009556,0.009586,0.009168,0.009353,74947299,0.00904858,0.0092958795,0.0088012805,2.660313118,5.4660400155,24.2890196299,19.7040920743,14.9996610214,0.01017,5.0190882551,109166000.9,0.6865443305,10.8884822023,0.0088585494,-1,0.0089857678,0.0003661807"
2026-08-26T11:00:00.000-03:00,"CSV=1787752800000,0.009345,0.009622,0.009254,0.009568,69157963,0.009058,0.0093157157,0.0088002843,2.7664611797,5.6903435033,23.2025109407,18.2282847675,14.8000908353,0.01017,4.3061157746,113411115.3,0.6097988087,8.1342762246,0.0088585494,-1,0.0089915611,0.0003663626"
2026-08-26T12:00:00.000-03:00,"CSV=1787756400000,0.009574,0.009709,0.009455,0.009659,63993410,0.00907286,0.0093430771,0.0088026429,2.8921638534,5.9566024086,23.7824078658,17.2716290922,14.8706878735,0.01017,4.9549060089,115949661.2,0.5519068304,6.3343996399,0.0088585494,-1,0.0089982023,0.0003551264"
2026-08-26T13:00:00.000-03:00,"CSV=1787760000000,0.009658,0.009713,0.009493,0.009624,41771507,0.00908584,0.0093664329,0.0088052471,2.9957284811,6.1764877653,22.7623492324,16.4695032021,14.9486516842,0.01017,6.4484017255,116221033.9,0.3594143469,4.9954824582,0.0088585494,-1,0.0090044292,0.0003416137"
2026-08-26T14:00:00.000-03:00,"CSV=1787763600000,0.009622,0.009798,0.00956,0.009656,35956744,0.00910136,0.0093914389,0.0088112811,3.0887585312,6.3744071057,23.4239420152,15.6282309745,15.2828947537,0.01017,4.933710063,117503156.1,0.3060066231,3.8335709574,0.0088585494,-1,0.0090109125,0.0003312523"
2026-08-26T15:00:00.000-03:00,"CSV=1787767200000,0.009651,0.009767,0.009643,0.009689,27972601,0.00912008,0.0094171905,0.0088229695,3.1549799758,6.5155234105,22.7745400198,15.1949561494,15.5948549518,0.01017,4.8820090929,115349931.1,0.2425021041,2.950346464,0.0088585494,-1,0.0090176596,0.0003105271"
2026-08-26T16:00:00.000-03:00,"CSV=1787770800000,0.009688,0.009749,0.009454,0.009517,37731885,0.00913326,0.0094330568,0.0088334632,3.1781509642,6.5649458172,21.2713553065,18.4207032606,15.0339926475,0.01017,-2.5197173,78134399.7,0.4829100261,1.561298727,0.0088585494,-1,0.0090226282,0.0003089744"
2026-08-26T17:00:00.000-03:00,"CSV=1787774400000,0.009509,0.009663,0.009425,0.009568,29486716,0.00914454,0.0094498213,0.0088392587,3.2305513099,6.6768000719,20.1232567545,18.0841310724,14.3875260162,0.01017,-1.381158524,59292636.5,0.4973082281,0.8119119852,0.0088585494,-1,0.0090280547,0.000301877"
2026-08-26T18:00:00.000-03:00,"CSV=1787778000000,0.009572,0.009606,0.00935,0.009452,24926269,0.00915542,0.0094617693,0.0088490707,3.2377596372,6.6921965119,18.9448341958,18.7407519439,13.4644602338,0.01017,-4.4190514713,52040209.3,0.4789809521,-0.1642725036,0.0088585494,-1,0.0090322731,0.0002972893"
2026-08-26T19:00:00.000-03:00,"CSV=1787781600000,0.009448,0.009472,0.009318,0.009406,18218003,0.00916312,0.0094708294,0.0088554106,3.2490225773,6.7162578897,18.2557895251,18.8148933206,12.6673768938,0.01017,-1.6005858353,42416239.7,0.4295053765,-0.3386684097,0.0088585494,-1,0.0090359918,0.0002829603"
2026-08-26T20:00:00.000-03:00,"CSV=1787785200000,0.009404,0.009476,0.009373,0.009434,23730456,0.00917204,0.0094810055,0.0088630745,3.258784073,6.7371162163,17.8907095002,18.336963942,11.9050054617,0.01017,0.8660322891,37294555.4,0.6362981337,-0.04209403,0.0088585494,-1,0.0090399521,0.0002649643"
2026-08-26T21:00:00.000-03:00,"CSV=1787788800000,0.009431,0.009603,0.009363,0.009537,37148405,0.00918314,0.0094950343,0.0088712457,3.2848153098,6.7927602481,19.9794573126,17.2434522604,11.6013601377,0.01017,-0.3239966555,34093599.6,1.0896005536,-0.1457383318,0.0088585494,-1,0.0090448978,0.0002624679"
2026-08-26T22:00:00.000-03:00,"CSV=1787792400000,0.009537,0.010024,0.009477,0.009957,83766875,0.0092028,0.0095314243,0.0088741757,3.4477989115,7.1418338942,27.2231432245,15.0515705077,12.7473771122,0.01017,3.0852055078,36070946.1,2.3222810615,2.2910792194,0.0088777367,-1,0.0090539735,0.0002909211"
2026-08-26T23:00:00.000-03:00,"CSV=1787796000000,0.009957,0.0104,0.009871,0.010297,158857978,0.00922996,0.0095902515,0.0088696685,3.756851332,7.8070000494,32.3270348513,13.2998271907,14.6776697659,0.0104,6.9929343308,47779593.2,3.3248080898,9.2774410246,0.0091913131,-1,0.0090663419,0.000314729"
2026-08-27T00:00:00.000-03:00,"CSV=1787799600000,0.010297,0.010413,0.010074,0.010266,136626615,0.00925864,0.0096424206,0.0088748594,3.9801271667,8.2902154508,30.2187217127,12.3156920857,16.5052046632,0.010413,6.3173156587,57846580.3,2.3618788577,11.1585387802,0.0092920318,-1,0.0090782788,0.0003171561"
2026-08-27T01:00:00.000-03:00,"CSV=1787803200000,0.010269,0.010519,0.010006,0.010331,125888314,0.00928716,0.0096957821,0.0088785379,4.2144319601,8.7997222261,29.1950623902,10.9964022025,18.4235185501,0.010519,6.6260708019,67638151.6,1.8612027535,11.5498462606,0.0092920318,-1,0.0090907437,0.0003367405"
2026-08-27T02:00:00.000-03:00,"CSV=1787806800000,0.010331,0.01049,0.010152,0.010415,95271313,0.0093187,0.0097515774,0.0088858226,4.4390501095,9.2905106418,27.1425112133,10.22330304,20.2139448446,0.010519,9.4357465588,73392094.4,1.2981141059,11.7827894096,0.0093104007,-1,0.0091039203,0.0003368664"
2026-08-27T03:00:00.000-03:00,"CSV=1787810400000,0.010414,0.01113,0.010389,0.01083,212476906,0.00935682,0.009834831,0.008878809,4.8603884654,10.2173813558,35.5369808471,8.7743214757,22.8928094873,0.01113,13.1897993311,91691113.4,2.3173118759,18.0434858168,0.0096276607,-1,0.0091210953,0.0003772798"
2026-08-27T04:00:00.000-03:00,"CSV=1787814000000,0.01083,0.011279,0.010783,0.01112,202844395,0.00940372,0.0099344748,0.0088729652,5.3425554141,11.2881885572,35.0298100344,7.9647241643,25.5632929781,0.011279,17.6470588235,109482926,1.8527491218,22.9275147905,0.0098635446,-1,0.0091409849,0.0003891518"
2026-08-27T05:00:00.000-03:00,"CSV=1787817600000,0.01113,0.011175,0.010284,0.01095,262541507,0.00944598,0.010012823,0.008879137,5.6611706223,12.0017826373,29.7470728714,15.2094523696,26.014877737,0.011279,16.4150542207,133915276.4,1.9605045373,26.0122726204,0.0098635446,-1,0.009158985,0.0004393366"
2026-08-27T06:00:00.000-03:00,"CSV=1787821200000,0.010955,0.011452,0.010925,0.011146,166255183,0.0094953,0.0100994071,0.0088911929,5.9816094133,12.7243390915,31.7372438745,13.8826960331,26.8897256307,0.011452,18.1471274115,148167749.1,1.1220740276,24.1289885285,0.0098635446,-1,0.0091787563,0.000448103"
2026-08-27T07:00:00.000-03:00,"CSV=1787824800000,0.011144,0.011253,0.010765,0.010903,153094134,0.0095354,0.0101645537,0.0089062463,6.1896836281,13.1961683266,29.2092799361,15.3884697797,27.1630724,0.011452,14.32316242,159762322,0.9582618235,20.6611055985,0.0098635446,-1,0.009195913,0.0004520927"
2026-08-27T08:00:00.000-03:00,"CSV=1787828400000,0.010904,0.01105,0.010436,0.011036,144231110,0.00957538,0.0102343974,0.0089163626,6.4392400444,13.764830571,26.3769843265,19.0920316538,26.4203205944,0.011452,10.8365973687,165808745.5,0.86986431,16.9161934967,0.0098635446,-1,0.0092142223,0.0004682834"
2026-08-27T09:00:00.000-03:00,"CSV=1787832000000,0.011036,0.01112,0.010724,0.011063,91828557,0.0096145,0.0103019927,0.0089270073,6.6733955793,14.3011644336,25.8306338271,17.8931027709,25.8692209538,0.011452,7.4390599204,159105803.4,0.5771540386,12.70862349,0.0098635446,-1,0.0092326181,0.0004610551"
2026-08-27T10:00:00.000-03:00,"CSV=1787835600000,0.011056,0.011338,0.010966,0.011273,92149291,0.0096544,0.0103781417,0.0089306583,6.9737118222,14.9929916774,27.7788257432,16.8293986256,25.7809901374,0.011452,9.8090785116,154658071,0.595825943,10.4205834781,0.0098635446,-1,0.0092529204,0.0004521496"
2026-08-27T11:00:00.000-03:00,"CSV=1787839200000,0.011268,0.011557,0.01093,0.01111,219340908,0.00969558,0.0104420382,0.0089491218,7.1485871363,15.3979070772,28.4719417217,15.1978325224,26.0886948055,0.011557,7.5404123512,164003330.4,1.3374174016,10.3086152167,0.0098635446,-1,0.0092713988,0.0004696346"
2026-08-27T12:00:00.000-03:00,"CSV=1787842800000,0.011109,0.01112,0.01067,0.010948,115166551,0.00973202,0.0104940926,0.0089699474,7.2619199802,15.6611393694,26.4966330758,18.1519174538,25.5954337819,0.011557,5.117618819,165992854.2,0.6938042698,8.0559520737,0.0098635446,-1,0.0092880814,0.0004676711"
2026-08-27T13:00:00.000-03:00,"CSV=1787846400000,0.010952,0.01108,0.010721,0.010907,67425690,0.00976644,0.010541823,0.008991057,7.3553023799,15.8785177542,25.0133149999,17.1357480713,25.1350568264,0.011557,0.7109879963,151487732.6,0.4450900997,5.4761192885,0.0098635446,-1,0.00930419,0.000456804"
2026-08-27T14:00:00.000-03:00,"CSV=1787850000000,0.010907,0.011039,0.010822,0.010895,43978100,0.0098016,0.0105874318,0.0090157682,7.4223077017,16.0347650009,24.1381769385,16.5362215652,24.7053716681,0.011557,-2.023381295,135601103.1,0.3243196331,3.4320054326,0.0098635446,-1,0.009320019,0.0004328236"
2026-08-27T15:00:00.000-03:00,"CSV=1787853600000,0.010897,0.0112,0.010848,0.011144,50603957,0.00984288,0.0106437883,0.0090419717,7.5246547645,16.2738614174,25.3763410317,15.5883456254,24.6512628389,0.011557,1.7716894977,114407348.1,0.4423138709,2.5492179017,0.0098635446,-1,0.0093381681,0.0004247413"
2026-08-27T16:00:00.000-03:00,"CSV=1787857200000,0.011142,0.011691,0.011087,0.011624,134068462,0.00989596,0.0107247218,0.0090671982,7.7275827699,16.749496766,30.7070926058,14.1022055176,25.4782979208,0.011691,4.2885340032,111188676,1.2057744262,3.4231468101,0.0100609986,-1,0.0093609127,0.0004426671"
2026-08-27T17:00:00.000-03:00,"CSV=1787860800000,0.01163,0.011631,0.011342,0.011524,86717990,0.00994398,0.0107958022,0.0090921578,7.8903094349,17.1324198062,29.2762266309,13.4450815657,26.2501973305,0.011691,5.695680088,104551061.6,0.8294319414,3.8568242044,0.0102045987,-1,0.0093824359,0.0004273004"
2026-08-27T18:00:00.000-03:00,"CSV=1787864400000,0.011524,0.012,0.011424,0.011814,118706785,0.0099989,0.0108804767,0.0091173233,8.1023722712,17.6334742722,32.4243991788,12.2282959607,27.5154711069,0.012,7.0496556723,101998629.1,1.1638076516,5.3060305405,0.0103854889,-1,0.0094066306,0.0004421704"
2026-08-27T19:00:00.000-03:00,"CSV=1787868000000,0.011823,0.01192,0.011646,0.011845,79697378,0.01005988,0.0109613684,0.0091583916,8.2242321576,17.9224480512,30.9947481643,11.6891280449,28.6963932982,0.012,7.0686070686,100785511.2,0.7907622539,5.4005495796,0.01050694,-1,0.009430893,0.0004253533"
2026-08-27T20:00:00.000-03:00,"CSV=1787871600000,0.011845,0.012858,0.01178,0.012017,435359532,0.01012406,0.0110480863,0.0092000337,8.3636771278,18.2540653436,39.7745555678,9.8570766442,30.8019040844,0.012858,6.5998403264,135106535.3,3.2223425094,10.6893483995,0.010847146,-1,0.0094566254,0.000490618"
2026-08-27T21:00:00.000-03:00,"CSV=1787875200000,0.012012,0.012088,0.011311,0.01167,228558167,0.01017996,0.0111112469,0.0092486731,8.3814797952,18.2964749407,35.4801199254,15.3098868277,31.3959768456,0.012858,5.0405040504,136028261.2,1.6802256015,9.949293583,0.010847146,-1,0.009478649,0.0005192562"
2026-08-27T22:00:00.000-03:00,"CSV=1787878800000,0.011664,0.012244,0.011439,0.012194,141359009,0.01024636,0.0112002483,0.0092924717,8.5166709308,18.6190664844,33.7569100498,13.6713700703,32.1261977351,0.012858,11.3810741688,138647507,1.0195568031,10.500746254,0.010847146,-1,0.0095056674,0.0005478306"
2026-08-27T23:00:00.000-03:00,"CSV=1787882400000,0.012194,0.01275,0.011587,0.012134,338224499,0.01030852,0.0112819249,0.0093351151,8.6280038453,18.8854445748,35.1427515383,11.728405284,33.3147646207,0.012858,11.2496561841,165727387.9,2.0408485482,14.6534456665,0.010847146,-1,0.00953182,0.0006093475"
2026-08-28T00:00:00.000-03:00,"CSV=1787886000000,0.012126,0.012182,0.010238,0.010475,421584457,0.01033882,0.0112931696,0.0093844704,8.4506800721,18.4614808253,28.0127659473,23.4277669099,31.6879938355,0.012858,-3.8549793483,203488023.6,2.0717900225,7.1067278607,0.0122289709,1,0.0095412049,0.0007428128"
2026-08-28T01:00:00.000-03:00,"CSV=1787889600000,0.010481,0.0112,0.010427,0.01096,167734796,0.01037974,0.0113158083,0.0094436717,8.2722175964,18.0364495459,25.7840700233,21.5638535527,30.1696744361,0.012858,-1.6511127064,215201107.5,0.7794327731,4.3088414553,0.0122289709,1,0.0095553222,0.0007458315"
2026-08-28T02:00:00.000-03:00,"CSV=1787893200000,0.01096,0.011041,0.010363,0.010476,120422702,0.01041114,0.0113232721,0.0094990079,8.0553757637,17.5222332587,23.990387747,20.7204185251,28.6459360947,0.012858,-9.8761183758,213836531.5,0.5631530831,1.0186387993,0.0122289709,1,0.0095644832,0.0007390483"
2026-08-28T03:00:00.000-03:00,"CSV=1787896800000,0.010473,0.010708,0.010287,0.010542,90938204,0.01043852,0.0113334602,0.0095435798,7.8964430008,17.1468795736,22.9291851797,20.60239374,27.0925447269,0.012858,-8.5213467546,214258552.9,0.4244320834,-0.5264851194,0.0122289709,1,0.0095742097,0.0007072435"
2026-08-28T04:00:00.000-03:00,"CSV=1787900400000,0.01054,0.010957,0.010327,0.010912,90437361,0.0104727,0.011352304,0.009593096,7.7482421799,16.7980369436,24.0281712113,19.2379914813,26.0244699208,0.012858,-7.635009311,211431610.5,0.4277381267,-1.4395849396,0.0122289709,1,0.0095875211,0.0006995192"
2026-08-28T05:00:00.000-03:00,"CSV=1787904000000,0.010906,0.011082,0.010824,0.010986,75449730,0.0105116,0.0113697749,0.0096534251,7.5478622153,16.3281507515,24.7177732286,18.6947574587,25.214432644,0.012858,-7.2520050654,211006845.7,0.3575700577,-1.8240899164,0.0122289709,1,0.0096014363,0.0006553672"
2026-08-28T06:00:00.000-03:00,"CSV=1787907600000,0.010984,0.011232,0.010809,0.011119,69437373,0.01054994,0.0113914101,0.0097084699,7.3868827176,15.9521306146,25.2254886577,17.8112591139,24.6819819031,0.012858,-7.4727469418,174414629.8,0.3981166779,-2.2077350068,0.0122289709,1,0.0096165364,0.0006321305"
2026-08-28T07:00:00.000-03:00,"CSV=1787911200000,0.011121,0.011159,0.010964,0.011065,49196267,0.01058648,0.011409656,0.009763304,7.214731312,15.5514585753,24.6500990143,17.4049869434,24.1850278783,0.012858,-5.1842330763,156478439.8,0.3143964566,-2.0151248409,0.0122289709,1,0.009630949,0.0005884175"
2026-08-28T08:00:00.000-03:00,"CSV=1787914800000,0.011063,0.01109,0.010335,0.010429,86977525,0.0105998,0.011414892,0.009784708,7.1406019013,15.3793844187,22.5192533143,23.1021687194,22.6578742202,0.012858,-14.4743316385,151040291.4,0.5758564433,-4.1217956061,0.0122289709,1,0.0096388898,0.0006050757"
2026-08-28T09:00:00.000-03:00,"CSV=1787918400000,0.010433,0.010498,0.010064,0.010166,119942628,0.01060908,0.0114165028,0.0098016572,7.0724180876,15.2213539663,21.3809292622,25.0907749427,21.6795506398,0.012858,-16.218889072,129212104.3,0.9282615483,-7.7663207648,0.0120449044,1,0.0096441347,0.0005879681"
2026-08-28T10:00:00.000-03:00,"CSV=1787922000000,0.010166,0.010371,0.009939,0.010308,95472879,0.01061746,0.0114195224,0.0098153976,7.0236069931,15.108366255,20.2872443357,25.2874255879,20.9656742108,0.012858,-1.5942720764,96600946.5,0.988322397,-5.7027654432,0.011872114,1,0.0096507403,0.0005723713"
2026-08-28T11:00:00.000-03:00,"CSV=1787925600000,0.010304,0.010809,0.010294,0.010783,118634843,0.01064194,0.0114298779,0.0098540021,6.893668371,14.8081623459,24.2589889719,23.7365734903,19.640527011,0.012858,-1.6149635036,91690951.2,1.2938555162,-4.4983534414,0.011872114,1,0.0096620066,0.0005666342"
2026-08-28T12:00:00.000-03:00,"CSV=1787929200000,0.010783,0.011449,0.010757,0.011394,113776392,0.01068276,0.0114555888,0.0099099312,6.7463037524,14.468710676,29.7942150601,21.8108234522,19.3625037815,0.012858,8.7628865979,91026320.2,1.2499285014,0.6520916103,0.011872114,1,0.0096792403,0.0005791708"
2026-08-28T13:00:00.000-03:00,"CSV=1787932800000,0.011396,0.011444,0.010693,0.011048,205818712,0.01071236,0.0114701215,0.0099545985,6.606394385,14.1474233519,27.22583028,20.6652692878,18.9849311918,0.012858,4.7998482261,102514371,2.007705944,3.6469556782,0.011872114,1,0.0096928598,0.0005963537"
2026-08-28T14:00:00.000-03:00,"CSV=1787936400000,0.011049,0.011144,0.010752,0.01094,58595138,0.01073798,0.0114812102,0.0099947498,6.4734480756,13.843016646,25.9736400513,19.7148171616,18.6325301082,0.012858,0.2565982405,99330148.7,0.5899028519,2.4817597967,0.011872114,1,0.0097052692,0.0005759183"
2026-08-28T15:00:00.000-03:00,"CSV=1787940000000,0.010938,0.011334,0.010863,0.011211,66706740,0.01076972,0.0114984446,0.0100409954,6.3375931549,13.5328428307,26.7766914887,18.6127746201,18.589452702,0.012858,2.0480611688,98455849.7,0.6775294734,2.1170471329,0.011872114,1,0.0097202516,0.0005654265"
2026-08-28T16:00:00.000-03:00,"CSV=1787943600000,0.011212,0.0113,0.011041,0.011105,41965811,0.0107987,0.011511189,0.010086211,6.1895343446,13.195829061,25.9229391113,18.0193218932,18.5492471229,0.01275,-0.1259106035,95708693.5,0.43847439,1.3929618969,0.011872114,1,0.0097340302,0.0005347838"
2026-08-28T17:00:00.000-03:00,"CSV=1787947200000,0.011109,0.011315,0.01097,0.010982,30277754,0.01082456,0.0115195529,0.0101295671,6.0331586034,12.8410373568,24.7946620497,18.1307609288,18.3475885912,0.01275,-0.7501129688,93816842.2,0.3227326063,0.8479459601,0.011872114,1,0.0097464478,0.0005158055"
2026-08-28T18:00:00.000-03:00,"CSV=1787950800000,0.010984,0.011147,0.010857,0.011132,31280976,0.01085686,0.0115274329,0.0101862871,5.8171916334,12.3529797727,23.8594003085,18.9166538935,17.8947451986,0.01275,6.7408188705,88247187.3,0.3544699492,1.361769881,0.011872114,1,0.0097602344,0.0004932249"
2026-08-28T19:00:00.000-03:00,"CSV=1787954400000,0.011131,0.011247,0.011053,0.011112,26008515,0.01088774,0.0115333352,0.0102421448,5.5976450207,11.8591215694,24.5882400478,18.4186868565,17.6581279983,0.012182,9.3055282314,78853776,0.3298322074,1.9309342265,0.011872114,1,0.0097736848,0.0004633024"
2026-08-28T20:00:00.000-03:00,"CSV=1787958000000,0.011111,0.011379,0.011049,0.011312,23880978,0.01092494,0.0115395799,0.0103103001,5.3263629423,11.2520509571,25.2937972975,17.5754711509,17.6812083785,0.011449,9.740007761,71694585.9,0.3330931855,2.3687328883,0.011872114,1,0.0097889914,0.0004499722"
2026-08-28T21:00:00.000-03:00,"CSV=1787961600000,0.011312,0.011615,0.011296,0.011543,65154165,0.01096768,0.0115485861,0.0103867739,5.0301058108,10.593053417,27.4978274786,16.7798469505,18.1162135565,0.011615,7.0481313178,66346518.1,0.9820283998,3.8863102986,0.011872114,1,0.0098064442,0.000436875"
2026-08-28T22:00:00.000-03:00,"CSV=1787965200000,0.011542,0.011789,0.011478,0.011565,59053659,0.0110103,0.0115541086,0.0104664914,4.7066251348,9.8781791314,28.7824097531,16.0222179788,18.8071079226,0.011789,1.5007898894,60874244.8,0.9700926754,3.0761752921,0.011872114,1,0.0098239423,0.0004242875"
2026-08-28T23:00:00.000-03:00,"CSV=1787968800000,0.011566,0.011897,0.011524,0.011867,46502850,0.0110569,0.0115715092,0.0105422908,4.447209183,9.3083815657,28.7918427484,15.1435822388,19.6242583531,0.011897,7.4131064446,44942658.6,1.0347151559,4.6076013916,0.011872114,1,0.0098442712,0.0004191587"
2026-08-29T00:00:00.000-03:00,"CSV=1787972400000,0.011867,0.012183,0.011666,0.012047,123239255,0.0110987,0.011607115,0.010590285,4.3802009396,9.1617028746,30.7895064664,14.0031805491,20.8143474542,0.012183,10.1188299817,51407070.3,2.3973211132,11.1577625132,0.0106376715,-1,0.0098661889,0.0004289428"
2026-08-29T01:00:00.000-03:00,"CSV=1787976000000,0.012046,0.012365,0.011779,0.01227,111919036,0.01113816,0.0116592292,0.0106170908,4.4691563711,9.3564679245,30.8120053676,12.8298481963,22.1736527095,0.012365,9.4460797431,55928299.9,2.0011163615,13.7394099174,0.0107380543,-1,0.0098901074,0.0004446486"
2026-08-29T02:00:00.000-03:00,"CSV=1787979600000,0.012276,0.012277,0.011617,0.011988,106708213,0.0111726,0.01169179,0.01065341,4.4406375927,9.2939874875,27.9826189826,13.9056618833,22.9358062403,0.012365,7.9513732553,62402540.1,1.7099979076,13.6918838213,0.0107380543,-1,0.009910982,0.0004661837"
2026-08-29T03:00:00.000-03:00,"CSV=1787983200000,0.011983,0.012789,0.011923,0.012309,369495105,0.01121216,0.0117409847,0.0106833353,4.5040916372,9.4330567967,31.5429843191,12.3157588077,24.3293511399,0.012789,12.0834092151,96324275.2,3.8359500161,24.5783738051,0.010837504,-1,0.0099348429,0.0005061653"
2026-08-29T04:00:00.000-03:00,"CSV=1787986800000,0.012311,0.012468,0.012003,0.012182,154874296,0.0112475,0.011780894,0.010714106,4.5276191232,9.4846678834,29.5962194212,11.5556567611,25.6299930462,0.012789,9.4322673374,108683607.2,1.425001433,20.8659140274,0.010837504,-1,0.0099572026,0.0005020488"
2026-08-29T05:00:00.000-03:00,"CSV=1787990400000,0.012185,0.012331,0.011706,0.01173,148638000,0.0112655,0.0117996865,0.0107313135,4.5271241587,9.4835818421,27.1804388756,14.4912330756,25.9513559102,0.012789,5.5615550756,120946555.7,1.2289560388,16.1889115833,0.010837504,-1,0.0099748424,0.0005143439"
2026-08-29T06:00:00.000-03:00,"CSV=1787994000000,0.011726,0.012076,0.011164,0.011984,166117573,0.01128278,0.0118258804,0.0107396796,4.592473057,9.6270665515,24.1043761863,19.5770201452,24.9122318346,0.012789,5.9405940594,135170215.2,1.2289510138,13.2261740861,0.010837504,-1,0.009994834,0.0005541095"
2026-08-29T07:00:00.000-03:00,"CSV=1787997600000,0.011984,0.012107,0.011689,0.011931,92403208,0.0113024,0.0118508177,0.0107539823,4.6276783322,9.7044472679,23.2257559735,18.5463002245,23.9982403206,0.012789,3.3613445378,137895119.5,0.6700977405,9.568259184,0.010837504,-1,0.0100140994,0.0005404986"
2026-08-29T08:00:00.000-03:00,"CSV=1788001200000,0.011929,0.01201,0.010874,0.011117,129476449,0.01130182,0.0118504181,0.0107532219,4.6293567318,9.708137794,20.138414725,25.6175979353,23.196676497,0.012789,-3.8737570255,144937398.5,0.8933267075,5.2253292529,0.010837504,-1,0.0100250735,0.0006000487"
2026-08-29T09:00:00.000-03:00,"CSV=1788004800000,0.011114,0.01135,0.010822,0.011252,113522283,0.0113088,0.0118544919,0.0107631081,4.6032502368,9.6507485806,18.8880931991,24.6385505869,22.5309880844,0.012789,-5.1824386955,151639341.8,0.748633446,2.1903038555,0.010837504,-1,0.0100372817,0.0005928438"
2026-08-29T10:00:00.000-03:00,"CSV=1788008400000,0.011248,0.0117,0.011132,0.01158,112672198,0.01131968,0.0118652475,0.0107741125,4.5980288273,9.6392742639,21.7417827904,22.9931468567,21.2154079666,0.012789,-3.8764837719,150582636.1,0.7482416361,0.4933537171,0.010837504,-1,0.0100526322,0.0005903595"
2026-08-29T11:00:00.000-03:00,"CSV=1788012000000,0.011592,0.01165,0.010866,0.01141,104665867,0.01132662,0.0118710841,0.0107821559,4.5864735684,9.613885452,19.7875336143,23.9760719768,20.4391024748,0.012789,-7.0089649552,149857319.2,0.6984368035,-1.3028705483,0.010837504,-1,0.0100661383,0.0006097235"
2026-08-29T12:00:00.000-03:00,"CSV=1788015600000,0.011407,0.011484,0.011168,0.011353,51646391,0.01132822,0.0118726418,0.0107837982,4.5855149173,9.6117794134,19.0481467079,23.0801748916,19.7145506824,0.012789,-5.2969636303,144351137,0.3577830565,-1.5003016447,0.010837504,-1,0.0100789429,0.0005803512"
2026-08-29T13:00:00.000-03:00,"CSV=1788019200000,0.011354,0.011655,0.011063,0.011263,58935680,0.01133128,0.011874896,0.010787664,4.5778590852,9.5949620105,19.7344727375,21.4698726215,18.6810267325,0.012789,-8.4978471037,113295194.5,0.5201957617,-2.4737157788,0.010837504,-1,0.0100907246,0.000581516"
2026-08-29T14:00:00.000-03:00,"CSV=1788022800000,0.011264,0.011489,0.011168,0.011369,29256474,0.0113397,0.0118805677,0.0107988323,4.5525407285,9.5393649307,18.965724222,20.6335222956,17.7164043793,0.012789,-6.6737809883,100733412.3,0.2904346565,-2.2952429488,0.010837504,-1,0.0101034437,0.0005554644"
2026-08-29T15:00:00.000-03:00,"CSV=1788026400000,0.011367,0.011367,0.011182,0.011297,19340599,0.0113475,0.0118848722,0.0108101278,4.5214807417,9.4711999659,18.5155352711,20.1437448609,16.8160901829,0.012789,-3.6913895993,87803672.2,0.2202709581,-1.8011972738,0.010837504,-1,0.0101153199,0.000518618"
2026-08-29T16:00:00.000-03:00,"CSV=1788030000000,0.011297,0.011574,0.01121,0.011486,49077258,0.01135932,0.0118930968,0.0108255432,4.4881230825,9.3980418507,20.3246191055,19.1935686948,15.8858242311,0.012789,-4.155540721,76099640.7,0.6449078806,-2.0941118356,0.010837504,-1,0.0101289585,0.0005031562"
2026-08-29T17:00:00.000-03:00,"CSV=1788033600000,0.011488,0.011542,0.011283,0.011302,24308599,0.01136248,0.0118954398,0.0108295202,4.4803708643,9.3810474452,19.6191065452,18.5273174002,15.0175760093,0.012789,-5.2719805549,69290179.8,0.350823148,-2.0125854951,0.010837504,-1,0.0101406306,0.0004787406"
2026-08-29T18:00:00.000-03:00,"CSV=1788037200000,0.011303,0.011311,0.01096,0.011059,26739577,0.01135118,0.0118844648,0.0108178952,4.4872424962,9.3961112911,18.677701873,22.0539297376,14.5690014799,0.012789,-0.5217234866,59016492.6,0.4530865157,-1.4205189557,0.010837504,-1,0.0101497686,0.0004659665"
2026-08-29T19:00:00.000-03:00,"CSV=1788040800000,0.011057,0.011264,0.01095,0.011206,17250935,0.01134482,0.011877902,0.010811738,4.4880145679,9.3978039459,17.8564470575,21.2242540683,14.1722394213,0.012789,-0.4088162105,49389357.8,0.3492844566,-0.9946103531,0.010837504,-1,0.0101602783,0.0004507699"
2026-08-29T20:00:00.000-03:00,"CSV=1788044400000,0.011205,0.011265,0.011113,0.01117,15773248,0.01133194,0.0118612973,0.0108025827,4.4628953594,9.3427477758,17.4729776984,20.7510252201,13.799149299,0.012789,-3.5405872193,39699462.8,0.397316409,-1.131984702,0.010837504,-1,0.0101703253,0.0004208929"
2026-08-29T21:00:00.000-03:00,"CSV=1788048000000,0.011169,0.011415,0.01115,0.011282,29952845,0.01132068,0.0118449677,0.0107963923,4.4262486507,9.2624775907,19.0375713967,19.9213226148,13.030433991,0.012789,-1.1218229623,32228160.6,0.9293997685,-1.1021971351,0.010837504,-1,0.0101813868,0.0004053036"
2026-08-29T22:00:00.000-03:00,"CSV=1788051600000,0.011278,0.011389,0.011054,0.011132,25361414,0.01130298,0.0118183237,0.0107876363,4.3605479566,9.1187221662,18.0595422658,20.3700914957,12.5625660869,0.012789,-1.9466220382,29599662.9,0.8568142849,-1.2907626133,0.010837504,-1,0.0101908456,0.0003982732"
2026-08-29T23:00:00.000-03:00,"CSV=1788055200000,0.011132,0.011455,0.011118,0.011371,29086522,0.011297,0.0118097785,0.0107842215,4.3419824451,9.0781359598,18.1395553013,19.3013416596,11.9319275155,0.012468,0.9588919471,26614747.1,1.0928723798,-0.5111929008,0.010837504,-1,0.0102025884,0.0003921459"
2026-08-30T00:00:00.000-03:00,"CSV=1788058800000,0.011377,0.01154,0.011206,0.011316,28989148,0.01127944,0.0117759765,0.0107829035,4.2165207353,8.8042755758,18.5253063367,18.2827405011,11.1803991606,0.012331,-0.4661799631,26588014.5,1.0903088683,-0.5102219832,0.010837504,-1,0.0102136671,0.0003863313"
2026-08-30T01:00:00.000-03:00,"CSV=1788062400000,0.011316,0.011452,0.011211,0.011247,18464241,0.0112617,0.0117429997,0.0107804003,4.0986092242,8.5475490835,17.7991185151,17.5660612055,10.478972696,0.012107,-0.4425953793,26500378.7,0.6967538543,-0.4429413343,0.010837504,-1,0.0102239491,0.0003717982"
2026-08-30T02:00:00.000-03:00,"CSV=1788066000000,0.011244,0.011532,0.011135,0.011416,32306587,0.01128052,0.0117489145,0.0108121255,3.986704491,8.3044842277,17.9513158125,16.4293732776,10.0754902872,0.012107,-0.6094375762,24823311.6,1.3014616068,-0.5596807586,0.010837504,-1,0.0102358103,0.0003743184"
2026-08-30T03:00:00.000-03:00,"CSV=1788069600000,0.011418,0.011424,0.011273,0.011339,21439164,0.0112881,0.0117543078,0.0108218922,3.9662716382,8.2601638109,17.4900952154,16.007255733,9.6989067057,0.01201,0.3273756857,24536368.1,0.8737708822,-0.2777700585,0.010837504,-1,0.0102467873,0.0003519865"
2026-08-30T04:00:00.000-03:00,"CSV=1788073200000,0.011335,0.011397,0.011216,0.011228,25802764,0.01130314,0.0117548098,0.0108514702,3.8424253505,7.991934831,16.9314060088,16.5018784824,9.13796161,0.0117,1.5281671037,24442686.8,1.0556435228,0.352553196,0.010837504,-1,0.0102565506,0.0003348879"
2026-08-30T05:00:00.000-03:00,"CSV=1788076800000,0.011231,0.011252,0.010851,0.011144,73360178,0.01131518,0.0117542477,0.0108761123,3.7353962225,7.7606847709,15.738080585,21.7540876167,9.5984999427,0.0117,-0.5532750312,30053611.1,2.440977151,-0.2151417725,0.010837504,-1,0.0102653809,0.0003414991"
2026-08-30T06:00:00.000-03:00,"CSV=1788080400000,0.011145,0.011325,0.01094,0.011069,39589797,0.01131832,0.0117550483,0.0108815917,3.7152404602,7.7171932048,15.9559530476,20.2835080782,9.7547035853,0.011655,-0.9042076992,32435266,1.2205787676,-0.5113134214,0.010837504,-1,0.0102733771,0.0003458492"
2026-08-30T07:00:00.000-03:00,"CSV=1788084000000,0.011065,0.01115,0.010979,0.011032,19774226,0.01131924,0.0117553152,0.0108831648,3.7096006303,7.7050269904,15.4586536682,19.6513317394,9.9004936518,0.011655,-2.2159191633,31417404.1,0.6294035604,-0.8057780846,0.010837504,-1,0.0102809256,0.0003283643"
2026-08-30T08:00:00.000-03:00,"CSV=1788087600000,0.011032,0.01112,0.01101,0.011048,13031182,0.01131782,0.0117546599,0.0108809801,3.7163126287,7.7195062428,15.1335691176,19.2380781351,10.0365643805,0.011655,-0.754581387,30184380.9,0.4317193731,-0.6457745242,0.010837504,-1,0.0102885582,0.0003065278"
2026-08-30T09:00:00.000-03:00,"CSV=1788091200000,0.011052,0.01115,0.010815,0.010912,34650204,0.01131476,0.01175389,0.01087563,3.7360399659,7.7620741233,14.1618096913,21.740483012,10.7747375908,0.011574,-4.0365842934,30740749.1,1.1271750043,-1.9471619889,0.010837504,-1,0.0102947616,0.0003093751"
2026-08-30T10:00:00.000-03:00,"CSV=1788094800000,0.01091,0.011035,0.010873,0.010926,19274469,0.0113247,0.0117490438,0.0109003562,3.6117304113,7.4941285423,13.7058191589,21.0404697624,11.4636992538,0.011574,-3.446447508,29769281.2,0.6474616861,-2.0419222308,0.010837504,-1,0.0103010426,0.0002946375"
2026-08-30T11:00:00.000-03:00,"CSV=1788098400000,0.010926,0.011138,0.010913,0.01104,24908815,0.01134218,0.0117352849,0.0109490751,3.3497687507,6.9317345803,15.1722696099,20.0784204301,11.6273116972,0.011574,-1.8404907975,30413738.6,0.8189987863,-1.8637347303,0.010837504,-1,0.0103083954,0.0002876738"
2026-08-30T12:00:00.000-03:00,"CSV=1788102000000,0.011042,0.011779,0.011034,0.01176,48632182,0.01137122,0.0117397157,0.0110027243,3.1388806244,6.4811983273,25.0633623443,17.2760622195,12.07832763,0.011779,3.0133146461,32046298.1,1.5175600579,0.2818054961,0.010837504,-1,0.0103228392,0.0003334064"
2026-08-30T13:00:00.000-03:00,"CSV=1788105600000,0.01176,0.01213,0.011545,0.011893,108055219,0.01139342,0.0117592359,0.0110276041,3.1108812221,6.4215285706,28.7346636297,15.4606147784,13.275438666,0.01213,4.8857923979,40707903.6,2.6544039227,4.5108258329,0.010837504,-1,0.0103384627,0.0003585658"
2026-08-30T14:00:00.000-03:00,"CSV=1788109200000,0.011893,0.01239,0.011854,0.012288,80317235,0.0114113,0.0117979614,0.0110246386,3.2773574311,6.7768153229,30.5836799276,14.0148443228,14.8671484144,0.01239,9.4406840043,46159350.7,1.739999237,8.4828115434,0.0109930724,-1,0.0103578611,0.0003763092"
2026-08-30T15:00:00.000-03:00,"CSV=1788112800000,0.012288,0.012619,0.012132,0.012413,98523417,0.0114386,0.0118462641,0.0110309359,3.4412885118,7.1278675093,31.9553035252,12.8454788175,16.7196794425,0.012619,11.3872936109,48675674.6,2.024079128,13.3381354698,0.0112133652,-1,0.0103783102,0.0003873783"
2026-08-30T16:00:00.000-03:00,"CSV=1788116400000,0.012414,0.012622,0.01195,0.012083,123151166,0.01146146,0.0118725566,0.0110503634,3.4625789004,7.1735475444,28.4462459318,14.4089579897,17.7887110642,0.012622,9.1607191255,57031811.5,2.1593416509,15.4857977665,0.0112133652,-1,0.0103952723,0.0004158404"
2026-08-30T17:00:00.000-03:00,"CSV=1788120000000,0.012085,0.012198,0.011823,0.011971,64215528,0.01147666,0.0118922408,0.0110610792,3.4945544223,7.2421911559,26.6936540526,15.6077601901,18.3499243744,0.012622,8.5116026106,61475941.7,1.0445635516,13.2875017953,0.0112133652,-1,0.0104109512,0.0004117564"
2026-08-30T18:00:00.000-03:00,"CSV=1788123600000,0.011966,0.011972,0.011634,0.011713,37454032,0.01148882,0.0119022375,0.0110754025,3.4734439193,7.196866977,25.1946173792,17.8714168676,18.2602351001,0.012622,6.0191889935,63918226.7,0.5859679458,10.0340184669,0.0112133652,-1,0.0104239069,0.0004043808"
2026-08-30T19:00:00.000-03:00,"CSV=1788127200000,0.011713,0.011885,0.011596,0.011784,43598356,0.01150486,0.0119138369,0.0110958831,3.4327889051,7.1096366275,23.9618829157,17.6403458363,18.0558986602,0.012622,7.991202346,64813041.9,0.6726787499,8.4811829792,0.0112133652,-1,0.0104374402,0.0003928427"
2026-08-30T20:00:00.000-03:00,"CSV=1788130800000,0.011784,0.011825,0.010893,0.011043,99892684,0.01150308,0.0119138655,0.0110922945,3.4479614046,7.1421825055,20.4966942434,25.997336395,17.6408958646,0.012622,1.0708401977,72874863.4,1.3707426586,6.1434040993,0.0126992753,1,0.0104434657,0.0004467584"
2026-08-30T21:00:00.000-03:00,"CSV=1788134400000,0.011034,0.01149,0.01096,0.011337,56442458,0.01150758,0.0119152775,0.0110998825,3.4216365556,7.0857207215,18.8369551318,23.892177607,17.2535599221,0.012622,2.6902173913,76028227.7,0.7423881854,4.7613312687,0.0125902477,1,0.0104523565,0.0004550826"
2026-08-30T22:00:00.000-03:00,"CSV=1788138000000,0.011336,0.011681,0.011266,0.01157,39760281,0.01151274,0.0119195612,0.0111059188,3.4130554072,7.0673224453,20.5664143069,22.3723213856,16.3837076666,0.012622,-1.6156462585,75141037.6,0.5291420277,2.8892520667,0.0125902477,1,0.0104634774,0.0004510743"
2026-08-30T23:00:00.000-03:00,"CSV=1788141600000,0.01157,0.011678,0.011309,0.011442,38043130,0.01151072,0.0119176367,0.0111038033,3.4144076654,7.0702215163,19.3912615391,21.0939801538,15.5718455614,0.012622,-3.7921466409,68139828.7,0.5583097393,1.2204372436,0.0125902477,1,0.0104732139,0.0004428669"
2026-08-31T00:00:00.000-03:00,"CSV=1788145200000,0.011441,0.011906,0.011389,0.011872,34131438,0.01151686,0.011926854,0.011106866,3.4375699856,7.1198912145,21.3432798634,19.4275709647,14.846970651,0.012622,-3.3854166667,63521249,0.5373231562,0.2072705729,0.0125902477,1,0.0104871322,0.0004502802"
2026-08-31T01:00:00.000-03:00,"CSV=1788148800000,0.011873,0.012019,0.011539,0.011721,56930212,0.01151394,0.0119219449,0.0111059351,3.4223016857,7.0871469198,21.5034519965,18.0120987289,14.4461986498,0.012622,-5.5748006123,59361928.5,0.9590357564,-1.643963992,0.0125902477,1,0.0104994095,0.0004532522"
2026-08-31T02:00:00.000-03:00,"CSV=1788152400000,0.011723,0.011824,0.011582,0.011763,21161950,0.01150826,0.0119107439,0.0111057761,3.3791669988,6.9946964724,20.6891908562,17.3300430268,14.0721447821,0.012622,-2.64834892,49163006.9,0.4304445829,-1.4759651434,0.0125902477,1,0.0105119825,0.000432127"
2026-08-31T03:00:00.000-03:00,"CSV=1788156000000,0.011759,0.012202,0.011572,0.012103,68703471,0.01150492,0.0119017216,0.0111081184,3.333984931,6.897946354,24.4445393217,15.6745098056,14.5913360234,0.012622,1.1026647732,49611801.2,1.3848211381,-0.4749789336,0.0125902477,1,0.0105278135,0.0004519143"
2026-08-31T04:00:00.000-03:00,"CSV=1788159600000,0.0121,0.012427,0.012,0.012247,65650375,0.0115101,0.0119147863,0.0111054137,3.3965049818,7.0318469973,26.277097171,14.6576673531,15.5109294043,0.012622,4.5590369675,52431435.5,1.2521185883,1.5861656882,0.0125902477,1,0.0105449199,0.0004494228"
2026-08-31T05:00:00.000-03:00,"CSV=1788163200000,0.012248,0.012693,0.012209,0.012536,130638041,0.01151464,0.011929411,0.011099869,3.4768775194,7.2042375549,28.3717344112,13.5872069621,16.8259142289,0.012693,6.3815342838,61135404,2.136863952,5.602933982,0.0125902477,1,0.0105647316,0.0004528806"
2026-08-31T06:00:00.000-03:00,"CSV=1788166800000,0.012547,0.012551,0.011809,0.012269,151226636,0.01151638,0.0119341189,0.0110986411,3.5003745598,7.2546904589,25.332866381,17.9059647918,16.8492841086,0.012693,11.1020556008,66268799.2,2.2820186547,12.1803219836,0.0125902477,1,0.0105816895,0.0004817925"
2026-08-31T07:00:00.000-03:00,"CSV=1788170400000,0.012267,0.013432,0.012235,0.013109,241138133,0.01154396,0.0120167826,0.0110711374,3.9346853718,8.1916878888,32.872852455,15.1088470508,18.1941624871,0.013432,15.6302372762,84738366.7,2.8456783201,22.9464237741,0.0111735603,-1,0.0106068369,0.0005533132"
2026-08-31T08:00:00.000-03:00,"CSV=1788174000000,0.013102,0.013409,0.011,0.011895,551753291,0.01154218,0.0120135078,0.0110708522,3.9233154932,8.1670501294,24.5900356932,24.2192149814,17.0318672873,0.013432,2.808988764,135937667.7,4.0588697771,19.0980557156,0.0111735603,-1,0.0106196544,0.0007388819"
2026-08-31T09:00:00.000-03:00,"CSV=1788177600000,0.011898,0.011972,0.01095,0.011132,201036240,0.0115262,0.011997619,0.011054781,3.9292713543,8.1799553509,22.0631505037,22.2331778628,15.9219988515,0.013432,-2.7093165531,152236978.7,1.3205480148,11.5394429452,0.0137625812,1,0.0106247524,0.0007671937"
2026-08-31T10:00:00.000-03:00,"CSV=1788181200000,0.011133,0.011156,0.010115,0.010783,251992849,0.01151952,0.0119989877,0.0110400523,3.9959013732,8.3244391236,19.8383321195,28.0796171745,16.0071151426,0.013432,-9.1728436658,174023119.8,1.4480423595,3.2654065685,0.0130192231,1,0.010626327,0.0007945744"
2026-08-31T11:00:00.000-03:00,"CSV=1788184800000,0.010782,0.011022,0.010229,0.010966,117858636,0.0115138,0.0119981066,0.0110294934,4.0365255369,8.4126289913,18.3297490246,25.9443350588,16.0865570144,0.013432,-6.4414299121,180115962.2,0.6543486461,0.7719573984,0.0130087508,1,0.0106297068,0.0007944169"
2026-08-31T12:00:00.000-03:00,"CSV=1788188400000,0.010975,0.011063,0.010542,0.010648,72615707,0.01149516,0.0119942692,0.0109960508,4.1612307655,8.6838151172,17.7982677255,24.6261154989,16.0870638264,0.013432,-9.4788744368,185261337.9,0.3919636327,-0.7238197537,0.0130087508,1,0.0106298888,0.0007670752"
2026-08-31T13:00:00.000-03:00,"CSV=1788192000000,0.01065,0.01073,0.01012,0.010692,96900319,0.0114808,0.0119923272,0.0109692728,4.2654540265,8.9110027799,16.7318104114,27.2957666349,16.6141897834,0.013432,-11.6582665455,188081022.7,0.5152051898,-2.4846796453,0.0126791031,1,0.0106305069,0.0007513677"
2026-08-31T14:00:00.000-03:00,"CSV=1788195600000,0.010688,0.01079,0.010458,0.010493,41619136,0.0114636,0.0119932721,0.0109339279,4.4164104631,9.2409387103,16.7770669663,26.3742209824,16.9892913169,0.013432,-14.3218747448,185677898.8,0.224146957,-2.7265213111,0.0126791031,1,0.0106291386,0.0007094309"
2026-08-31T15:00:00.000-03:00,"CSV=1788199200000,0.010492,0.010577,0.010215,0.010358,68276047,0.0114455,0.0119967415,0.0108942585,4.594926727,9.6324578334,16.1404602969,27.9205900048,17.639066948,0.013432,-17.3739629866,179441699.4,0.3804915314,-4.0212294684,0.0124200635,1,0.0106264407,0.0006746878"
2026-08-31T16:00:00.000-03:00,"CSV=1788202800000,0.010358,0.010481,0.010292,0.010317,41317883,0.01142446,0.0119978514,0.0108510686,4.779117304,10.037960516,15.8049811081,27.3402610232,18.2455242037,0.013432,-15.9100171163,168450824.1,0.2452815724,-3.9816309838,0.0122648572,1,0.0106233617,0.0006261191"
2026-08-31T17:00:00.000-03:00,"CSV=1788206400000,0.010321,0.010433,0.01012,0.010362,54545507,0.01140576,0.011997942,0.010813578,4.9356963467,10.3839110097,15.2428200628,28.3223746394,19.0306856103,0.013432,-20.9550690365,149791561.5,0.3641427224,-5.1979659517,0.0120609215,1,0.0106207611,0.0005948072"
2026-08-31T18:00:00.000-03:00,"CSV=1788210000000,0.010364,0.010513,0.010268,0.010477,30300035,0.01138558,0.0119917115,0.0107794485,5.054587133,10.647354054,15.7471224557,27.5019930507,19.5739363955,0.013432,-11.9209751997,97646235.9,0.3103041784,-4.6983534393,0.0120609215,1,0.0106193307,0.0005598264"
2026-08-31T19:00:00.000-03:00,"CSV=1788213600000,0.010478,0.010515,0.010358,0.010396,23504349,0.01136746,0.0119891615,0.0107457585,5.1855292769,10.9382655145,15.4648968681,26.965709005,20.0760067392,0.013432,-6.6115702479,79893046.8,0.2941976798,-3.7806051684,0.0119951314,1,0.0106171085,0.0005195438"
2026-08-31T20:00:00.000-03:00,"CSV=1788217200000,0.010399,0.010596,0.010228,0.010362,54219371,0.01135352,0.0119896288,0.0107174112,5.3054923007,11.2054910673,14.7429163162,27.3560142453,20.7349805321,0.013432,-3.9042937958,60115699,0.9019170017,-3.6941864304,0.0119251682,1,0.0106145701,0.0005043894"
2026-08-31T21:00:00.000-03:00,"CSV=1788220800000,0.010361,0.010535,0.010325,0.010484,28847776,0.01133908,0.0119864686,0.0106916914,5.4009952169,11.4187146667,14.3337746195,26.5968370348,21.3500227388,0.013432,-4.3954039759,51214613,0.5632723613,-3.2880608124,0.0118548514,1,0.0106132709,0.0004749505"
2026-08-31T22:00:00.000-03:00,"CSV=1788224400000,0.010487,0.01061,0.01021,0.010312,50562905,0.01132192,0.01198475,0.01065909,5.5306119661,11.7087917709,13.5654772626,26.7122476269,22.1027079106,0.013432,-3.1555221638,49009332.8,1.0316995174,-3.2772241062,0.0118123663,1,0.0106102731,0.0004674554"
2026-08-31T23:00:00.000-03:00,"CSV=1788228000000,0.01031,0.010379,0.009562,0.009743,175984148,0.01129114,0.0119898704,0.0105924096,5.8276723767,12.3766132234,12.1413140918,32.2346691634,23.6478471738,0.013432,-8.8757949869,56917715.7,3.0919046177,-11.332519906,0.0114777296,1,0.0106016436,0.0005024099"
2026-09-01T00:00:00.000-03:00,"CSV=1788231600000,0.009737,0.009926,0.009659,0.00983,68374144,0.0112651,0.0119929311,0.0105372689,6.0688342721,12.9218757695,11.7108226663,31.0917328573,25.0899771527,0.013432,-6.3184980463,59593216.5,1.147347769,-9.9715181496,0.0112291067,1,0.0105939655,0.0004788689"
2026-09-01T01:00:00.000-03:00,"CSV=1788235200000,0.009833,0.009931,0.009179,0.009553,192219303,0.01122874,0.0119947802,0.0104626998,6.3864459459,13.644276217,10.5789179659,34.2560159042,26.9379443814,0.013432,-7.7717706121,71987542.1,2.6701745523,-13.5650068047,0.011073546,1,0.0105836076,0.000506182"
2026-09-01T02:00:00.000-03:00,"CSV=1788238800000,0.009549,0.009642,0.009452,0.009528,50705554,0.01119298,0.0119950004,0.0103909596,6.6862893435,14.3307758238,10.3091778896,33.382559812,28.6627137948,0.013432,-7.6475719686,72926309.2,0.6952985083,-10.8157863304,0.0109706914,1,0.0105731041,0.0004745638"
2026-09-01T03:00:00.000-03:00,"CSV=1788242400000,0.009524,0.009592,0.00923,0.009338,79708658,0.0111548,0.0119977352,0.0103118648,7.0257858557,15.1134073471,9.7991311342,34.7650603613,30.4866928169,0.013409,-9.8822621116,75442624.3,1.0565467299,-10.6908814596,0.0108009223,1,0.0105608145,0.0004633074"
2026-09-01T04:00:00.000-03:00,"CSV=1788246000000,0.009337,0.009867,0.00933,0.009597,93628535,0.01111842,0.0119881248,0.0102487152,7.2547196458,15.64439639,12.8181045796,32.2306120047,31.32706357,0.011972,-8.3993509592,81775474.3,1.1449464011,-10.3328565239,0.0108009223,1,0.0105512243,0.0004706767"
2026-09-01T05:00:00.000-03:00,"CSV=1788249600000,0.009598,0.009635,0.008844,0.009101,202604042,0.01107366,0.0119873392,0.0101599808,7.6220348519,16.50184617,11.4954898311,35.2446592309,32.6259972667,0.011156,-12.4567141208,99685443.6,2.0324335699,-15.3277189991,0.010747627,1,0.0105367942,0.000502709"
2026-09-01T06:00:00.000-03:00,"CSV=1788253200000,0.009102,0.00928,0.008581,0.009056,193446661,0.01103022,0.011986183,0.010074257,7.975541321,17.3335250985,10.4723872946,35.4565262912,34.077424719,0.011063,-12.6037444509,113608172.6,1.7027530377,-17.3721673827,0.0104975143,1,0.0105220599,0.0005223381"
2026-09-01T07:00:00.000-03:00,"CSV=1788256800000,0.009056,0.009246,0.008956,0.009058,78483407,0.0109885,0.0119833159,0.0099936841,8.30167503,18.1064922019,10.0738480254,34.1071856223,35.4320903413,0.011063,-13.6016787486,118571735.7,0.6619065373,-14.5824582825,0.0104975143,1,0.0105074922,0.0004991043"
2026-09-01T08:00:00.000-03:00,"CSV=1788260400000,0.00906,0.009143,0.008956,0.009094,47286856,0.010949,0.0119784423,0.0099195577,8.594125227,18.8043170056,9.8157667555,33.2333958097,36.696444922,0.01079,-11.8114817688,118244130.8,0.3999086947,-11.2961436071,0.0104531816,1,0.0104934276,0.0004678939"
2026-09-01T09:00:00.000-03:00,"CSV=1788264000000,0.009093,0.009156,0.00893,0.009113,61285658,0.01091062,0.0119715435,0.0098496965,8.8620442635,19.4475379482,9.500598749,32.5357145534,37.9032242751,0.01079,-6.4661808478,106774281.8,0.5739739661,-8.7679022269,0.0103741135,1,0.010479692,0.0004437045"
2026-09-01T10:00:00.000-03:00,"CSV=1788267600000,0.009118,0.009165,0.00901,0.009153,47685014,0.01087272,0.0119615402,0.0097838998,9.1026752192,20.0284777162,9.4154475496,31.7857565744,38.9960279711,0.01061,-6.8870803662,104705368.8,0.4554209067,-6.8907749463,0.0103320021,1,0.0104664911,0.000414834"
2026-09-01T11:00:00.000-03:00,"CSV=1788271200000,0.009157,0.009167,0.008841,0.008895,71487716,0.01083238,0.0119558117,0.0097089483,9.3965318646,20.7421019481,8.9505315075,32.7760193961,40.2028998969,0.01061,-6.8878886214,92632210.1,0.7717371303,-6.3657297638,0.0102218519,1,0.0104508543,0.0004059506"
2026-09-01T12:00:00.000-03:00,"CSV=1788274800000,0.008893,0.008946,0.008704,0.008877,75017554,0.0107914,0.0119475636,0.0096352364,9.6769820777,21.4274994355,8.612300269,33.6767399711,41.4739966383,0.01061,-6.8324937028,95063410.1,0.7891317377,-6.0410657186,0.0099936667,1,0.0104351941,0.0003895556"
2026-09-01T13:00:00.000-03:00,"CSV=1788278400000,0.008879,0.008884,0.00863,0.008716,84520074,0.01074492,0.0119363324,0.0095535076,9.9813943062,22.1762917327,8.2612322288,33.4915559289,42.7375886988,0.01061,-6.6609552367,95544551.7,0.8846142715,-5.9915025005,0.009885,1,0.0104180877,0.000376"
2026-09-01T14:00:00.000-03:00,"CSV=1788282000000,0.008719,0.008733,0.008604,0.008671,53861434,0.01068314,0.0119001289,0.0094661511,10.2266863871,22.7833550428,8.081962008,33.2021511148,43.9448900191,0.01061,-9.6488485985,91567841.6,0.588213428,-5.8861957704,0.0097224,1,0.0104007037,0.0003513"
2026-09-01T15:00:00.000-03:00,"CSV=1788285600000,0.008671,0.008813,0.008423,0.008633,118718464,0.01061794,0.0118555171,0.0093803629,10.4388285729,23.3110585905,7.5511799173,34.0695921814,45.2628552763,0.01061,-5.1422920558,83179283.8,1.4272599928,-6.3705930878,0.00968351,1,0.0103831146,0.00035517"
2026-09-01T16:00:00.000-03:00,"CSV=1788289200000,0.008635,0.008685,0.008543,0.008588,46426546,0.01054394,0.0117900348,0.0092978452,10.5690509729,23.6362268048,7.3625482637,33.2185194247,46.492956183,0.01061,-5.167844523,68477272.3,0.677984745,-5.4149686423,0.009615559,1,0.0103652528,0.000333853"
2026-09-01T17:00:00.000-03:00,"CSV=1788292800000,0.00859,0.008842,0.008584,0.008786,46019097,0.0104714,0.0117121375,0.0092306625,10.5936042109,23.6976429201,9.8430895387,31.6780510291,46.899264193,0.01061,-3.0028703908,65230841.3,0.7054806604,-4.316134757,0.009615559,1,0.0103495388,0.0003262677"
2026-09-01T18:00:00.000-03:00,"CSV=1788296400000,0.008786,0.008792,0.008606,0.008778,28770666,0.0104053,0.0116464556,0.0091641444,10.6569386137,23.8562199422,9.5027001535,30.5825746269,47.2784850023,0.010379,-3.4748185617,63379222.3,0.4539447623,-3.4032150667,0.009615559,1,0.0103339016,0.0003122409"
2026-09-01T19:00:00.000-03:00,"CSV=1788300000000,0.008778,0.008778,0.008554,0.008621,41226503,0.0103383,0.0115835407,0.0090930593,10.7500872502,24.0898549232,9.096788994,30.2678355898,47.7120466062,0.009931,-5.3988807199,61373306.8,0.6717334481,-3.4776796318,0.0095762505,1,0.0103168578,0.0003034168"
2026-09-01T20:00:00.000-03:00,"CSV=1788303600000,0.008623,0.008693,0.00855,0.008565,33717655,0.01027534,0.0115290371,0.0090216429,10.8742566876,24.4020555306,8.8385532296,29.4880109877,48.1230878122,0.009931,-6.4241232383,59976570.9,0.5621804397,-3.5222918968,0.0094836255,1,0.0102994264,0.0002873752"
2026-09-01T21:00:00.000-03:00,"CSV=1788307200000,0.008564,0.008616,0.008426,0.008522,55553474,0.0102101,0.0114684573,0.0089517427,10.9723326456,24.6492645975,8.4952444304,30.877596184,48.7046943269,0.009867,-4.1933670601,58383146.7,0.9515327135,-3.6782365769,0.0093539129,1,0.0102817406,0.0002776376"
2026-09-01T22:00:00.000-03:00,"CSV=1788310800000,0.008524,0.008547,0.008333,0.00839,44092794,0.01015704,0.01143494,0.00887914,11.1753978392,25.1628435531,8.1148721748,31.4408778277,49.3890446468,0.009867,-5.4860876422,55290670.7,0.7974725834,-3.9104925462,0.0092538216,1,0.0102629173,0.0002712739"
2026-09-01T23:00:00.000-03:00,"CSV=1788314400000,0.00839,0.008522,0.008386,0.008468,28361896,0.01009966,0.0113876612,0.0088116588,11.3104979868,25.5058326636,7.8747897984,30.5106844122,50.0277716121,0.009867,-2.8453419,49674852.9,0.5709507798,-3.1485117563,0.0092272395,1,0.0102450574,0.0002577465"
2026-09-02T00:00:00.000-03:00,"CSV=1788318000000,0.008468,0.00848,0.00819,0.008281,85369400,0.01003388,0.0113290759,0.0087386841,11.4324941821,25.8164528324,7.3762105315,32.8580596812,50.9148330334,0.009635,-4.4977511244,52825649.5,1.6160596378,-4.5218858553,0.0091179155,1,0.0102255146,0.0002609718"
2026-09-02T01:00:00.000-03:00,"CSV=1788321600000,0.008276,0.008403,0.008138,0.008291,76722122,0.00997086,0.0112726502,0.0086690698,11.5482174523,26.1118931008,6.9456639818,32.0855134525,51.8144882997,0.00928,-3.9615429167,48626015.3,1.5777998984,-5.0980979074,0.009054624,1,0.0102062657,0.0002613747"
2026-09-02T02:00:00.000-03:00,"CSV=1788325200000,0.008291,0.008489,0.008266,0.00844,39773325,0.00990222,0.0111923867,0.0086120533,11.5271812946,26.0581305385,8.5265026475,30.4813689418,52.1124003471,0.009246,-1.7233348859,47960693.2,0.8292900362,-3.8751134216,0.009054624,1,0.0101886909,0.0002575372"
2026-09-02T03:00:00.000-03:00,"CSV=1788328800000,0.008438,0.008651,0.008352,0.008586,73025611,0.00983952,0.0111158774,0.0085631626,11.4822914527,25.9434900454,11.5857931491,28.4388061974,51.4453495058,0.009167,-2.2763487366,50661344.6,1.4414463646,-3.677153818,0.009054624,1,0.0101727437,0.0002616835"
2026-09-02T04:00:00.000-03:00,"CSV=1788332400000,0.008585,0.008683,0.008354,0.008515,52100774,0.00977456,0.0110339091,0.0085152109,11.413444358,25.7678928258,11.4496586179,26.3566243389,50.6443170977,0.009167,-2.9961266803,52994355.4,0.9831381778,-3.4333047203,0.009054624,1,0.0101562487,0.0002684151"
2026-09-02T05:00:00.000-03:00,"CSV=1788336000000,0.008514,0.00868,0.008428,0.008471,44718668,0.00970192,0.0109292082,0.0084746318,11.2294334976,25.2999027494,10.8006858165,24.8627167121,49.8966868502,0.009167,-1.7399373623,53343571.9,0.8383140912,-2.7750744831,0.009054624,1,0.0101394801,0.0002667736"
2026-09-02T06:00:00.000-03:00,"CSV=1788339600000,0.00847,0.008652,0.008359,0.008369,43291182,0.00962436,0.0108101954,0.0084385246,10.9696017421,24.6423737437,10.0883505815,24.7761056339,49.378785281,0.009167,-2.2883829539,54300924.6,0.7972457618,-2.4581841925,0.009054624,1,0.0101218634,0.0002693963"
2026-09-02T07:00:00.000-03:00,"CSV=1788343200000,0.008371,0.008433,0.008142,0.008207,61932207,0.00953778,0.0106644275,0.0084111325,10.564538421,23.6249430249,9.4267673703,28.0415651182,49.398960594,0.008946,-3.6963154189,54938797.9,1.1272945417,-3.0277348604,0.009054624,1,0.01010281,0.0002715566"
2026-09-02T08:00:00.000-03:00,"CSV=1788346800000,0.008205,0.008378,0.008171,0.008333,40544886,0.00945906,0.0105281608,0.0083899592,10.1546776323,22.6047998152,8.9780361964,26.706735909,49.4177908861,0.008884,-0.6793802145,54584007.1,0.7427979028,-2.1867039731,0.009054624,1,0.0100852,0.000265101"
2026-09-02T09:00:00.000-03:00,"CSV=1788350400000,0.008334,0.008339,0.008211,0.008257,19515602,0.00936202,0.010308602,0.008415438,9.1824477161,20.2217467552,8.7035486406,25.8902247587,49.4353658253,0.008842,-2.4917335853,53699377.7,0.3634232432,-1.759653949,0.0090291726,1,0.0100670089,0.0002513909"
2026-09-02T10:00:00.000-03:00,"CSV=1788354000000,0.008255,0.008409,0.008202,0.00833,29200703,0.00929072,0.0101761099,0.0084053301,8.7006717962,19.0596622502,9.9669566108,24.5877090418,48.9604713554,0.008842,0.5917159763,48082508,0.6073040741,-1.0533187916,0.0090291726,1,0.0100497252,0.0002469518"
2026-09-02T11:00:00.000-03:00,"CSV=1788357600000,0.008332,0.008399,0.0083,0.008323,29086258,0.00923454,0.0100899244,0.0083791556,8.4776099046,18.5257616103,9.7164704376,23.9697790771,48.5172365169,0.008842,0.3859606803,43318921.6,0.6714446465,-0.6158287836,0.0090291726,1,0.0100325439,0.0002321566"
2026-09-02T12:00:00.000-03:00,"CSV=1788361200000,0.008327,0.008469,0.008179,0.008439,37585730,0.00918766,0.0100208394,0.0083544806,8.3144671044,18.1369226786,9.0061013613,25.267796457,48.4458404991,0.008842,-0.0118483412,43100162.1,0.8720554209,-0.4139966591,0.0090291726,1,0.0100166877,0.0002379409"
2026-09-02T13:00:00.000-03:00,"CSV=1788364800000,0.008439,0.008583,0.008353,0.008513,41978763,0.0091386,0.0099371202,0.0083400798,8.03573034,17.4757661203,11.3784652138,23.7898449429,47.5688760398,0.008792,-0.8502212905,39995477.3,1.0495877493,-0.5734583896,0.0090291726,1,0.0100017257,0.0002371468"
2026-09-02T14:00:00.000-03:00,"CSV=1788368400000,0.008514,0.008799,0.008462,0.008765,70010891,0.00910094,0.0098712919,0.0083305881,7.8039618711,16.9290612253,15.8120171203,21.7890760781,45.4573490526,0.008799,2.9359953024,41786489,1.6754432515,1.2573922456,0.0090291726,1,0.00998942,0.0002471322"
2026-09-02T15:00:00.000-03:00,"CSV=1788372000000,0.008766,0.008799,0.008565,0.008606,41648207,0.00905922,0.0097981187,0.0083203213,7.5412303559,16.3126340204,14.8809416144,20.5060471718,43.4865905312,0.008799,1.5936725298,41479442.9,1.0040686202,1.3716470231,0.0090291726,1,0.0099756546,0.0002458189"
2026-09-02T16:00:00.000-03:00,"CSV=1788375600000,0.008605,0.008633,0.00847,0.008514,26315557,0.00901964,0.0097332474,0.0083060326,7.3316475332,15.823411851,14.2544944948,22.0963206992,42.0256597082,0.008799,1.7325845382,39781880.4,0.6614960564,1.2964639618,0.0090291726,1,0.0099611108,0.0002375371"
2026-09-02T17:00:00.000-03:00,"CSV=1788379200000,0.008514,0.008607,0.00849,0.008511,15935306,0.0089827,0.0096735119,0.0082918881,7.1412731288,15.3809412845,13.8074717229,21.4033772538,40.6621242734,0.008799,3.7041549896,35182190.3,0.4529367235,1.4235585827,0.0090291726,1,0.0099466818,0.0002254833"
2026-09-02T18:00:00.000-03:00,"CSV=1788382800000,0.008508,0.008552,0.008291,0.008421,50076469,0.00894478,0.0096129762,0.0082765838,6.9509816002,14.9404727095,12.844707559,25.2273758111,40.1196008412,0.008799,1.0560422417,36135348.6,1.3858028479,1.4368611705,0.0090291726,1,0.0099315009,0.000229035"
2026-09-02T19:00:00.000-03:00,"CSV=1788386400000,0.008423,0.00849,0.008334,0.008473,20567658,0.008907,0.0095467969,0.0082672031,6.7016921046,14.366160021,12.2956661127,24.1490425881,39.6132456378,0.008799,2.6159622139,36240554.2,0.5675315528,1.4527878128,0.0090291726,1,0.0099169884,0.0002217315"
2026-09-02T20:00:00.000-03:00,"CSV=1788390000000,0.008472,0.008559,0.00846,0.008499,15740033,0.00886744,0.0094689435,0.0082659365,6.3523819513,13.5665638565,13.9168568623,23.4669987666,38.6754403443,0.008799,2.0288115246,34894487.2,0.4510750627,1.2735739704,0.0090291726,1,0.0099028791,0.0002094584"
2026-09-02T21:00:00.000-03:00,"CSV=1788393600000,0.008496,0.008581,0.008408,0.008414,36346007,0.0088278,0.0093913755,0.0082642245,6.0009897359,12.7681977057,13.2179021669,23.798012726,38.0025842617,0.008799,1.0933557611,35620462.1,1.0203687672,1.2209246703,0.0090291726,1,0.0098880644,0.0002058125"
2026-09-02T22:00:00.000-03:00,"CSV=1788397200000,0.008414,0.008573,0.008389,0.008515,21406733,0.00879086,0.0093115655,0.0082701545,5.5920298316,11.8465206309,12.5023606581,23.0687198345,37.4494063018,0.008799,0.9005806375,34002562.4,0.6295623473,1.0029403336,0.0090291726,1,0.009874402,0.0002036313"
2026-09-02T23:00:00.000-03:00,"CSV=1788400800000,0.008514,0.008538,0.008404,0.008506,13138504,0.0087513,0.0092137475,0.0082888525,5.0191032448,10.5686583644,11.9956653985,22.1337915193,36.9331068726,0.008799,-0.082227182,31118536.5,0.4222082873,0.6570545565,0.0090291726,1,0.0098607861,0.0001966681"
2026-09-03T00:00:00.000-03:00,"CSV=1788404400000,0.008503,0.008562,0.008386,0.008452,19769994,0.0087141,0.0091209781,0.0083072219,4.4609040182,9.3383844014,12.0841904307,20.9395471655,36.2585747919,0.008799,-3.5710211067,26094446.8,0.7576322331,-0.4638038608,0.0090291726,1,0.0098467683,0.0001946013"
2026-09-03T01:00:00.000-03:00,"CSV=1788408000000,0.008456,0.008474,0.008321,0.008393,26907487,0.0086871,0.00906882,0.00830538,4.2091475468,8.7882035477,11.5059583719,21.9704392941,35.9252884808,0.008799,-2.4750174297,24620374.8,1.0928951008,-1.2108473817,0.0089688236,1,0.009832303,0.0001904412"
2026-09-03T02:00:00.000-03:00,"CSV=1788411600000,0.008393,0.008406,0.008172,0.008339,48636925,0.00865728,0.009005303,0.008309257,3.8646449812,8.0400077171,10.6693714142,25.0027525696,36.2089960443,0.008799,-2.0554381019,26852511.6,1.8112616698,-2.0482103374,0.0088733912,1,0.0098174442,0.0001947971"
2026-09-03T03:00:00.000-03:00,"CSV=1788415200000,0.008339,0.008374,0.008272,0.008296,20915490,0.00863214,0.0089593283,0.0083049517,3.6519285241,7.5806987482,10.3189650617,24.1816054755,36.4737897702,0.008799,-2.5261426389,27350530,0.764719733,-2.0094039331,0.0088733912,1,0.0098023055,0.0001855174"
2026-09-03T04:00:00.000-03:00,"CSV=1788418800000,0.008292,0.00865,0.008285,0.008371,42807277,0.008609,0.0089120335,0.0083059665,3.4002729539,7.0399224881,17.6215821531,21.4772281615,34.6996229375,0.008799,-0.593753711,26623610.8,1.6078689447,-1.6578286729,0.0088733912,1,0.0097880636,0.0002034656"
2026-09-03T05:00:00.000-03:00,"CSV=1788422400000,0.008371,0.008393,0.008249,0.008321,28006848,0.00858866,0.0088757935,0.0083015265,3.2350173787,6.6863389855,16.8261559148,21.6362436873,33.220044622,0.008799,-1.7939336717,27367529.8,1.0233604642,-1.7171660469,0.0088733912,1,0.009773466,0.0001975191"
2026-09-03T06:00:00.000-03:00,"CSV=1788426000000,0.008316,0.008373,0.008256,0.008292,18991072,0.00856256,0.0088139353,0.0083111847,2.8520217094,5.8714998698,16.1899649241,20.818184983,31.8391048608,0.008799,-2.4355806565,27692633.7,0.6857806378,-1.7015353833,0.0088733912,1,0.009758725,0.0001894672"
2026-09-03T07:00:00.000-03:00,"CSV=1788429600000,0.00829,0.008329,0.008216,0.008308,18602257,0.0085467,0.0087884348,0.0083049652,2.7506007403,5.6567973915,15.5803769758,21.3671558933,30.7606413655,0.008799,-1.2598050868,25918258.7,0.717727885,-1.4357560023,0.0088179613,1,0.00974429,0.0001818204"
2026-09-03T08:00:00.000-03:00,"CSV=1788433200000,0.008307,0.008406,0.008256,0.008355,16303007,0.00853268,0.0087645989,0.0083007611,2.6460868961,5.4360154856,17.397661606,20.2810861538,29.2201089365,0.008799,-1.8790369935,25407886.1,0.6416514517,-1.3590662731,0.0088179613,1,0.0097304662,0.0001786384"
2026-09-03T09:00:00.000-03:00,"CSV=1788436800000,0.008357,0.008381,0.008274,0.008362,22422821,0.00851876,0.0087393411,0.0082981789,2.5240015131,5.1787138419,16.7470741578,19.522672731,27.7822786693,0.008799,-1.6929226428,26336317.8,0.8514030386,-1.3864973428,0.0088179613,1,0.0097168496,0.0001714746"
2026-09-03T10:00:00.000-03:00,"CSV=1788440400000,0.00836,0.008467,0.008311,0.008382,25542786,0.00850452,0.008709969,0.008299071,2.3587798676,4.8315247687,18.8653422881,18.44520955,26.0051962701,0.008799,-0.8282063417,26913597,0.9490662285,-1.1863391182,0.0088179613,1,0.0097035675,0.0001699271"
2026-09-03T11:00:00.000-03:00,"CSV=1788444000000,0.008386,0.008691,0.008356,0.008686,44037363,0.00849598,0.0086841026,0.0083078574,2.1662867746,4.4285077264,24.2737987074,16.3668881439,25.5685599787,0.008691,3.4910044084,28626584.6,1.5383380035,0.9992221718,0.0088179613,1,0.0096934425,0.0001864344"
2026-09-03T12:00:00.000-03:00,"CSV=1788447600000,0.008686,0.008687,0.008462,0.008571,50348526,0.00848434,0.0086478443,0.0083208357,1.890694596,3.8542615059,22.453223008,15.1393440257,25.1610327735,0.008691,2.7821081664,28797744.7,1.7483496199,2.287514033,0.0088179613,1,0.0096822739,0.000190291"
2026-09-03T13:00:00.000-03:00,"CSV=1788451200000,0.00857,0.008734,0.008423,0.008699,47913576,0.00848042,0.0086361988,0.0083246412,1.803789285,3.6738470291,21.719375885,13.625865738,25.0101934818,0.008734,4.8577627772,31497553.3,1.5211840597,3.9881931228,0.0088179613,1,0.0096724901,0.0002023619"
2026-09-03T14:00:00.000-03:00,"CSV=1788454800000,0.008706,0.008846,0.008616,0.008756,36747039,0.008478,0.0086284479,0.0083275521,1.7436260505,3.5491357566,23.6994178493,12.6257356358,25.3751730902,0.008846,4.5992115637,30891529.5,1.1895506501,4.4824604505,0.0088179613,1,0.0096633708,0.0002051257"
2026-09-03T15:00:00.000-03:00,"CSV=1788458400000,0.008758,0.008798,0.008675,0.008727,26914134,0.00847822,0.0086290234,0.0083274166,1.747629458,3.5574296037,22.7429303175,12.1161721186,25.7158207248,0.008846,4.8792212474,30782258.1,0.8743391701,4.4103383857,0.0088179613,1,0.0096540536,0.0001969131"
2026-09-03T16:00:00.000-03:00,"CSV=1788462000000,0.008727,0.008727,0.008558,0.008606,26816201,0.00847692,0.0086263296,0.0083275104,1.7320184072,3.5250920576,21.4674689883,15.3192536448,25.1156418083,0.008846,3.7867824409,31564771,0.8495610819,4.0125932529,0.0088179613,1,0.0096436252,0.0001941218"
2026-09-03T17:00:00.000-03:00,"CSV=1788465600000,0.008606,0.008716,0.00858,0.008683,18487847,0.00847792,0.0086285334,0.0083273066,1.7455271289,3.5530741307,20.4773007072,14.6126664334,24.5554748196,0.008846,4.513721714,31553330,0.5859237995,3.5566278274,0.0088179613,1,0.0096340668,0.0001883096"
2026-09-03T18:00:00.000-03:00,"CSV=1788469200000,0.008681,0.008698,0.008569,0.008585,15068866,0.00847786,0.0086284301,0.0083272899,1.7450465013,3.5520784228,19.5604048096,14.3401792616,23.945018506,0.008846,2.7528426092,31429915.9,0.4794434082,2.8110292993,0.0088179613,1,0.0096236283,0.0001823787"
2026-09-03T19:00:00.000-03:00,"CSV=1788472800000,0.00859,0.008703,0.00855,0.008673,25265257,0.0084756,0.0086223271,0.0083288729,1.701711058,3.4623411585,18.5073373181,14.2367116747,23.2181804886,0.008846,3.7192059316,31714159.5,0.7966554182,2.8616613851,0.0088179613,1,0.0096141693,0.0001794408"
2026-09-03T20:00:00.000-03:00,"CSV=1788476400000,0.00867,0.008685,0.008589,0.008661,21841048,0.00847326,0.0086160252,0.0083304948,1.6569732721,3.3697829469,17.8609024241,13.7394436429,22.5397983391,0.008846,3.3285612026,31343985.7,0.6968178268,2.6809078513,0.0088179613,1,0.0096046851,0.0001710967"
2026-09-03T21:00:00.000-03:00,"CSV=1788480000000,0.008659,0.008734,0.008629,0.008659,29087367,0.00847402,0.0086176681,0.0083303719,1.6669023277,3.3903179442,18.9936136763,13.1991759977,22.23709035,0.008846,-0.310845038,29848986.1,0.9744842556,1.6863007024,0.0088179613,1,0.0095952752,0.000164487"
2026-09-03T22:00:00.000-03:00,"CSV=1788483600000,0.008662,0.008788,0.00851,0.008694,36359732,0.0084766,0.0086229913,0.0083302087,1.6976853184,3.4540088377,17.0875463425,16.1702869626,20.938485998,0.008846,1.4350717536,28450106.7,1.2780174213,1.7355493689,0.0088179613,1,0.0095863073,0.0001758383"
2026-09-03T23:00:00.000-03:00,"CSV=1788487200000,0.008693,0.008747,0.008598,0.008714,16642874,0.00848044,0.0086304454,0.0083304346,1.7380951783,3.5376785773,16.1564770529,15.2891974666,19.7264552693,0.008846,0.1724336131,25323036.5,0.6572226834,1.1948086732,0.0088179613,1,0.0095776277,0.0001731545"
2026-09-04T00:00:00.000-03:00,"CSV=1788490800000,0.00871,0.009009,0.008702,0.00892,51872012,0.00849104,0.0086525637,0.0083295163,1.8667731819,3.8045690382,23.5850226923,13.6475755745,20.190703517,0.009009,1.8730013705,26835533.8,1.9329599473,2.0033513256,0.0082958828,-1,0.0095710841,0.0001865391"
2026-09-04T01:00:00.000-03:00,"CSV=1788494400000,0.008921,0.009,0.008777,0.008844,55637330,0.00849856,0.008667422,0.008329698,1.9482376063,3.9738961519,21.7661597738,12.5950826656,20.6240018814,0.009009,1.3406668958,29707853.4,1.8728155566,2.1725081566,0.0083179446,-1,0.0095638494,0.0001901851"
2026-09-04T02:00:00.000-03:00,"CSV=1788498000000,0.008845,0.008872,0.008689,0.008698,32149254,0.0085069,0.0086751073,0.0083386927,1.9389648722,3.9546082084,20.3839872374,14.8488817092,20.2964058841,0.009009,1.0690216128,30241158.7,1.0630959719,1.8271629613,0.0083179446,-1,0.009555234,0.0001894666"
2026-09-04T03:00:00.000-03:00,"CSV=1788501600000,0.008698,0.008811,0.00855,0.008619,34054259,0.00851346,0.0086795013,0.0083474187,1.9130286274,3.9006783483,18.5809639791,18.2461659526,19.0039192937,0.009009,-0.7370724404,31797799.9,1.0709627429,0.9549829333,0.0083179446,-1,0.0095459183,0.00019662"
2026-09-04T04:00:00.000-03:00,"CSV=1788505200000,0.008621,0.0087,0.008576,0.008617,18821971,0.008517,0.008683324,0.008350676,1.9154418367,3.9056949892,17.7803963434,17.4600232124,17.797598476,0.009009,0.3727431567,32173110.4,0.5850218013,0.7093429132,0.0083179446,-1,0.0095366753,0.000189358"
2026-09-04T05:00:00.000-03:00,"CSV=1788508800000,0.008617,0.008621,0.008349,0.008427,63016906,0.00851382,0.0086803143,0.0083473257,1.9180674972,3.9111535595,16.1454948507,23.5283203715,17.8516793495,0.009009,-2.8363887928,35948275.3,1.7529882998,-1.1844901804,0.0083179446,-1,0.0095256337,0.0001976222"
2026-09-04T06:00:00.000-03:00,"CSV=1788512400000,0.008427,0.008505,0.008356,0.008454,27713133,0.0085126,0.0086793045,0.0083458955,1.9207129843,3.9166536436,15.3187814802,22.3235770536,17.9021548315,0.009009,-2.3900242466,36535483.8,0.7585265095,-1.3939590367,0.0083179446,-1,0.0095149707,0.00019276"
2026-09-04T07:00:00.000-03:00,"CSV=1788516000000,0.008453,0.008481,0.008354,0.008398,22831823,0.00851114,0.0086785208,0.0083437592,1.9286785071,3.933216108,14.6344587857,21.3966849973,17.9598595523,0.009009,-3.0142048735,35909929.4,0.6358080726,-1.5681246215,0.0083179446,-1,0.0095038566,0.000186184"
2026-09-04T08:00:00.000-03:00,"CSV=1788519600000,0.008397,0.008485,0.008351,0.008402,23385078,0.0085118,0.0086786833,0.0083449167,1.9229104983,3.9212225975,14.0744337152,20.3680743978,17.9807280673,0.009009,-3.3586381412,34612464,0.6756259248,-1.8018107478,0.0083179446,-1,0.0094928928,0.0001809656"
2026-09-04T09:00:00.000-03:00,"CSV=1788523200000,0.008399,0.008409,0.007629,0.008105,170703238,0.00850976,0.0086809252,0.0083385948,1.9717396925,4.0227984998,10.8280043875,37.0209151389,20.4314036272,0.009009,-6.9887537296,50018500.4,3.412801996,-9.1516180578,0.008741607,1,0.009479083,0.000240869"
2026-09-04T10:00:00.000-03:00,"CSV=1788526800000,0.008104,0.008134,0.007971,0.008029,49015344,0.00850368,0.0086860486,0.0083213114,2.0995574068,4.2891683657,10.2962508789,35.2028514576,22.7187008166,0.009009,-9.9887892377,49732833.6,0.9855731205,-9.3826394313,0.008741607,1,0.0094646543,0.0002330821"
2026-09-04T11:00:00.000-03:00,"CSV=1788530400000,0.008029,0.00828,0.007953,0.008139,74611618,0.00850132,0.0086875874,0.0083150526,2.144063407,4.3820814181,13.5761252933,31.8417456685,23.8852416496,0.009009,-7.9715061058,51630262.4,1.4451140578,-10.0950047992,0.008741607,1,0.0094514637,0.0002424739"
2026-09-04T12:00:00.000-03:00,"CSV=1788534000000,0.008141,0.008158,0.00801,0.00802,29224661,0.00849512,0.008691852,0.008298388,2.2634067477,4.6316464947,12.9753651484,30.4327094871,24.9740130938,0.009009,-7.7948953782,51337803.1,0.5692620104,-8.209115804,0.008741607,1,0.0094372203,0.0002330265"
2026-09-04T13:00:00.000-03:00,"CSV=1788537600000,0.00802,0.008452,0.008019,0.008389,65208179,0.00849644,0.0086922318,0.0083006482,2.252492203,4.6087972038,19.665811606,26.7255495391,24.3235979357,0.009009,-2.6685230305,54453195.1,1.1975087758,-6.5379371185,0.008741607,1,0.0094267902,0.0002530239"
2026-09-04T14:00:00.000-03:00,"CSV=1788541200000,0.00839,0.008416,0.008243,0.008268,30970888,0.00849302,0.0086912634,0.0082947766,2.2809507119,4.6683849844,18.6911408312,25.4009862514,23.7165437882,0.009009,-4.0501334571,55668086.8,0.5563490643,-5.109720732,0.008741607,1,0.00941526,0.0002450215"
2026-09-04T15:00:00.000-03:00,"CSV=1788544800000,0.008271,0.00832,0.008204,0.008308,18340032,0.00848892,0.0086888208,0.0082890192,2.3006661653,4.7096864944,18.0485086056,25.6835932008,23.2993584917,0.009009,-1.4121276848,51200399.4,0.3582009558,-3.5750889834,0.008741607,1,0.0094042424,0.0002321193"
2026-09-04T16:00:00.000-03:00,"CSV=1788548400000,0.008308,0.00847,0.008285,0.008433,27092732,0.00848228,0.0086783778,0.0082861822,2.2596139566,4.6237058151,21.5461517333,24.2584245979,22.1408280248,0.009009,-0.2484031228,51138359.3,0.5297927499,-2.4272600468,0.008741607,1,0.0093945783,0.0002274074"
2026-09-04T17:00:00.000-03:00,"CSV=1788552000000,0.008428,0.00865,0.008398,0.008599,37820630,0.00848214,0.0086781519,0.0082861281,2.2586829638,4.6217567603,25.2832154283,22.4410452804,21.0617994235,0.009009,2.3934270064,52637240,0.7185146866,-1.0449358794,0.008741607,1,0.0093866621,0.0002298667"
2026-09-04T18:00:00.000-03:00,"CSV=1788555600000,0.008599,0.008639,0.008519,0.00856,15565995,0.00848306,0.0086793271,0.0082867929,2.2613170625,4.6272714028,24.3523894465,21.6148565361,20.0547060624,0.009009,1.8805046418,51855331.7,0.3001811866,-0.5084598814,0.008741607,1,0.0093784366,0.00021888"
2026-09-04T19:00:00.000-03:00,"CSV=1788559200000,0.00856,0.008766,0.008548,0.008664,25237530,0.00848612,0.0086839851,0.0082882549,2.2785054051,4.6632635215,26.6195121062,20.1695161349,19.6367439571,0.009009,6.8969771746,37308760.9,0.6764505009,1.2161813006,0.008741607,1,0.0093713278,0.000218792"
2026-09-04T20:00:00.000-03:00,"CSV=1788562800000,0.008663,0.008694,0.008545,0.008644,22123253,0.00849058,0.0086894377,0.0082917223,2.2884995892,4.6841970077,25.3768624361,19.3219550196,19.2306951958,0.009,7.6597334662,34619551.8,0.6390392668,2.4424110199,0.008741607,1,0.0093640907,0.0002118128"
2026-09-04T21:00:00.000-03:00,"CSV=1788566400000,0.008644,0.008877,0.008628,0.008783,40111538,0.00849678,0.0086997824,0.0082937776,2.3334192043,4.7783370427,29.0884675613,17.8315192451,19.5481020295,0.008877,7.9125199656,31169543.8,1.2868824214,5.0224349642,0.0081059055,-1,0.0093583087,0.0002155315"
2026-09-04T22:00:00.000-03:00,"CSV=1788570000000,0.008785,0.008798,0.008581,0.008627,22165205,0.00849934,0.0087031597,0.0082955203,2.3419044732,4.796129723,27.1341210505,18.0886725869,19.5783597243,0.008877,7.5685785536,30463598.2,0.7275964203,5.1839135303,0.0081059055,-1,0.009351032,0.0002156784"
2026-09-04T23:00:00.000-03:00,"CSV=1788573600000,0.008625,0.008862,0.008593,0.008811,32548709,0.00850728,0.0087153098,0.0082992502,2.3869468091,4.8906303637,26.8603042031,16.6067637045,19.8457501367,0.008877,5.0303969484,27197651.2,1.1967470559,5.4626465995,0.0081059055,-1,0.0093456586,0.0002210105"
2026-09-05T00:00:00.000-03:00,"CSV=1788577200000,0.008809,0.008809,0.008557,0.008625,33874849,0.00850948,0.0087181604,0.0083007996,2.3936293644,4.9046580645,24.8044641952,16.4205052276,19.8785061007,0.008877,4.3178519594,27488047.3,1.2323483233,5.415463607,0.0081059055,-1,0.0093384878,0.0002243095"
2026-09-05T01:00:00.000-03:00,"CSV=1788580800000,0.008626,0.008739,0.008599,0.008622,21067348,0.0085118,0.0087210728,0.0083025272,2.3996226175,4.917240449,23.7317933261,15.7103992775,19.9090783337,0.008877,3.7794896485,27760778.9,0.7588889374,4.5663800324,0.0081059055,-1,0.0093313586,0.0002158785"
2026-09-05T02:00:00.000-03:00,"CSV=1788584400000,0.008621,0.00893,0.008621,0.008867,32400071,0.0085201,0.0087349908,0.0083052092,2.4601146295,5.0443254472,27.2648180272,14.2528232928,20.6711985394,0.00893,5.1464484762,28291512.8,1.1452222873,5.0088625201,0.0081059055,-1,0.0093267381,0.0002251907"
2026-09-05T03:00:00.000-03:00,"CSV=1788588000000,0.008867,0.009072,0.00876,0.008918,46952990,0.0085306,0.0087517588,0.0083094412,2.5270208241,5.1850694324,28.9293033293,12.9527568936,21.8362196448,0.009072,3.70973369,29204748.8,1.6077176462,5.3273097855,0.0082143852,-1,0.0093226711,0.0002338716"
2026-09-05T04:00:00.000-03:00,"CSV=1788591600000,0.008919,0.009511,0.008906,0.009401,94818238,0.00855184,0.0088025944,0.0083010856,2.8486421029,5.8643382133,35.88071465,10.8891673866,23.942813668,0.009511,9.8247663551,37129973.1,2.5536845326,11.914657816,0.0083955467,-1,0.0093234505,0.0002709844"
2026-09-05T05:00:00.000-03:00,"CSV=1788595200000,0.009406,0.009463,0.008973,0.009284,91037183,0.0085716,0.0088397406,0.0083034594,3.0333540974,6.2564896809,31.5227022199,9.5665870732,25.9089680896,0.009511,7.1560480148,43709938.4,2.0827570647,12.9112083967,0.0083955467,-1,0.0093230579,0.000292886"
2026-09-05T06:00:00.000-03:00,"CSV=1788598800000,0.009283,0.009411,0.009214,0.009348,40976587,0.00859114,0.0088788355,0.0083034445,3.2402394784,6.6974937948,29.9554578733,9.0909559106,27.7440455498,0.009511,8.144377603,45595271.8,0.8987025492,11.0472632357,0.0084626078,-1,0.0093233061,0.0002832974"
2026-09-05T07:00:00.000-03:00,"CSV=1788602400000,0.009348,0.009536,0.009336,0.009419,61743017,0.0086131,0.0089205638,0.0083056362,3.446686117,7.139446547,31.625181814,8.624537097,29.7040997131,0.009536,7.241261528,47758419.7,1.2928195151,10.4853902297,0.008611097,-1,0.0093242583,0.0002749677"
2026-09-05T08:00:00.000-03:00,"CSV=1788606000000,0.009422,0.009557,0.009266,0.00943,55395184,0.00863586,0.0089603602,0.0083113598,3.6215087714,7.5151804624,29.283061481,9.767296082,31.0555526821,0.009557,9.3079865538,51081417.6,1.0844488388,10.3549385564,0.008611097,-1,0.0093253104,0.0002765709"
2026-09-05T09:00:00.000-03:00,"CSV=1788609600000,0.009429,0.009594,0.009354,0.009516,65131159,0.00866002,0.0090036183,0.0083164217,3.8162244503,7.935276877,28.4313522943,9.1673639502,32.4008998944,0.009594,8.0013619339,54339662.6,1.1985933641,10.1000854768,0.0086552586,-1,0.0093272079,0.0002729138"
2026-09-05T10:00:00.000-03:00,"CSV=1788613200000,0.009519,0.009752,0.00937,0.009533,98772110,0.00868358,0.0090453615,0.0083217985,3.9996354656,8.332542246,29.6573098888,8.2981541526,33.9924570973,0.009752,10.5275362319,60829388.7,1.623756413,12.4314418077,0.0087095327,-1,0.0093292555,0.0002838224"
2026-09-05T11:00:00.000-03:00,"CSV=1788616800000,0.009533,0.00962,0.009278,0.009564,110243322,0.00870762,0.0090867538,0.0083284862,4.1723788817,8.7080923705,27.1848302098,9.8490072784,34.8470110105,0.009752,10.925539318,69746986.1,1.5806177179,14.0439948797,0.0087095327,-1,0.0093315913,0.0002896402"
2026-09-05T12:00:00.000-03:00,"CSV=1788620400000,0.009563,0.009637,0.00941,0.009453,49554876,0.00872904,0.0091192641,0.0083388159,4.2791187176,8.9408259939,26.0824671783,9.2977650043,35.6866039121,0.009752,6.6087741062,71462466.6,0.6934392046,10.8902576064,0.0087095327,-1,0.0093327994,0.0002833762"
2026-09-05T13:00:00.000-03:00,"CSV=1788624000000,0.009454,0.009648,0.009427,0.0095,54017119,0.00874532,0.0091501167,0.0083405233,4.4239513464,9.2574476737,24.9182755995,8.7848849885,36.498768531,0.009752,6.5261269343,72168879.5,0.7484821626,8.8884016047,0.0087095327,-1,0.009334463,0.0002771385"
2026-09-05T14:00:00.000-03:00,"CSV=1788627600000,0.009497,0.009572,0.009218,0.009314,62628912,0.00876018,0.0091718835,0.0083484765,4.4887560096,9.3994294746,22.7632805605,13.1310344277,35.8545185411,0.009752,-0.9254334645,68949946.9,0.9083242963,5.6454031696,0.0087095327,-1,0.0093342594,0.0002848247"
2026-09-05T15:00:00.000-03:00,"CSV=1788631200000,0.009314,0.009349,0.009221,0.00932,33013978,0.0087726,0.0091915733,0.0083536267,4.5582323785,9.5518607673,22.0253408873,12.705352759,35.2532185504,0.009752,0.3877638949,63147626.4,0.5228063172,3.831177251,0.0087095327,-1,0.0093341175,0.0002691422"
2026-09-05T16:00:00.000-03:00,"CSV=1788634800000,0.00932,0.00937,0.00909,0.009171,41563029,0.0087809,0.0092035567,0.0083582433,4.5923187424,9.626727496,20.4700347911,15.1119168306,33.906905812,0.009752,-1.8934531451,63206270.6,0.6575776202,2.139087363,0.0087095327,-1,0.0093324945,0.000270228"
2026-09-05T17:00:00.000-03:00,"CSV=1788638400000,0.009171,0.009273,0.00917,0.009212,19085134,0.0087906,0.0092174529,0.0083637471,4.6309203486,9.7115760486,19.9157507997,14.7027190121,32.6503472561,0.009752,-2.1976855292,58940482.3,0.3238034922,1.188852159,0.0087095327,-1,0.0093312955,0.0002535052"
2026-09-05T18:00:00.000-03:00,"CSV=1788642000000,0.009211,0.009345,0.009196,0.009299,15370870,0.00880446,0.0092363155,0.0083726045,4.6756251998,9.8099257606,21.0599126906,14.1105182175,31.7909371905,0.009752,-1.3891834571,54938050.9,0.2797854993,0.6630103103,0.0087095327,-1,0.0093309742,0.0002430547"
2026-09-05T19:00:00.000-03:00,"CSV=1788645600000,0.009297,0.00943,0.009272,0.009412,18139127,0.00881904,0.0092587827,0.0083792973,4.7494655629,9.9725751482,22.4924922397,13.4930487878,31.3387746045,0.009752,-1.0928961749,50238847.7,0.3610577836,0.3104739833,0.0087095327,-1,0.0093317804,0.0002345492"
2026-09-05T20:00:00.000-03:00,"CSV=1788649200000,0.009411,0.009463,0.009363,0.009412,21853108,0.00883558,0.0092817152,0.0083894448,4.8066028361,10.0986055322,22.7953080409,13.1041926983,31.0491980094,0.009752,-1.2692751495,42546947.5,0.5136234039,-0.010327152,0.0087497171,-1,0.0093325786,0.0002210943"
2026-09-05T21:00:00.000-03:00,"CSV=1788652800000,0.009412,0.009616,0.009397,0.009446,49602535,0.00885104,0.009304605,0.008397475,4.874629161,10.2488518426,25.7765126507,12.274190914,31.3449233241,0.009752,-1.2337933919,36482868.8,1.3596116926,-0.566044742,0.0088438454,-1,0.0093337072,0.0002208849"
2026-09-05T22:00:00.000-03:00,"CSV=1788656400000,0.009444,0.009537,0.009415,0.00944,15924175,0.00886662,0.0093267218,0.0084065182,4.9331563446,10.3782899587,24.8375330602,11.8270701217,31.6209336178,0.009752,-0.1375224796,33119798.7,0.4808053076,-0.399403674,0.0088438454,-1,0.0093347648,0.0002109964"
2026-09-05T23:00:00.000-03:00,"CSV=1788660000000,0.009443,0.009473,0.009281,0.009293,19891952,0.0088793,0.0093422327,0.0084163673,4.9552688457,10.4272352302,23.4002038418,15.181437403,30.9330228915,0.009752,-2.1789473684,29707282,0.669598518,-0.7526090922,0.0088438454,-1,0.0093343493,0.0002090967"
2026-09-06T00:00:00.000-03:00,"CSV=1788663600000,0.009293,0.009494,0.009279,0.009395,23379445,0.00889332,0.009361019,0.008425621,4.9962405093,10.5179848378,22.5151296658,14.1958192122,30.3815987053,0.009752,0.8696585785,25782335.3,0.9068009057,-0.2388703326,0.0088438454,-1,0.0093349527,0.0002096871"
2026-09-06T01:00:00.000-03:00,"CSV=1788667200000,0.009391,0.009461,0.009281,0.009353,24512000,0.0089061,0.0093774407,0.0084347593,5.0263255142,10.58467105,21.2760908232,13.4146035733,29.8669361315,0.009752,0.3540772532,24932137.5,0.9831487573,-0.0432100179,0.0088438454,-1,0.0093351323,0.0002067184"
2026-09-06T02:00:00.000-03:00,"CSV=1788670800000,0.009352,0.00936,0.009227,0.009307,17963507,0.00891384,0.0093885111,0.0084391689,5.0558723974,10.6502055999,20.3878626832,14.549594488,28.9898488645,0.009752,1.4829353397,22572185.3,0.7958248952,0.3645789418,0.0088438454,-1,0.0093348524,0.0001993465"
2026-09-06T03:00:00.000-03:00,"CSV=1788674400000,0.009306,0.009309,0.009011,0.009098,41452536,0.00891892,0.0093941753,0.0084436647,5.0590426323,10.6572395573,18.5306906118,19.8268869491,27.2824752414,0.009752,-1.2375162831,24808925.5,1.6708718804,-0.4461910918,0.0088438454,-1,0.0093324957,0.0002092119"
2026-09-06T04:00:00.000-03:00,"CSV=1788678000000,0.009095,0.0091,0.008821,0.009077,50865387,0.0089265,0.0094011934,0.0084518066,5.049289019,10.6356002326,16.9792010517,23.8686028566,26.5880453862,0.009752,-2.3873534789,28358377.2,1.7936635316,-1.7248303519,0.0088438454,-1,0.0093299534,0.0002161907"
2026-09-06T05:00:00.000-03:00,"CSV=1788681600000,0.009077,0.009352,0.009053,0.009318,31524561,0.00894048,0.0094162034,0.0084647566,5.0521782095,10.642009715,22.8818799488,21.7752140675,24.9807184458,0.009752,-0.9987250319,29696920.6,1.0615430948,-1.503283455,0.0088438454,-1,0.0093298345,0.0002244716"
2026-09-06T06:00:00.000-03:00,"CSV=1788685200000,0.009324,0.009389,0.009278,0.009325,27749896,0.00895464,0.0094310606,0.0084782194,5.0516117183,10.64075296,23.2341879713,21.0411934174,23.6455424731,0.009648,-0.9243518912,30286599.4,0.9162433733,-1.2844994016,0.0088438454,-1,0.0093297864,0.0002131245"
2026-09-06T07:00:00.000-03:00,"CSV=1788688800000,0.009329,0.009454,0.009305,0.00942,27627315,0.0089745,0.0094492054,0.0084997946,5.0237603389,10.5789834527,24.1770071525,20.0682622296,22.68825911,0.009648,-0.2752487826,28089077.4,0.9835607844,-0.9465742373,0.0088438454,-1,0.009330684,0.000206712"
2026-09-06T08:00:00.000-03:00,"CSV=1788692400000,0.009421,0.0096,0.009302,0.009596,27328266,0.00899734,0.009473922,0.008520758,5.0304617412,10.5938426855,26.4142373129,18.259074111,22.3927159944,0.009648,1.6525423729,29229486.5,0.9349553917,-0.116031691,0.0088438454,-1,0.009333324,0.0002158408"
2026-09-06T09:00:00.000-03:00,"CSV=1788696000000,0.009595,0.009741,0.009468,0.009694,66232064,0.00902326,0.0095017797,0.0085447403,5.0361061206,10.6063597751,28.4656264581,16.7747158357,22.6226537267,0.009741,4.3150758636,33863497.7,1.955854194,2.7358652811,0.0089398298,-1,0.0093369128,0.0002215567"
2026-09-06T10:00:00.000-03:00,"CSV=1788699600000,0.009694,0.0097,0.009513,0.00961,28341189,0.00904742,0.0095244561,0.0085703839,5.0085386299,10.5452396619,26.8629151198,15.8302424265,22.8372622769,0.009741,2.2884513039,34359672.1,0.8248387504,2.453111292,0.0089521968,-1,0.0093396301,0.0002181011"
2026-09-06T11:00:00.000-03:00,"CSV=1788703200000,0.00961,0.009892,0.00961,0.009867,53616963,0.00908266,0.009553821,0.008611499,4.9316496119,10.3749556857,30.3002588455,14.5102256391,23.6639356772,0.009892,5.495562921,37270168.4,1.4386026493,4.2707179872,0.0090775272,-1,0.0093448775,0.0002244909"
2026-09-06T12:00:00.000-03:00,"CSV=1788706800000,0.009867,0.009985,0.009716,0.009956,44538380,0.0091212,0.0095833231,0.0086590769,4.8221596708,10.1329461861,30.6357599803,13.3707282223,24.7018681846,0.009985,6.9732459439,39927655.7,1.11547696,5.4399770537,0.0091636744,-1,0.0093509584,0.0002289419"
2026-09-06T13:00:00.000-03:00,"CSV=1788710400000,0.009952,0.009995,0.009517,0.009597,78345384,0.00915036,0.0095952655,0.0087054545,4.6367186407,9.7243269624,26.6510849156,17.0465366486,24.5203814783,0.009995,5.4847219169,43616940.5,1.7962145694,6.9105638413,0.0091636744,-1,0.0093534065,0.0002538477"
2026-09-06T14:00:00.000-03:00,"CSV=1788714000000,0.009598,0.009698,0.00955,0.009687,26910303,0.0091837,0.0096044549,0.0087629451,4.3808306569,9.1630803468,25.5487076877,16.3414353787,24.3509938858,0.009995,6.7202820315,41221432.1,0.6528230978,6.0694276722,0.0091636744,-1,0.0093567259,0.0002432629"
2026-09-06T15:00:00.000-03:00,"CSV=1788717600000,0.009696,0.009701,0.009517,0.009554,15205784,0.009207,0.0096151707,0.0087988293,4.2450692288,8.8665287409,24.2145386132,16.4246409414,24.0054904447,0.009995,2.532732346,39589554.4,0.3840857577,4.3705472555,0.0091636744,-1,0.0093586888,0.0002373366"
2026-09-06T16:00:00.000-03:00,"CSV=1788721200000,0.009552,0.009626,0.009539,0.009606,9931623,0.00923376,0.0096229088,0.0088446112,4.0439829631,8.4288262227,23.5904548273,16.0013269868,23.6830205664,0.009995,3.0134048257,37807727.1,0.2626876504,3.1775595815,0.0091636744,-1,0.0093611496,0.000222303"
2026-09-06T17:00:00.000-03:00,"CSV=1788724800000,0.009602,0.009628,0.009472,0.009519,17822756,0.00925798,0.0096258615,0.0088900985,3.8218031279,7.9473378628,22.4774859866,17.2726719736,22.9770738418,0.009995,1.050955414,36827271.2,0.4839553792,2.287911563,0.0091636744,-1,0.0093627203,0.0002156727"
2026-09-06T18:00:00.000-03:00,"CSV=1788728400000,0.009521,0.009645,0.009496,0.009599,15142395,0.0092813,0.0096327356,0.0089298644,3.6483472029,7.5729831238,21.9677247962,16.4771473784,22.3973815775,0.009995,0.0312630263,35608684.1,0.425244442,1.5297058514,0.0091636744,-1,0.0093650713,0.0002090054"
2026-09-06T19:00:00.000-03:00,"CSV=1788732000000,0.0096,0.009666,0.009458,0.009596,17156831,0.00930124,0.0096415038,0.0089609762,3.5291570646,7.3165258169,20.5519706358,16.5926417931,21.6148379903,0.009995,-1.0109345987,30701160.8,0.5588332999,0.8314892617,0.0091636744,-1,0.0093673691,0.0002089049"
2026-09-06T20:00:00.000-03:00,"CSV=1788735600000,0.0096,0.009763,0.009554,0.009738,16317069,0.0093248,0.0096535109,0.0089960891,3.4050914763,7.0502504289,22.2297554893,15.5160985692,21.3596137953,0.009995,1.3319458897,29498748.8,0.5531444439,0.7999123306,0.0091636744,-1,0.009371057,0.0002089144"
2026-09-06T21:00:00.000-03:00,"CSV=1788739200000,0.009739,0.009752,0.009594,0.009649,17042562,0.0093445,0.0096623549,0.0090266451,3.2896213392,6.8030368297,21.1198626541,14.7414068889,21.1214045466,0.009995,-2.2093848181,25841308.7,0.6595084714,0.047572219,0.0091636744,-1,0.0093738226,0.0002038229"
2026-09-06T22:00:00.000-03:00,"CSV=1788742800000,0.009652,0.009701,0.009458,0.009534,34031559,0.0093623,0.0096649865,0.0090596135,3.1317835399,6.4660704086,19.5143529744,17.8753389324,20.0055508223,0.009995,-4.2386500603,24790626.6,1.3727591299,-1.9078337102,0.0091636744,-1,0.0093754164,0.0002077406"
2026-09-06T23:00:00.000-03:00,"CSV=1788746400000,0.009537,0.009857,0.009477,0.009814,32975980,0.00938292,0.009680515,0.009085325,3.0741651203,6.3433348273,21.9477189985,15.8558069528,19.7461585189,0.009995,2.2611232677,20253686.2,1.6281470777,-0.0447420599,0.0091636744,-1,0.0093797804,0.0002249666"
2026-09-07T00:00:00.000-03:00,"CSV=1788750000000,0.009815,0.009944,0.009646,0.0099,28537762,0.00940838,0.0096944459,0.0091223141,2.9508228822,6.0810878975,22.5760086856,14.4811469373,19.8860320095,0.009995,2.1988231651,20416432.1,1.3977839938,0.9946652352,0.0091636744,-1,0.0093849567,0.0002322699"
2026-09-07T01:00:00.000-03:00,"CSV=1788753600000,0.009894,0.009905,0.009749,0.009787,20434611,0.0094279,0.0097057174,0.0091500826,2.8624094184,5.893515376,21.5291101588,13.8096247207,20.0165806007,0.009995,2.4387691019,20939314.8,0.9758968331,1.4564391712,0.0091636744,-1,0.0093889571,0.0002246429"
2026-09-07T02:00:00.000-03:00,"CSV=1788757200000,0.009785,0.009817,0.009264,0.009305,72842672,0.0094415,0.0096952847,0.0091877153,2.6176090945,5.375939264,18.3051196574,24.8752443999,19.6965111003,0.009995,-3.1334582553,27230419.7,2.6750477151,-1.8230906679,0.0091636744,-1,0.0093881217,0.0002574786"
2026-09-07T03:00:00.000-03:00,"CSV=1788760800000,0.009305,0.0095,0.009292,0.009456,41286568,0.00945818,0.0096833489,0.0092330111,2.3253203976,4.7613576151,17.263299161,23.4594907772,19.3977795666,0.009995,-0.6618342263,29576800.9,1.3959105361,-1.5233475685,0.0091636744,-1,0.0093887971,0.0002525308"
2026-09-07T04:00:00.000-03:00,"CSV=1788764400000,0.00946,0.009493,0.009157,0.009189,43205975,0.00946462,0.0096770319,0.0092522081,2.1950113322,4.4885467747,15.7152628598,24.9587258614,19.6196432803,0.009995,-4.2712782582,32383158.9,1.3342112526,-2.915160884,0.0091636744,-1,0.0093868091,0.0002608777"
2026-09-07T05:00:00.000-03:00,"CSV=1788768000000,0.009187,0.009658,0.009187,0.00959,54799852,0.00947806,0.0096762436,0.0092798764,2.0481459645,4.1819442515,18.0080262491,21.9962739037,18.9763035531,0.009995,-0.0625260525,36147461,1.5160083304,-1.9750372615,0.0091636744,-1,0.0093888309,0.0002818899"
2026-09-07T06:00:00.000-03:00,"CSV=1788771600000,0.00959,0.00976,0.009566,0.009708,28154802,0.0094842,0.0096846438,0.0092837562,2.0697075863,4.2268996349,19.728668156,20.9014377928,17.9036469685,0.009995,-0.3080714726,37331234.3,0.7541888857,-1.3941395346,0.0091636744,-1,0.0093920067,0.0002731009"
2026-09-07T07:00:00.000-03:00,"CSV=1788775200000,0.009708,0.009759,0.009556,0.009563,19172598,0.00948978,0.0096884485,0.0092911115,2.0505708093,4.1869989978,18.6859368731,20.0570840024,16.9460092783,0.009995,-0.8912840709,37544237.9,0.5106668579,-1.0811427684,0.0091636744,-1,0.0093937082,0.0002660908"
2026-09-07T08:00:00.000-03:00,"CSV=1788778800000,0.009568,0.009621,0.009484,0.009536,18396238,0.00949354,0.0096912664,0.0092958136,2.0402534583,4.1654935426,17.9980945163,21.2533455309,16.3691639186,0.009995,0.020977554,35980705.8,0.511280632,-0.7171867065,0.0091636744,-1,0.009395124,0.0002531818"
2026-09-07T09:00:00.000-03:00,"CSV=1788782400000,0.009536,0.009615,0.009461,0.009573,20588607,0.00949662,0.0096943607,0.0092988793,2.0397500544,4.164444365,17.234039722,20.9851219933,15.9321972514,0.009944,-2.4556755655,34741968.5,0.5926148658,-0.9632144196,0.0091636744,-1,0.0093968939,0.0002432636"
2026-09-07T10:00:00.000-03:00,"CSV=1788786000000,0.009566,0.009691,0.009434,0.009452,18160156,0.00949706,0.0096946764,0.0092994436,2.0384015789,4.1616339704,18.1044865958,19.5046133462,15.118240125,0.009944,-4.5252525253,33704207.9,0.538809755,-1.4548930145,0.0091636744,-1,0.0093974422,0.0002446372"
2026-09-07T11:00:00.000-03:00,"CSV=1788789600000,0.009456,0.009478,0.009347,0.009389,14529926,0.00949452,0.0096926921,0.0092963479,2.0445513923,4.1744515928,17.4327980464,21.2449166628,14.7674315378,0.009944,-4.0666189844,33113739.4,0.4387884384,-1.5647238075,0.0091636744,-1,0.0093973582,0.0002332735"
2026-09-07T12:00:00.000-03:00,"CSV=1788793200000,0.00939,0.009459,0.00924,0.009299,31791458,0.00948984,0.009689803,0.009289877,2.0636439349,4.2142550893,16.3465151186,22.9655874944,14.9054186516,0.009944,-0.0644814616,29008618,1.0959314918,-1.0667049598,0.0091636744,-1,0.0093963795,0.0002318461"
2026-09-07T13:00:00.000-03:00,"CSV=1788796800000,0.009298,0.009581,0.009287,0.009362,25750961,0.0094858,0.0096862639,0.0092853361,2.0695684625,4.2266095022,18.415244045,21.0765450535,14.3609821897,0.009944,-0.9940778342,27455057.3,0.9379314244,-1.0219289195,0.0091636744,-1,0.0093960374,0.0002380615"
2026-09-07T14:00:00.000-03:00,"CSV=1788800400000,0.009362,0.009376,0.009277,0.009348,12667594,0.0094837,0.0096850445,0.0092823555,2.0789218433,4.2461171433,17.8844917916,20.7602152838,13.8996795154,0.009944,1.7303297421,24401219.2,0.5191377487,-0.3818594508,0.0091636744,-1,0.0093955595,0.0002241554"
2026-09-07T15:00:00.000-03:00,"CSV=1788804000000,0.009346,0.009383,0.009294,0.009347,10410312,0.00948064,0.0096828742,0.0092784058,2.0885761066,4.2662562213,17.6138600507,20.1994615221,13.4288879301,0.009944,-2.5338894682,19962265.2,0.521499534,-0.6950470262,0.0091636744,-1,0.0093950763,0.0002106398"
2026-09-07T16:00:00.000-03:00,"CSV=1788807600000,0.009352,0.009488,0.009331,0.009438,14136655,0.00948312,0.0096840516,0.0092821884,2.074871167,4.2376684958,20.0067820339,19.218326498,12.6676339787,0.009944,-2.7812113721,18560450.5,0.7616547346,-1.1694722873,0.0091636744,-1,0.0093955034,0.0002052759"
2026-09-07T17:00:00.000-03:00,"CSV=1788811200000,0.009439,0.009607,0.009431,0.009477,15343055,0.00948626,0.0096858401,0.0092866799,2.0605351462,4.2077729325,22.6310583883,18.1589370359,12.5540430584,0.009944,-0.899299383,18177496.2,0.8440686677,-1.0326716689,0.0091636744,-1,0.0093963143,0.0002023483"
2026-09-07T18:00:00.000-03:00,"CSV=1788814800000,0.009475,0.00952,0.009439,0.009518,5240811,0.0094932,0.0096876645,0.0092987355,2.0073413521,4.096921912,22.0321874026,17.6784088902,12.4480248661,0.009944,-0.1887583893,16861953.5,0.3108068706,-0.7080035807,0.0091636744,-1,0.0093975251,0.0001902134"
2026-09-07T19:00:00.000-03:00,"CSV=1788818400000,0.009517,0.00967,0.009485,0.009651,19044443,0.00950198,0.0096934373,0.0093105227,1.9751229505,4.0298401996,25.6233916952,16.603252796,13.0422398439,0.009944,0.8147916014,16707537.1,1.1398713578,-0.1624165175,0.0091636744,-1,0.0094000472,0.0001896921"
2026-09-07T20:00:00.000-03:00,"CSV=1788822000000,0.009649,0.009737,0.009516,0.009673,24249944,0.00950946,0.0097001453,0.0093187747,1.9657985149,4.0104340834,25.9623451974,15.4041668086,13.874323322,0.009905,2.3381294964,17316515.9,1.4003939441,0.9831564508,0.0091636744,-1,0.0094027632,0.0001928229"
2026-09-07T21:00:00.000-03:00,"CSV=1788825600000,0.009673,0.00969,0.009311,0.009541,38303948,0.00951204,0.0097022613,0.0093218187,1.9605876803,3.9995908459,22.9207826612,19.9362881268,13.4136239199,0.009817,1.6189157525,19693918.1,1.9449633032,1.705014877,0.0091636744,-1,0.0094041387,0.0002114406"
2026-09-07T22:00:00.000-03:00,"CSV=1788829200000,0.00954,0.009566,0.009442,0.009458,9907806,0.00951296,0.0097028061,0.0093231139,1.9566107083,3.9913159316,22.0166147861,19.149851139,12.9836378113,0.00976,1.7098612754,17505552.9,0.5659807523,1.4592594417,0.0091636744,-1,0.0094046746,0.0002026965"
2026-09-07T23:00:00.000-03:00,"CSV=1788832800000,0.009461,0.009497,0.009232,0.009256,22240838,0.00950916,0.0097021834,0.0093161366,1.9894836549,4.0597350756,20.1927119767,24.1282834777,12.7100419674,0.00976,-1.1322367016,17154540.6,1.2964986075,0.4835251922,0.0091636744,-1,0.0094031953,0.0002089269"
2026-09-08T00:00:00.000-03:00,"CSV=1788836400000,0.009257,0.00935,0.009174,0.009265,23093072,0.00950566,0.0097014721,0.0093098479,2.0183752809,4.1199057204,19.0686234662,24.6196241005,12.7097682147,0.00976,-0.8878904579,18197088.4,1.2690531305,-0.0532432603,0.0091636744,-1,0.0094018202,0.0002056342"
2026-09-08T01:00:00.000-03:00,"CSV=1788840000000,0.009264,0.009376,0.009236,0.009312,15929037,0.00950604,0.0097014571,0.0093106229,2.0143065781,4.1114299603,19.046102856,23.5044699349,12.5609708293,0.00976,-0.3744516957,18748960.9,0.8495957235,-0.1415396933,0.0091636744,-1,0.0094009265,0.0001990708"
2026-09-08T02:00:00.000-03:00,"CSV=1788843600000,0.009312,0.009399,0.009288,0.009319,15437301,0.00950452,0.0097010871,0.0093079529,2.0262374731,4.1362859214,19.1081511878,22.6335768311,12.2866265511,0.009759,-1.2608603518,18879025.5,0.8176958604,-0.4380265589,0.0091636744,-1,0.0094001113,0.0001902637"
2026-09-08T03:00:00.000-03:00,"CSV=1788847200000,0.009317,0.009338,0.009002,0.009161,44725883,0.00950068,0.0097019878,0.0092993722,2.0749126175,4.2377549471,17.0582691305,29.3368860184,13.2318714322,0.009737,-3.3343885196,21817308.3,2.0500183792,-2.5705369555,0.009784512,1,0.009397732,0.0002048373"
2026-09-08T04:00:00.000-03:00,"CSV=1788850800000,0.009162,0.009248,0.009137,0.009211,14153958,0.00949876,0.0097023507,0.0092951693,2.0983649076,4.286680004,16.4342373817,28.2636734817,14.1140999879,0.009737,-3.2254675352,22708623,0.6232856127,-2.3838204733,0.0097788608,1,0.009395874,0.0001954536"
2026-09-08T05:00:00.000-03:00,"CSV=1788854400000,0.009212,0.009267,0.009184,0.009216,13347278,0.00950112,0.0097006958,0.0093015442,2.0573350406,4.2011008,16.6181017223,27.4589008304,14.8128357804,0.009737,-4.5073049425,22138906.5,0.6028878617,-2.4950134618,0.0097781247,1,0.0093940842,0.0001842082"
2026-09-08T06:00:00.000-03:00,"CSV=1788858000000,0.009216,0.009262,0.009169,0.0092,13256181,0.00950358,0.0096986194,0.0093085406,2.0110015872,4.1045456526,16.0688181415,27.0844109589,15.5270930064,0.009737,-4.8898997209,21039530.2,0.630060694,-2.6903201785,0.0097407622,1,0.009392153,0.0001750874"
2026-09-08T07:00:00.000-03:00,"CSV=1788861600000,0.0092,0.009279,0.009151,0.009189,14846905,0.009501,0.0096993031,0.0093026969,2.0445087576,4.1743627268,15.3219900838,26.4791935507,16.271361374,0.009737,-3.68934074,18693825.9,0.7942143614,-2.770255919,0.009726136,1,0.0093901316,0.0001703787"
2026-09-08T08:00:00.000-03:00,"CSV=1788865200000,0.009183,0.009195,0.009079,0.009113,15904596,0.00949676,0.0097009597,0.0092925603,2.1049429146,4.3004069404,14.6603930536,28.0159448023,17.2729360041,0.009737,-3.647705646,19293504.9,0.8243497531,-2.8491656955,0.0096318224,1,0.0093873741,0.0001649408"
2026-09-08T09:00:00.000-03:00,"CSV=1788868800000,0.009111,0.009262,0.009098,0.009174,23266481,0.00949184,0.0097007393,0.0092829407,2.1534373105,4.4016616452,16.268449737,26.295990209,17.6919731163,0.009737,-0.885911841,19396069.2,1.1995461946,-2.2536745229,0.0096318224,1,0.009385251,0.0001648467"
2026-09-08T10:00:00.000-03:00,"CSV=1788872400000,0.009174,0.00932,0.00894,0.009257,59014239,0.00948506,0.0096959604,0.0092741596,2.1751367159,4.4470018007,14.1168886988,28.3172163064,18.7434696514,0.009737,-0.0863464652,22988185.9,2.5671551142,-1.5763379385,0.0096318224,1,0.0093839748,0.0001863621"
2026-09-08T11:00:00.000-03:00,"CSV=1788876000000,0.00926,0.009448,0.00918,0.009416,32691975,0.0094795,0.0096884745,0.0092705255,2.1569388734,4.4089766786,17.1736820151,25.7444219898,18.8252375033,0.009737,1.116838488,24664479.7,1.3254678549,-0.557447454,0.0096318224,1,0.0093842935,0.0001945258"
2026-09-08T12:00:00.000-03:00,"CSV=1788879600000,0.009416,0.009523,0.009276,0.0093,33101783,0.0094733,0.0096829084,0.0092636916,2.1647258399,4.4252461261,18.2596906314,23.6248465061,18.4241813474,0.009737,-0.203884537,26430927.9,1.2523882296,-0.4567458341,0.0096318224,1,0.0093834547,0.0001997733"
2026-09-08T13:00:00.000-03:00,"CSV=1788883200000,0.0093,0.00944,0.009292,0.009391,23005651,0.00946378,0.0096659693,0.0092615907,2.0917648161,4.2729088358,17.3430097056,22.4388216931,18.0498622685,0.009737,2.5106429429,24258904.7,0.9483384054,0.4891491523,0.0096318224,1,0.0093835298,0.0001945959"
2026-09-08T14:00:00.000-03:00,"CSV=1788886800000,0.00939,0.009495,0.009375,0.009468,20624558,0.00945402,0.0096435985,0.0092644415,1.965848442,4.0105379825,18.5336094581,21.5011118973,17.340692914,0.009737,2.7901422213,24905964.7,0.8280971345,1.0962690276,0.0096318224,1,0.0093843703,0.0001871363"
2026-09-08T15:00:00.000-03:00,"CSV=1788890400000,0.009469,0.009575,0.00927,0.00931,33814985,0.00944828,0.0096377874,0.0092587726,1.9662953577,4.011468025,16.6399485995,22.8217283356,17.2289983061,0.009737,1.0199652778,26952735.4,1.2546030857,1.1573965467,0.0096318224,1,0.0093836303,0.0001989227"
2026-09-08T16:00:00.000-03:00,"CSV=1788894000000,0.009311,0.009342,0.009247,0.009318,16629414,0.0094409,0.0096281386,0.0092536614,1.9447018688,3.9665411371,16.0912681856,22.8675221219,17.2399576837,0.00969,1.2826086957,27290058.7,0.6093579418,1.0321202961,0.0096318224,1,0.0093829773,0.0001885304"
2026-09-08T17:00:00.000-03:00,"CSV=1788897600000,0.009317,0.00935,0.009231,0.009322,11738756,0.00943626,0.009623513,0.009249007,1.9457859554,3.9687961896,15.4093408221,22.4682237122,17.3330306852,0.009575,1.4473827402,26979243.8,0.4351032255,0.898000497,0.0096318224,1,0.0093823705,0.0001815774"
2026-09-08T18:00:00.000-03:00,"CSV=1788901200000,0.009322,0.009331,0.00915,0.009214,13589756,0.00942842,0.009616606,0.009240234,1.956885639,3.9918879603,14.4138812625,23.9077390302,17.829105667,0.009575,1.1083068144,26747759.8,0.5080708105,0.7863664452,0.0096318224,1,0.0093806952,0.0001815197"
2026-09-08T19:00:00.000-03:00,"CSV=1788904800000,0.009212,0.009331,0.009209,0.009259,10616891,0.00942322,0.0096124207,0.0092340193,1.9682936432,4.0156266097,13.7713976448,22.8420766742,18.2921089833,0.009575,0.9265315021,25482800.8,0.4166296744,0.6529178028,0.0096318224,1,0.0093794843,0.0001755677"
2026-09-08T20:00:00.000-03:00,"CSV=1788908400000,0.009258,0.009282,0.00916,0.009231,11831360,0.00941586,0.0096052372,0.0092264828,1.971603481,4.0225150079,13.1436841631,23.6316235248,18.9738997893,0.009575,-0.2808685319,20764512.9,0.5697875051,0.3819334085,0.0096318224,1,0.0093780069,0.0001702109"
2026-09-08T21:00:00.000-03:00,"CSV=1788912000000,0.009234,0.00943,0.009218,0.009329,30383664,0.00941052,0.0095985016,0.0092225384,1.9584475558,3.99513779,17.5765292729,21.7830317522,18.4214645652,0.009575,-0.9239592184,20533681.8,1.4796987845,-0.2011048384,0.0096318224,1,0.0093775192,0.0001743898"
2026-09-08T22:00:00.000-03:00,"CSV=1788915600000,0.009331,0.009331,0.009143,0.009171,31695085,0.00939918,0.0095841422,0.0092142178,1.9298777961,3.9357099854,16.3605385443,23.0359698854,18.3229816416,0.009575,-1.3870967742,20393012,1.5542130314,-0.8526845197,0.0096318224,1,0.0093754643,0.0001757508"
2026-09-08T23:00:00.000-03:00,"CSV=1788919200000,0.009171,0.009199,0.00904,0.009075,17687317,0.0093877,0.0095746034,0.0092007966,1.9520748378,3.9818789322,15.3953979983,25.4985254123,18.7484957714,0.009575,-3.3649238633,19861178.6,0.8905472005,-1.5673308552,0.0096318224,1,0.0093724746,0.0001740758"
2026-09-09T00:00:00.000-03:00,"CSV=1788922800000,0.009078,0.009094,0.008921,0.008952,25915884,0.00937606,0.0095714212,0.0091806988,2.0410892059,4.1672354038,14.4047680841,28.2839027841,19.6660930211,0.009575,-5.4499366286,20390311.2,1.2709901161,-3.3538257663,0.0095294046,1,0.0093682908,0.0001739682"
2026-09-09T01:00:00.000-03:00,"CSV=1788926400000,0.00895,0.009053,0.008917,0.008977,16250078,0.00935932,0.0095522836,0.0091663564,2.0200778604,4.1234526755,13.6642068507,26.9810119254,20.5392549332,0.009575,-3.5767991407,18633820.5,0.872074409,-3.2756288431,0.0094955141,1,0.0093643974,0.0001701714"
2026-09-09T02:00:00.000-03:00,"CSV=1788930000000,0.008978,0.009027,0.008857,0.009027,18927338,0.00934186,0.0095243213,0.0091593987,1.9157405468,3.9063159726,12.7839811185,27.5165285237,21.6070864235,0.009575,-3.1229877656,18863612.9,1.0033782023,-3.2282651787,0.0094524627,1,0.0093610402,0.0001701542"
2026-09-09T03:00:00.000-03:00,"CSV=1788933600000,0.009024,0.009046,0.008964,0.008981,12365177,0.00932574,0.009503711,0.009147769,1.8726473033,3.8167692328,13.1186339399,26.6299679166,22.4327455228,0.009575,-3.6580133019,18926255,0.6533345873,-2.9488123228,0.0094524627,1,0.0093572587,0.0001613388"
2026-09-09T04:00:00.000-03:00,"CSV=1788937200000,0.008982,0.009002,0.008752,0.008807,25385595,0.00931578,0.0095079978,0.0091235622,2.0216435351,4.1267145277,11.8694282159,32.16913742,24.0102491938,0.009575,-4.4171912307,20105838.9,1.26259815,-3.8249207073,0.0093876148,1,0.0093517835,0.0001702049"
2026-09-09T05:00:00.000-03:00,"CSV=1788940800000,0.008807,0.008882,0.008807,0.008869,15223432,0.00930404,0.0095050596,0.0091030204,2.1148694019,4.3211249533,11.5169224127,31.213757985,25.4825859533,0.009575,-4.2121179393,20566493,0.7402055372,-3.5892248123,0.0093265533,1,0.0093469796,0.0001606844"
2026-09-09T06:00:00.000-03:00,"CSV=1788944400000,0.00887,0.008902,0.008773,0.008791,10735259,0.00929608,0.0095090237,0.0090831363,2.2393858653,4.5813661977,10.9193051344,30.9617177335,26.974119876,0.009575,-4.766547503,20456882.9,0.5247749157,-3.2266047296,0.009310048,1,0.0093414475,0.000157516"
2026-09-09T07:00:00.000-03:00,"CSV=1788948000000,0.008791,0.008838,0.008729,0.008772,16709742,0.00927972,0.0095007241,0.0090587159,2.3261813964,4.763162595,10.4293633136,31.3837251394,28.5168025751,0.009575,-5.9706292207,19089490.7,0.8753372346,-3.8931745101,0.0092414932,1,0.0093357814,0.0001526644"
2026-09-09T08:00:00.000-03:00,"CSV=1788951600000,0.008774,0.008854,0.008665,0.008817,17911507,0.0092619,0.0094835731,0.0090402269,2.3374429922,4.7867741002,9.6268841159,31.5744474422,30.1669532801,0.009575,-3.8599934576,17711132.9,1.0113134547,-3.8966707797,0.0092283939,1,0.0093306194,0.000156298"
2026-09-09T09:00:00.000-03:00,"CSV=1788955200000,0.008812,0.008836,0.00872,0.008809,16710326,0.00924682,0.0094730957,0.0090205443,2.3886144501,4.8941308161,9.1632403007,30.053779166,31.7070939381,0.009575,-2.9311294766,17613433.8,0.9487261933,-3.5247269566,0.0092283939,1,0.0093254291,0.0001522682"
2026-09-09T10:00:00.000-03:00,"CSV=1788958800000,0.008806,0.008828,0.008621,0.00864,23826135,0.0092289,0.009466748,0.008991052,2.5124576964,5.1544179636,8.3906163441,31.5523004656,33.4590851638,0.009575,-3.4852546917,17404458.9,1.3689672938,-3.9402178655,0.009197724,1,0.0093186089,0.0001577413"
2026-09-09T11:00:00.000-03:00,"CSV=1788962400000,0.008642,0.00875,0.008619,0.008688,24812873,0.0092112,0.0094556213,0.0089667787,2.584930895,5.3070452421,7.9368508308,29.92851343,35.1003842429,0.00943,-3.219338309,18260738.4,1.3588099482,-4.0849682173,0.0091497016,1,0.0093123342,0.0001550672"
2026-09-09T12:00:00.000-03:00,"CSV=1788966000000,0.008686,0.008748,0.008437,0.00857,46926804,0.00919356,0.0094514236,0.0089356964,2.7283045406,5.6096576249,6.9770875866,33.3860462208,37.1222529501,0.00943,-5.0625900078,21060685,2.2281708311,-6.4834172733,0.0091044815,1,0.0093049478,0.0001706605"
2026-09-09T13:00:00.000-03:00,"CSV=1788969600000,0.00857,0.008669,0.008467,0.008664,14691550,0.00917906,0.0094457586,0.0089123614,2.8234745226,5.8110217642,6.4355187572,30.7945864254,39.0093304101,0.00943,-3.5296737557,21293322.3,0.6899604389,-5.1340566001,0.0090893833,1,0.0092985702,0.0001737944"
2026-09-09T14:00:00.000-03:00,"CSV=1788973200000,0.008664,0.008679,0.008581,0.008624,11782080,0.00916556,0.0094427242,0.0088883958,2.9352146294,6.047949559,6.5816741088,29.6002867003,40.649977066,0.00943,-2.0778925854,19932970.8,0.5910849977,-3.8321081114,0.0090893833,1,0.0092918581,0.000166215"
2026-09-09T15:00:00.000-03:00,"CSV=1788976800000,0.008622,0.008658,0.008582,0.008592,8387459,0.00915016,0.0094371974,0.0088631226,3.0415538717,6.2739327891,6.3762025108,28.6762029326,42.1812472782,0.00943,-3.1232382456,19249373.5,0.4357263368,-3.0083644608,0.0090893833,1,0.0092848943,0.0001571935"
2026-09-09T16:00:00.000-03:00,"CSV=1788980400000,0.008594,0.008624,0.008414,0.008453,16183635,0.00913226,0.0094339352,0.0088305848,3.1977660574,6.6068021929,5.8367474723,33.0184240079,44.0329236723,0.00943,-3.844841315,19794211.1,0.817594342,-3.0534164756,0.0090064224,1,0.0092766168,0.0001624741"
2026-09-09T17:00:00.000-03:00,"CSV=1788984000000,0.008452,0.008512,0.008336,0.008503,21902437,0.00911538,0.0094279821,0.0088027779,3.3156841074,6.8587838199,5.4246310211,33.8162683742,45.9208725973,0.009331,-3.0665754674,20313480.6,1.0782217696,-3.1377604594,0.0089154802,1,0.0092689191,0.0001638267"
2026-09-09T18:00:00.000-03:00,"CSV=1788987600000,0.008504,0.008504,0.008328,0.008403,9451866,0.00909468,0.0094192715,0.0087700885,3.4460357566,7.1380513138,5.0431163374,31.7576499657,47.6989697413,0.009199,-4.6954746512,19467516.5,0.4855198659,-2.8517557139,0.0089111322,1,0.009260303,0.0001650441"
2026-09-09T19:00:00.000-03:00,"CSV=1788991200000,0.0084,0.008416,0.007,0.00771,221153107,0.00905934,0.0094328826,0.0086857974,3.9600051745,8.2465751517,3.139674832,55.1689726666,50.4677613067,0.009094,-12.475876944,39911794.6,5.5410464304,-24.9443082783,0.008578419,1,0.0092448771,0.0002901397"
2026-09-09T20:00:00.000-03:00,"CSV=1788994800000,0.007709,0.007916,0.007705,0.007828,53140928,0.00902554,0.0094311362,0.0086199438,4.3006076587,8.987742876,2.9612334337,52.033479614,53.0519667678,0.009053,-9.3981481481,42843273.9,1.2403563772,-20.5152231819,0.008578419,1,0.0092307788,0.0002822257"
2026-09-09T21:00:00.000-03:00,"CSV=1788998400000,0.00783,0.008019,0.007758,0.007778,39257146,0.00898808,0.0094198301,0.0085563299,4.5834166483,9.6071699223,5.5181349677,48.3886617358,54.8169774613,0.009046,-10.4742173112,44287701.2,0.8864119143,-16.7716391271,0.008578419,1,0.0092163233,0.0002801031"
2026-09-09T22:00:00.000-03:00,"CSV=1789002000000,0.007778,0.00809,0.007708,0.007834,39981175,0.0089513,0.00940109,0.00850151,4.7844452744,10.049713596,6.8115394223,43.5994895949,56.0275786514,0.009046,-8.5880980163,43593138.3,0.9171437653,-13.8065996018,0.008578419,1,0.0092025688,0.0002902928"
2026-09-09T23:00:00.000-03:00,"CSV=1789005600000,0.007831,0.007965,0.007815,0.007942,27510424,0.00891932,0.009382685,0.008455955,4.9385118945,10.3901421972,6.5392469144,41.8565921925,57.1574730955,0.009002,-8.3333333333,44875025.7,0.6130453091,-10.9073033708,0.008578419,1,0.0091900258,0.0002762635"
2026-09-10T00:00:00.000-03:00,"CSV=1789009200000,0.007942,0.007969,0.00774,0.007772,28200969,0.0088856,0.009369432,0.008401768,5.1639420091,10.8902502244,6.1379019567,41.2977439402,58.2883842897,0.008902,-9.879406308,46516914.6,0.6062519245,-9.2680052764,0.008578419,1,0.0091759161,0.0002715372"
2026-09-10T01:00:00.000-03:00,"CSV=1789012800000,0.007772,0.007832,0.007744,0.007779,18995532,0.00885606,0.0093610037,0.0083511163,5.3941195851,11.4033494777,5.9866216826,40.2798824521,59.3439014043,0.008902,-9.4622905028,47577721.9,0.3992526595,-7.4379517336,0.0085475504,1,0.0091620165,0.0002531835"
2026-09-10T02:00:00.000-03:00,"CSV=1789016400000,0.007783,0.0078,0.007719,0.00778,12848037,0.00882636,0.0093497141,0.0083030059,5.5975415638,11.8588893902,5.8445591082,40.0564481829,60.3565793353,0.008854,-7.9616704129,47244162.1,0.2719497273,-5.6803591883,0.0084673953,1,0.0091482651,0.0002359651"
2026-09-10T03:00:00.000-03:00,"CSV=1789020000000,0.007781,0.007875,0.007683,0.007793,20794177,0.00879598,0.0093341401,0.0082578199,5.7655031404,12.2365021994,7.7327021496,37.7795971238,60.7340931059,0.008854,-8.3499941197,47133336.1,0.4411777039,-5.0148498701,0.0084673953,1,0.0091347798,0.0002315686"
2026-09-10T04:00:00.000-03:00,"CSV=1789023600000,0.007793,0.007804,0.007721,0.007764,9219195,0.00876488,0.0093166751,0.0082130849,5.9226607582,12.5910464857,7.5343450376,36.810485469,61.0864392918,0.008836,-7.6044269904,47110069,0.1956947887,-3.8392821578,0.0084126352,1,0.0091211402,0.0002167117"
2026-09-10T05:00:00.000-03:00,"CSV=1789027200000,0.007764,0.007912,0.007688,0.007883,22346729,0.00873932,0.0093016726,0.0081769674,6.0457152889,12.8694828713,10.3433691052,34.2686543379,60.5893219785,0.008828,2.2438391699,27229431.2,0.8206829161,-1.9456946142,0.0084126352,1,0.0091088204,0.0002174406"
2026-09-10T06:00:00.000-03:00,"CSV=1789030800000,0.007883,0.007944,0.007826,0.007857,21620368,0.00871224,0.0092837532,0.0081407268,6.1560573471,13.1197756043,10.972639685,32.9831757969,59.888315842,0.00875,0.3704649974,24077375.2,0.8979536939,-1.1862429385,0.0084126352,1,0.0090963645,0.0002074965"
2026-09-10T07:00:00.000-03:00,"CSV=1789034400000,0.007857,0.007933,0.007857,0.007891,9025572,0.00868574,0.0092639599,0.0081075201,6.2416064207,13.3142349872,10.6957704739,32.1509215605,59.2340434478,0.008748,1.4528156338,21054217.8,0.4286823707,-0.5832298089,0.0084126352,1,0.0090843708,0.0001943469"
2026-09-10T08:00:00.000-03:00,"CSV=1789038000000,0.00789,0.00796,0.007855,0.007873,10693915,0.0086592,0.0092436275,0.0080747725,6.322491315,13.4984189989,11.2365294488,30.9932905225,58.4040345679,0.008679,0.4978299719,18125491.8,0.5899930947,-0.2909144574,0.0084126352,1,0.0090723174,0.0001854122"
2026-09-10T09:00:00.000-03:00,"CSV=1789041600000,0.007873,0.008053,0.007711,0.00787,47540174,0.00863282,0.0092224831,0.0080431569,6.3937568455,13.6609624102,9.9822220265,32.23369396,58.0243474007,0.008679,-0.9065726517,20128466.8,2.3618378127,-0.9076688279,0.0084126352,1,0.009060354,0.000201071"
2026-09-10T10:00:00.000-03:00,"CSV=1789045200000,0.00787,0.00796,0.00783,0.00786,19173923,0.00860776,0.0092030819,0.0080124381,6.4687234172,13.8322145351,9.5481407249,30.8319976449,57.6699727114,0.008658,1.1322696861,19225762.2,0.9973036596,-0.2287069847,0.0084126352,1,0.0090484102,0.0001939639"
2026-09-10T11:00:00.000-03:00,"CSV=1789048800000,0.00786,0.007953,0.007762,0.007901,18830433,0.0085823,0.0091800772,0.0079845228,6.5116796927,13.9304667604,8.9364101534,31.1376083392,57.5186731284,0.008624,1.5683249775,19209252.3,0.9802793313,0.3599941969,0.0084126352,1,0.0090369932,0.0001936675"
2026-09-10T12:00:00.000-03:00,"CSV=1789052400000,0.007901,0.00795,0.007843,0.007903,14764016,0.00855522,0.0091524878,0.0079579522,6.5257428792,13.9626525639,8.6054845739,29.9845467733,57.3774601842,0.008512,1.5809768638,19400850.2,0.760998402,0.6410364203,0.0084126352,1,0.0090257097,0.0001850007"
2026-09-10T13:00:00.000-03:00,"CSV=1789056000000,0.007902,0.007902,0.007747,0.007868,22634053,0.00852426,0.0091162033,0.0079323167,6.4933099195,13.888439242,8.1349145236,31.7099960646,57.4967700822,0.008504,0.9624021558,19584837.8,1.1556926451,0.7981046445,0.008370802,1,0.0090141902,0.0001821007"
2026-09-10T14:00:00.000-03:00,"CSV=1789059600000,0.007869,0.007927,0.007847,0.00787,10139289,0.00849566,0.0090839666,0.0079073534,6.4763181229,13.8495790434,8.8091579385,30.7850478935,57.3638382518,0.008416,1.3652756311,19676847.2,0.5152903256,0.7665742045,0.008370802,1,0.0090028052,0.0001718906"
2026-09-10T15:00:00.000-03:00,"CSV=1789063200000,0.007869,0.007886,0.007787,0.00787,8347927,0.00846524,0.009045736,0.007884744,6.4173438288,13.7148144567,8.4811499779,31.8954297975,57.4055660566,0.00809,-0.1649118356,18276967,0.45674575,0.4859418763,0.0083303046,1,0.0089915335,0.0001646015"
2026-09-10T16:00:00.000-03:00,"CSV=1789066800000,0.00787,0.007938,0.007811,0.007924,7988398,0.00843436,0.009001608,0.007867112,6.3016294524,13.4508837573,10.061684529,30.3425636959,56.9248561699,0.00809,0.8527427771,16913770,0.4723014443,0.4582117993,0.0083303046,1,0.0089809113,0.0001608414"
2026-09-10T17:00:00.000-03:00,"CSV=1789070400000,0.007925,0.00797,0.007886,0.007899,12361988,0.00840614,0.0089641465,0.0078481335,6.2248698738,13.2761636598,10.996640491,29.3305992026,56.1607300662,0.00809,0.1013813205,17247411.6,0.7167445346,0.3296960353,0.0083303046,1,0.008970146,0.0001531572"
2026-09-10T18:00:00.000-03:00,"CSV=1789074000000,0.007897,0.00795,0.007871,0.007943,4779701,0.00837864,0.0089247857,0.0078324943,6.1194267252,13.0366198495,10.639097061,28.99429979,55.5041790086,0.008053,0.8891146958,16655990.2,0.2869658869,0.304845886,0.0083303046,1,0.0089599256,0.0001457415"
2026-09-10T19:00:00.000-03:00,"CSV=1789077600000,0.007942,0.007992,0.007926,0.007931,5593756,0.00835082,0.0088834646,0.0078181754,5.9959106266,12.7567016852,12.1378952361,28.1743215832,54.4559378651,0.008053,0.7750952986,12461348.4,0.4488885007,0.3192077128,0.0083303046,1,0.0089496876,0.0001377674"
2026-09-10T20:00:00.000-03:00,"CSV=1789081200000,0.007933,0.00794,0.007808,0.00784,16844939,0.00832334,0.0088460945,0.0078005855,5.9094383111,12.5611712907,11.4443511409,31.6723336864,53.9531761822,0.008053,-0.2544529262,12228450,1.3775203726,0.095967112,0.0082855719,1,0.0089386459,0.0001371906"
2026-09-10T21:00:00.000-03:00,"CSV=1789084800000,0.00784,0.007947,0.007831,0.007874,18925867,0.00829564,0.0088045937,0.0077866863,5.7805476993,12.2703912157,11.168161936,30.0553707515,53.4107357871,0.008053,-0.3417288951,12237993.4,1.5464844915,-0.1121814042,0.0082855719,1,0.0089280524,0.0001350716"
2026-09-10T22:00:00.000-03:00,"CSV=1789088400000,0.007877,0.007894,0.007785,0.007814,14407668,0.0082673,0.0087626507,0.0077719493,5.6529779664,11.9833733901,10.6221954065,30.6491625405,53.0850266407,0.008053,-1.1261546248,12202358.6,1.1807281258,-0.5180150826,0.0082368932,1,0.0089169673,0.0001324644"
2026-09-10T23:00:00.000-03:00,"CSV=1789092000000,0.007814,0.007841,0.007725,0.007752,13178981,0.00823576,0.0087123564,0.0077591636,5.470349837,11.5738285872,10.0613596377,31.7618892014,53.0051104476,0.008053,-1.4743263854,11256851.4,1.1707519742,-0.9207002305,0.0081754539,1,0.0089053756,0.000130818"
2026-09-11T00:00:00.000-03:00,"CSV=1789095600000,0.007752,0.007795,0.007714,0.007762,7861233,0.00820758,0.0086694734,0.0077456866,5.3278134507,11.2552876296,9.679025307,31.0709819796,52.9711424051,0.008053,-1.3722998729,11029045.8,0.7127754425,-0.9398473701,0.0081320085,1,0.0088939987,0.0001258362"
2026-09-11T01:00:00.000-03:00,"CSV=1789099200000,0.007762,0.00778,0.007712,0.007726,10794918,0.0081806,0.008630275,0.007730925,5.2104364469,10.9936922413,9.3591290376,30.1412788786,52.9472325276,0.008053,-1.8297331639,11273744.9,0.9575272543,-1.2105713709,0.0081061577,1,0.0088823769,0.0001200526"
2026-09-11T02:00:00.000-03:00,"CSV=1789102800000,0.007724,0.007784,0.007702,0.007734,8872272,0.00815624,0.008596356,0.007716124,5.1197968828,10.7921288417,8.9758447252,29.4063301039,52.966023546,0.008053,-2.3977788995,11362132.3,0.7808632892,-1.4311600867,0.0080917419,1,0.0088709502,0.0001162473"
2026-09-11T03:00:00.000-03:00,"CSV=1789106400000,0.007735,0.007777,0.007715,0.007747,9774752,0.00813164,0.008559394,0.007703886,4.9974802976,10.5207321095,8.6876224074,28.4620668194,52.9835618298,0.008053,-1.9242942145,11103408.7,0.8803379452,-1.5187831294,0.0080784677,1,0.0088597666,0.0001108226"
2026-09-11T04:00:00.000-03:00,"CSV=1789110000000,0.007746,0.007789,0.007698,0.007703,10561510,0.00810516,0.0085173657,0.0076929543,4.8395919026,10.1714399914,8.2700119744,27.9919102825,53.0771476588,0.008053,-3.0215283898,11681589.6,0.9041158234,-1.9231259623,0.0080700209,1,0.0088482565,0.0001088403"
2026-09-11T05:00:00.000-03:00,"CSV=1789113600000,0.007703,0.007758,0.007621,0.00774,21364768,0.00808034,0.0084760956,0.0076845844,4.6690785699,9.7955175507,7.6749167377,30.0220289975,53.490735314,0.007992,-2.4082713403,13258690.8,1.6113784025,-2.5756294499,0.0080244688,1,0.0088372291,0.0001116563"
2026-09-11T06:00:00.000-03:00,"CSV=1789117200000,0.007741,0.007772,0.007639,0.007708,15925439,0.00805836,0.0084435241,0.0076731959,4.5616510767,9.5593671268,7.873474088,27.931443141,53.6593630926,0.007992,-1.6836734694,13166740.8,1.2095202026,-2.3958986585,0.0080244688,1,0.008825993,0.0001137907"
2026-09-11T07:00:00.000-03:00,"CSV=1789120800000,0.007705,0.007739,0.00764,0.007642,12328339,0.00803382,0.0084054025,0.0076622375,4.4207578563,9.2504559718,7.4592187726,26.4618569508,53.8167490194,0.007992,-2.9464058928,12506988,0.9857160653,-2.5653723135,0.0080244688,1,0.008814212,0.0001123116"
2026-09-11T08:00:00.000-03:00,"CSV=1789124400000,0.007642,0.00769,0.007505,0.007655,34507155,0.0080111,0.0083702114,0.0076519886,4.2903506178,8.9653460137,6.7483357741,30.8944875829,54.5053279112,0.007992,-2.0348093166,14516936.7,2.3770273105,-3.3225139814,0.0079562413,1,0.0088026775,0.0001195804"
2026-09-11T09:00:00.000-03:00,"CSV=1789128000000,0.007657,0.007876,0.007516,0.00784,41846414,0.00799246,0.0083354173,0.0076495027,4.1144583167,8.5820202806,14.1941420449,25.7733184564,52.8030733163,0.007992,1.1351909185,17383680,2.4072241321,-1.3041229964,0.0079562413,1,0.0087930986,0.0001436224"
2026-09-11T10:00:00.000-03:00,"CSV=1789131600000,0.007839,0.008302,0.007795,0.008228,74997853,0.00798068,0.0083047065,0.0076566535,3.9017213584,8.1202731486,28.1656255127,20.6165959311,50.3145324731,0.008302,6.0036073177,24097342,3.1122873635,5.3589017324,0.0075456979,-1,0.0087874758,0.0001799601"
2026-09-11T11:00:00.000-03:00,"CSV=1789135200000,0.008231,0.008575,0.00819,0.008227,105000575,0.00796904,0.0082729296,0.0076651504,3.6733007279,7.6267551067,34.1495901865,17.730330613,49.0701358132,0.008575,6.4845974631,33517907.7,3.1326709274,10.3439711379,0.0077811076,-1,0.0087818989,0.0002004641"
2026-09-11T12:00:00.000-03:00,"CSV=1789138800000,0.008226,0.008269,0.008012,0.008108,38129548,0.0079584,0.008247568,0.007669232,3.5060999752,7.2669878082,31.0414740049,22.4203539859,46.8738433373,0.008575,4.8357900181,36443635.3,1.0462608268,8.5824799794,0.0077811076,-1,0.0087751934,0.0002061177"
2026-09-11T13:00:00.000-03:00,"CSV=1789142400000,0.008104,0.00816,0.008045,0.008134,24967563,0.00794732,0.0082183656,0.0076762744,3.2980479263,6.8210576015,29.7435980343,21.4829359147,44.8239703599,0.008575,4.9954821221,37962916.4,0.657682954,6.8168011325,0.0077811076,-1,0.0087688134,0.0001970059"
2026-09-11T14:00:00.000-03:00,"CSV=1789146000000,0.008133,0.008174,0.008027,0.008127,21250651,0.00793846,0.0081959058,0.0076810142,3.1411510159,6.4860382894,28.1326405767,20.9825900547,42.8062193544,0.008575,5.504348955,39031830.5,0.54444413,5.5434709144,0.0077811076,-1,0.0087624272,0.0001920054"
2026-09-11T15:00:00.000-03:00,"CSV=1789149600000,0.008127,0.008195,0.007891,0.008092,29688431,0.00792702,0.0081638549,0.0076901851,2.9010182429,5.9753834497,25.1182506456,23.527839158,40.1704281396,0.008575,4.5478036176,39864196.8,0.7447392242,4.824623189,0.0077811076,-1,0.0087557563,0.0002032048"
2026-09-11T16:00:00.000-03:00,"CSV=1789153200000,0.008094,0.008176,0.008045,0.008167,14961262,0.00791788,0.0081356951,0.0077000649,2.6772772919,5.5018544846,23.9342038837,22.4187626478,37.7103563391,0.008575,5.9548521017,39767779.1,0.3762156786,3.9631850341,0.0077811076,-1,0.008749898,0.0001959843"
2026-09-11T17:00:00.000-03:00,"CSV=1789156800000,0.008162,0.008203,0.008093,0.008181,12925708,0.00790966,0.0081088377,0.0077104823,2.4563035854,5.0363143406,23.9590721221,21.5066734374,35.5559291181,0.008575,7.0531274535,39827516,0.3245421582,3.4051357581,0.0077811076,-1,0.0087442373,0.0001873859"
2026-09-11T18:00:00.000-03:00,"CSV=1789160400000,0.008179,0.008337,0.008177,0.00822,14775617,0.007905,0.00809387,0.00771613,2.3334944596,4.7784948313,27.5240203808,20.2243689015,34.2047167716,0.008575,7.3807968648,37854362.2,0.3903279871,3.2304010332,0.0077811076,-1,0.008739021,0.0001846473"
2026-09-11T19:00:00.000-03:00,"CSV=1789164000000,0.008222,0.008453,0.008183,0.008359,28041031,0.00790212,0.0080827683,0.0077214717,2.2349811368,4.5721489399,29.0264029366,18.2563106049,33.442940707,0.008575,6.6198979592,36473823.9,0.7687987713,3.8500571612,0.0077811076,-1,0.0087352397,0.0001931826"
2026-09-11T20:00:00.000-03:00,"CSV=1789167600000,0.008361,0.008484,0.008296,0.008345,21004238,0.00790096,0.0080785486,0.0077233714,2.1982738433,4.4953681896,28.1778505568,17.0206573497,32.859069369,0.008575,1.4219737482,31074462.4,0.675932466,2.8870908482,0.007812007,-1,0.0087313567,0.0001926643"
2026-09-11T21:00:00.000-03:00,"CSV=1789171200000,0.008348,0.008368,0.00824,0.008308,14902664,0.00791292,0.0080972539,0.0077285861,2.2764991761,4.659061857,26.8520552496,18.2782989493,31.9349820663,0.008575,0.9845630242,22064671.3,0.6754083846,2.1463879394,0.007812007,-1,0.0087271442,0.0001861979"
2026-09-11T22:00:00.000-03:00,"CSV=1789174800000,0.008308,0.008308,0.008239,0.008293,6277852,0.00792222,0.0081136292,0.0077308108,2.3591073756,4.8322118165,26.1416535128,17.8330679429,31.0655835193,0.008575,2.2816970893,18879501.7,0.3325221237,1.6838302135,0.007812007,-1,0.0087228244,0.0001744781"
2026-09-11T23:00:00.000-03:00,"CSV=1789178400000,0.008297,0.008305,0.008234,0.008283,8157195,0.00793232,0.0081291009,0.0077355391,2.4206974375,4.9614977233,25.4007767705,17.5272470646,30.2172936139,0.008575,1.8318170642,17198464.9,0.4742978543,1.4121624434,0.007812007,-1,0.008718448,0.0001641303"
2026-09-12T00:00:00.000-03:00,"CSV=1789182000000,0.008282,0.008472,0.008231,0.008348,28352535,0.0079426,0.0081472449,0.0077379551,2.5118290484,5.1530950348,29.5022037227,15.8895060636,30.2021001547,0.008575,2.7193306263,17908653.3,1.583175157,2.376500526,0.0078360482,-1,0.008714762,0.0001718173"
2026-09-12T01:00:00.000-03:00,"CSV=1789185600000,0.008347,0.008513,0.008327,0.008421,29799611,0.00795218,0.0081675055,0.0077368545,2.6363678901,5.4155085076,28.9671968398,14.749839193,30.3567148818,0.008575,4.0657439446,17919771.3,1.662945944,3.838037818,0.0079002934,-1,0.008711839,0.0001732355"
2026-09-12T02:00:00.000-03:00,"CSV=1789189200000,0.008415,0.008486,0.008361,0.008426,13804193,0.00796526,0.0081889446,0.0077415754,2.731543487,5.6165042294,27.5446546657,14.0254933604,30.5010219605,0.008575,3.1712991306,17804064.4,0.7753394219,3.3783029569,0.0079182641,-1,0.0087089948,0.000168412"
2026-09-12T03:00:00.000-03:00,"CSV=1789192800000,0.00842,0.008492,0.008317,0.008338,28076726,0.00797644,0.0082044633,0.0077484167,2.779259734,5.7174214605,25.6548398588,14.7882460231,30.2588774524,0.008575,1.919080797,19319166.2,1.4533094084,3.1818746971,0.0079182641,-1,0.0087053033,0.0001690708"
2026-09-12T04:00:00.000-03:00,"CSV=1789196400000,0.008339,0.008499,0.008318,0.008467,15826411,0.00799018,0.0082264998,0.0077538602,2.8726657301,5.9152570215,24.1153835317,13.7433383828,30.0680664467,0.008575,3.00486618,19424245.6,0.8147760961,2.9373475099,0.0079182641,-1,0.0087029321,0.0001702637"
2026-09-12T05:00:00.000-03:00,"CSV=1789200000000,0.008469,0.008497,0.008396,0.008443,16674618,0.00800318,0.008246082,0.007760278,2.9456657353,6.0701374289,23.1379394093,13.1862937351,29.8899761748,0.008575,1.0049048929,18287604.3,0.9117989282,2.2636554081,0.007956488,-1,0.0087003457,0.0001633373"
2026-09-12T06:00:00.000-03:00,"CSV=1789203600000,0.008442,0.008498,0.008403,0.008449,19711672,0.00801688,0.0082651634,0.0077685966,3.0039749352,6.1940165758,22.271217723,12.6688073215,29.7294812011,0.008575,1.2462552427,18158347.7,1.0855432623,1.960058266,0.0079809892,-1,0.0086978448,0.0001565036"
2026-09-12T07:00:00.000-03:00,"CSV=1789207200000,0.008449,0.008499,0.008367,0.008458,19997118,0.00802838,0.0082834205,0.0077733395,3.0789277935,6.3534744785,21.041871745,13.474927152,29.2090156631,0.008513,1.8054886856,18667793.1,1.0712095368,1.9513910769,0.0079809892,-1,0.0086954583,0.0001540532"
2026-09-12T08:00:00.000-03:00,"CSV=1789210800000,0.008459,0.008492,0.008342,0.008353,19222473,0.0080383,0.0082961127,0.0077804873,3.1076330582,6.4146086143,19.7167778429,13.675924222,28.4677706752,0.008513,0.7235017485,19962255.2,0.9629409507,1.5331572051,0.0079809892,-1,0.0086920507,0.0001536479"
2026-09-12T09:00:00.000-03:00,"CSV=1789214400000,0.008364,0.008598,0.008329,0.008496,29355040,0.0080504,0.0083151203,0.0077856797,3.1836016258,6.5765752069,21.8419386801,12.1997504711,28.458229082,0.008598,2.5715320536,22082039.7,1.3293627038,2.1616044046,0.0079809892,-1,0.0086901,0.0001651831"
2026-09-12T10:00:00.000-03:00,"CSV=1789218000000,0.008498,0.008596,0.008401,0.008435,23650873,0.00806164,0.0083304883,0.0077927917,3.2272818818,6.6698175779,20.1524538996,11.2560937267,28.449323595,0.008598,1.0421657882,21611873.5,1.0943462629,1.8212330149,0.0079940056,-1,0.0086875617,0.0001681648"
2026-09-12T11:00:00.000-03:00,"CSV=1789221600000,0.008434,0.008645,0.008408,0.008523,33178054,0.0080747,0.0083497117,0.0077996883,3.2936664844,6.811687228,20.2002809112,10.2260665724,28.7381356267,0.008645,1.2112575704,21949717.8,1.5115480892,1.8244466986,0.008001355,-1,0.0086859242,0.0001750483"
2026-09-12T12:00:00.000-03:00,"CSV=1789225200000,0.008522,0.008552,0.008439,0.008487,15277921,0.00808724,0.008366439,0.007808041,3.3371302505,6.90467862,19.2981491905,9.7693769316,29.0076935229,0.008645,0.7239496796,22097090.6,0.6913996633,1.3831439873,0.008001355,-1,0.0086839449,0.0001688435"
2026-09-12T13:00:00.000-03:00,"CSV=1789228800000,0.008485,0.008512,0.00832,0.00834,32523073,0.00809602,0.0083761254,0.0078159146,3.3440924039,6.9195820246,17.8471492058,13.6949556675,27.9514453547,0.008645,0.0239865675,22541725.3,1.44279431,0.9336318859,0.008001355,-1,0.0086805226,0.0001711591"
2026-09-12T14:00:00.000-03:00,"CSV=1789232400000,0.008341,0.008347,0.008237,0.008317,18539355,0.0081043,0.0083846961,0.0078239039,3.3441414175,6.9196869523,17.0597775235,16.4196346371,26.2154856219,0.008645,-1.7715837959,22813019.7,0.8126655412,0.1425195559,0.008001355,-1,0.0086769054,0.0001650432"
2026-09-12T15:00:00.000-03:00,"CSV=1789236000000,0.008321,0.00837,0.008302,0.008308,6390595,0.0081131,0.0083928457,0.0078333543,3.3331446625,6.8961479109,17.5357185101,15.9534635102,24.7827649116,0.008645,-1.5989577165,21784617.4,0.2933535569,-0.0613402739,0.008001355,-1,0.0086732347,0.0001553389"
2026-09-12T16:00:00.000-03:00,"CSV=1789239600000,0.008308,0.008369,0.008276,0.008342,9207655,0.00812254,0.0084018865,0.0078431935,3.3248073147,6.8783050177,16.8353272717,16.4328943503,23.2112246947,0.008645,-1.2664220618,20734215.7,0.4440802166,-0.2283578438,0.008001355,-1,0.0086699389,0.000149105"
2026-09-12T17:00:00.000-03:00,"CSV=1789243200000,0.008342,0.00839,0.008322,0.008338,5864188,0.0081319,0.0084104674,0.0078533326,3.3121515185,6.8512260238,17.2615237659,15.9343089467,21.9303521715,0.008645,-1.4187751241,19320922.7,0.3035149041,-0.2957783611,0.008001355,-1,0.008666636,0.0001409945"
2026-09-12T18:00:00.000-03:00,"CSV=1789246800000,0.008335,0.008362,0.008271,0.008295,5497547,0.00813932,0.0084171911,0.0078614489,3.3012328962,6.8278696721,16.5418982639,17.606462884,20.6761599693,0.008645,-0.6943613073,17948430.1,0.3062968165,-0.2680791267,0.008001355,-1,0.0086629381,0.0001359951"
2026-09-12T19:00:00.000-03:00,"CSV=1789250400000,0.0083,0.008471,0.0083,0.008448,14841915,0.0081503,0.0084293025,0.0078712975,3.3099115457,6.8464340009,20.1513039235,16.206397255,20.0211002575,0.008645,-0.5649717514,16497117.6,0.8996671637,-0.3481482622,0.008001355,-1,0.0086607994,0.0001399956"
2026-09-12T20:00:00.000-03:00,"CSV=1789254000000,0.008449,0.008505,0.008392,0.008467,16262081,0.00816078,0.0084416341,0.0078799259,3.3270115906,6.8830221251,20.6666975769,15.3658504906,19.6671118794,0.008645,0.3793716657,15758238.4,1.031973282,-0.1015983671,0.008036612,-1,0.0086588711,0.000137296"
2026-09-12T21:00:00.000-03:00,"CSV=1789257600000,0.008472,0.008594,0.008439,0.008536,14827765,0.00817288,0.0084565919,0.0078891681,3.3549205544,6.9427653712,23.2697201862,14.2775575829,19.952564882,0.008645,0.1525284524,13923209.5,1.064967456,-0.0135862988,0.0080993008,-1,0.0086576485,0.0001390664"
2026-09-12T22:00:00.000-03:00,"CSV=1789261200000,0.008544,0.008634,0.008445,0.008595,20010912,0.00818798,0.0084736581,0.0079023019,3.3713669035,6.9779873636,23.0913815454,13.0683438313,20.4703131075,0.008645,1.2725344645,14396508.6,1.3899836798,0.58054318,0.0081073207,-1,0.0086570251,0.0001440598"
2026-09-12T23:00:00.000-03:00,"CSV=1789264800000,0.008597,0.008634,0.008472,0.008529,16035701,0.00820108,0.0084870775,0.0079150825,3.3698000267,6.9746311766,21.4249573705,12.1252472027,20.9535447846,0.008645,2.2661870504,12747771.4,1.2579219141,1.3372575707,0.0081154386,-1,0.0086557512,0.0001458538"
2026-09-13T00:00:00.000-03:00,"CSV=1789268400000,0.008532,0.008537,0.008275,0.00832,26367425,0.0082112,0.008492231,0.007930169,3.3092712681,6.8450642817,19.0435531328,19.1350473444,19.5726183251,0.008645,0.0360706986,13530578.4,1.9487285924,0.9149357144,0.0081154386,-1,0.0086524104,0.0001574684"
2026-09-13T01:00:00.000-03:00,"CSV=1789272000000,0.008321,0.00839,0.008097,0.008188,28496604,0.00821992,0.0084932254,0.0079466146,3.2179222008,6.6498307827,16.8053919745,24.026092607,19.4467203799,0.008645,-1.4443909485,15741179.3,1.8103220513,-0.2616471187,0.0081154386,-1,0.0086477894,0.0001710216"
2026-09-13T02:00:00.000-03:00,"CSV=1789275600000,0.008189,0.008265,0.008182,0.008232,11976513,0.00822932,0.0084946812,0.0079639588,3.1238514322,6.4491652039,16.2265715632,23.1985729142,19.3292156311,0.008645,-1.3186286262,16018065.1,0.7476878715,-0.5030722894,0.0081154386,-1,0.0086436522,0.0001622194"
2026-09-13T03:00:00.000-03:00,"CSV=1789279200000,0.008234,0.008256,0.008055,0.008157,20489694,0.00823794,0.0084936356,0.0079822444,3.0104379728,6.2077566077,14.8954154245,26.4788069725,19.9070438339,0.008645,-2.1707843608,17480615.7,1.1721380043,-1.1835344757,0.0081154386,-1,0.0086388099,0.0001660975"
2026-09-13T04:00:00.000-03:00,"CSV=1789282800000,0.00816,0.00839,0.00813,0.008138,26237892,0.00824602,0.0084918566,0.0080001834,2.8949684779,5.9625509256,18.6362448216,23.7756283335,19.387760526,0.008645,-1.8927064497,19554650.2,1.3417725059,-1.6355501424,0.0081154386,-1,0.0086338267,0.0001754877"
2026-09-13T05:00:00.000-03:00,"CSV=1789286400000,0.008143,0.008267,0.008085,0.008224,23702981,0.00825556,0.0084908766,0.0080202434,2.7714048663,5.7008020377,17.3108196096,23.8431679737,19.153439256,0.008645,-2.6515151515,20440756.8,1.1595941007,-2.1152605375,0.0081154386,-1,0.0086297488,0.000176139"
2026-09-13T06:00:00.000-03:00,"CSV=1789290000000,0.008224,0.008371,0.0082,0.008331,14620229,0.00826812,0.0084899837,0.0080462563,2.6132406976,5.3667268863,20.2176655098,22.2501601548,18.1956075404,0.008645,-1.606235975,20276571.6,0.721040484,-1.7962274133,0.0081154386,-1,0.0086267762,0.0001756251"
2026-09-13T07:00:00.000-03:00,"CSV=1789293600000,0.008329,0.008395,0.008261,0.008263,13708932,0.00827858,0.0084872338,0.0080699262,2.45844281,5.0408110774,20.0951160597,21.0683276662,17.140184496,0.008634,-3.1982193065,20164688.3,0.6798484458,-1.9222530837,0.0081154386,-1,0.0086231565,0.0001714625"
2026-09-13T08:00:00.000-03:00,"CSV=1789297200000,0.00826,0.008321,0.008252,0.00827,7758433,0.00828982,0.0084819145,0.0080977255,2.2647543446,4.6344680047,19.5230093244,20.8398606904,16.2150076325,0.008634,-3.7812681792,18939440.4,0.4096442575,-1.7978269877,0.0081154386,-1,0.0086196426,0.0001612163"
2026-09-13T09:00:00.000-03:00,"CSV=1789300800000,0.008266,0.008365,0.008223,0.008334,12360182,0.00830366,0.0084720476,0.0081352724,1.987566756,4.0557441341,20.2000929183,19.6089051572,15.2330111663,0.008634,-2.2863172705,18571888.5,0.6655317794,-1.7057569256,0.0081154386,-1,0.0086168003,0.0001592947"
2026-09-13T10:00:00.000-03:00,"CSV=1789304400000,0.008332,0.008366,0.008276,0.008307,5552164,0.0083167,0.0084573036,0.0081760964,1.6625108722,3.3812351463,19.4639401317,18.8527019024,14.3238256961,0.008634,-0.15625,16490362.4,0.3366914483,-1.1547072966,0.0081154386,-1,0.0086137177,0.0001523652"
2026-09-13T11:00:00.000-03:00,"CSV=1789308000000,0.008307,0.008353,0.008091,0.008148,19586715,0.00832286,0.008448382,0.008197338,1.4857513851,3.0163177529,17.3741152326,24.4099079613,14.4914690516,0.008634,-0.4885197851,15599373.5,1.2556090794,-0.974268157,0.0081154386,-1,0.0086090837,0.0001633287"
2026-09-13T12:00:00.000-03:00,"CSV=1789311600000,0.008148,0.008263,0.008129,0.008142,14202979,0.00832114,0.0084485254,0.0081937546,1.5077826603,3.0617295478,16.4086876186,23.0535223908,14.6479361833,0.008634,-1.0932944606,15822020.1,0.897671657,-0.9766519213,0.0081154386,-1,0.0086044361,0.0001603958"
2026-09-13T13:00:00.000-03:00,"CSV=1789315200000,0.008144,0.00821,0.008131,0.008157,6194322,0.00831974,0.0084485293,0.0081909507,1.5243985298,3.095992321,15.8522785119,22.2717907803,14.7939721729,0.008634,0,14392482.9,0.4303859204,-0.6511012809,0.0081154386,-1,0.008599984,0.0001522562"
2026-09-13T14:00:00.000-03:00,"CSV=1789318800000,0.008158,0.008199,0.008142,0.008181,4857013,0.0083212,0.0084479787,0.0081944213,1.5006986791,3.0471255309,15.4473436407,21.702874159,14.9302724298,0.008634,0.5283853527,12254395,0.396348657,-0.3642592456,0.0081154386,-1,0.008595815,0.0001427306"
2026-09-13T15:00:00.000-03:00,"CSV=1789322400000,0.008173,0.008467,0.008167,0.008324,36818650,0.008325,0.0084489261,0.0082010739,1.4667675566,2.9772037722,24.7503105193,18.9702705854,14.8162815794,0.008634,1.2159533074,13565961.9,2.7140463958,0.8572117334,0.0081154386,-1,0.0085931104,0.0001584575"
2026-09-13T16:00:00.000-03:00,"CSV=1789326000000,0.008327,0.008332,0.008256,0.008264,7432486,0.00832774,0.008448738,0.008206742,1.4321427096,2.9059020841,23.9324083772,18.3433764325,14.7098901191,0.008634,-0.8042251831,12847187.6,0.5785301991,0.4163849705,0.0081154386,-1,0.0085898357,0.0001502118"
2026-09-13T17:00:00.000-03:00,"CSV=1789329600000,0.008262,0.008309,0.008247,0.008302,3482351,0.00833194,0.0084482356,0.0082156444,1.3765662127,2.7915600985,23.2605435991,18.2359324726,14.5364657693,0.008634,0.4719835411,11824529.5,0.2945022887,0.3239233913,0.0081154386,-1,0.0085869716,0.0001413906"
2026-09-13T18:00:00.000-03:00,"CSV=1789333200000,0.0083,0.008303,0.008264,0.008268,2726030,0.00833396,0.0084482326,0.0082196874,1.3526219523,2.7423373618,22.8286157679,17.8973072497,14.3746030429,0.008634,-0.0241837969,11321289.2,0.2407879484,0.214007872,0.0081154386,-1,0.0085837978,0.0001311516"
2026-09-13T19:00:00.000-03:00,"CSV=1789336800000,0.008268,0.008281,0.007825,0.007991,56784222,0.00833016,0.0084523414,0.0082079786,1.4455331818,2.9334706552,18.5203379983,32.6883768257,15.2607789437,0.008537,-4.1156707463,15763693.2,3.602215628,-4.7991725794,0.0085439092,1,0.0085778993,0.0001636364"
2026-09-13T20:00:00.000-03:00,"CSV=1789340400000,0.007992,0.008122,0.007992,0.008038,11632007,0.00832652,0.0084545024,0.0081985376,1.5137777989,3.0740904973,17.5035731844,30.893788013,16.0878764511,0.008467,-3.2382328157,16371677.5,0.7104957326,-3.9663652519,0.0085381183,1,0.0085725272,0.0001603728"
2026-09-13T21:00:00.000-03:00,"CSV=1789344000000,0.008036,0.008175,0.008031,0.008126,4728406,0.00832186,0.008452783,0.008190937,1.5488748718,3.1464848568,18.6758160142,29.0175547438,16.4609385244,0.008467,-0.2700049092,14885846.6,0.3176444126,-2.6728320182,0.0085381183,1,0.0085680841,0.0001587355"
